1076.	-19.668102196106076
1076.5	-19.618264165135137
1077.	-19.568581626304525
1077.5	-19.51906641349668
1078.	-19.46973036059403
1078.5	-19.420585301479015
1079.	-19.371643070034068
1079.5	-19.322915500141622
1080.	-19.274414425684114
1080.5	-19.226151680543975
1081.	-19.178139098603644
1081.5	-19.13038851374555
1082.	-19.082911759852134
1082.5	-19.03575240363362
1083.	-18.98887785301353
1083.5	-18.942287248743185
1084.	-18.895979731573902
1084.5	-18.849951823316044
1085.	-18.80420633123826
1085.5	-18.758743443668255
1086.	-18.713563348933725
1086.5	-18.668674443016478
1087.	-18.62406542352846
1087.5	-18.579733195735738
1088.	-18.53567466490436
1088.5	-18.49188473763923
1089.	-18.448363117332025
1089.5	-18.405107508713268
1090.	-18.362115616513478
1090.5	-18.319382441294255
1091.	-18.27690947362261
1091.5	-18.23469549989663
1092.	-18.192739306514415
1092.5	-18.15104585995486
1093.	-18.109605294502916
1093.5	-18.068413924524354
1094.	-18.027468064384937
1094.5	-17.986760979145508
1095.	-17.946293252198725
1095.5	-17.90606241763232
1096.	-17.86606600953403
1096.5	-17.826298273439637
1097.	-17.786761347409602
1097.5	-17.747454080952444
1098.	-17.708375323576675
1098.5	-17.669530036649295
1099.	-17.63090851307694
1099.5	-17.592507157624734
1100.	-17.554322375057797
1100.5	-17.51634405760595
1101.	-17.478577727583737
1101.5	-17.441022394770403
1102.	-17.40367706894519
1102.5	-17.36654696325493
1103.	-17.32962240276424
1103.5	-17.292899915905327
1104.	-17.256376031110396
1104.5	-17.220040630595705
1105.	-17.183899547495788
1105.5	-17.147951968729238
1106.	-17.112197081214642
1106.5	-17.076637067216307
1107.	-17.041266920168813
1107.5	-17.006084628852452
1108.	-16.97108818204753
1108.5	-16.936275382892518
1109.	-16.90164448006627
1109.5	-16.867193536605814
1110.	-16.832920615548183
1110.5	-16.798827004073203
1111.	-16.764906251417987
1111.5	-16.73115513096244
1112.	-16.697570416086467
1112.5	-16.664141963779443
1113.	-16.63087623036803
1113.5	-16.597772755788355
1114.	-16.564831079976546
1114.5	-16.532050424391585
1115.	-16.4994307748376
1115.5	-16.466971798641563
1116.	-16.434673163130462
1116.5	-16.402544775979372
1117.	-16.370571968027946
1117.5	-16.338750310463922
1118.	-16.307075374475044
1118.5	-16.27553221386838
1119.	-16.244131124164625
1119.5	-16.21287188350379
1120.	-16.18175427002589
1120.5	-16.150781352943334
1121.	-16.119948302894784
1121.5	-16.0892535815913
1122.	-16.05869565074394
1122.5	-16.02826918069284
1123.	-15.99797794106834
1123.5	-15.967821910129874
1124.	-15.937801066136862
1124.5	-15.907926169487068
1125.	-15.878182103446242
1125.5	-15.848564533418477
1126.	-15.819069124807863
1126.5	-15.789676785074079
1127.	-15.760403840743386
1127.5	-15.731251860397643
1128.	-15.7022224126187
1128.5	-15.673327974678466
1129.	-15.644554842992719
1129.5	-15.615900222667292
1130.	-15.58736131880802
1130.5	-15.5589315482527
1131.	-15.53061341968241
1131.5	-15.502405653510198
1132.	-15.47430697014911
1132.5	-15.446315987293515
1133.	-15.418431569162603
1133.5	-15.390652477256893
1134.	-15.362977473076898
1134.5	-15.335401275658894
1135.	-15.307928305953336
1135.5	-15.280558942446431
1136.	-15.253293563624396
1136.5	-15.22614022563545
1137.	-15.199088558238994
1137.5	-15.172135868856431
1138.	-15.145279464909171
1138.5	-15.118508676334892
1139.	-15.091831979032222
1139.5	-15.06524987141606
1140.	-15.038762851901309
1140.5	-15.012379313357513
1141.	-14.986088701963066
1141.5	-14.959888358351005
1142.	-14.933775623154371
1142.5	-14.907743821902372
1143.	-14.88179591637341
1143.5	-14.855930853242056
1144.	-14.830147579182883
1144.5	-14.804440729254985
1145.	-14.778815286394602
1145.5	-14.753271921922497
1146.	-14.727811307159433
1146.5	-14.702545153514606
1147.	-14.677318676184973
1147.5	-14.652088130455923
1148.	-14.626809771612844
1148.5	-14.601471918398161
1149.	-14.575985937257416
1149.5	-14.550295258093188
1150.	-14.524343310808051
1150.5	-14.497684881462774
1151.	-14.470807501338468
1151.5	-14.443810057874433
1152.	-14.41679143850997
1152.5	-14.39011301529339
1153.	-14.36350619721138
1153.5	-14.33696487785964
1154.	-14.310482950833862
1154.5	-14.284032328862239
1155.	-14.257637678754978
1155.5	-14.23130168645478
1156.	-14.205027037904344
1156.5	-14.178829636597536
1157.	-14.152693663905426
1157.5	-14.126616518750245
1158.	-14.100595600054229
1158.5	-14.07462383192474
1159.	-14.04870487802483
1159.5	-14.022837927202682
1160.	-13.997022168306476
1160.5	-13.9712520017645
1161.	-13.945533320212785
1161.5	-13.919867227867474
1162.	-13.894254828944705
1162.5	-13.86870649658322
1163.	-13.843210358507514
1163.5	-13.817763811364689
1164.	-13.79236425180184
1164.5	-13.767004426039568
1165.	-13.741688241322072
1165.5	-13.71641495446705
1166.	-13.691183822292203
1166.5	-13.665994047337511
1167.	-13.640844962409481
1167.5	-13.615735846036896
1168.	-13.590665976748546
1168.5	-13.565629553732307
1169.	-13.54063296659424
1169.5	-13.515677525599493
1170.	-13.490764541013215
1170.5	-13.46590518342799
1171.	-13.441086958650562
1171.5	-13.416307232815107
1172.	-13.391563372055804
1172.5	-13.366842620522089
1173.	-13.342156515126772
1173.5	-13.317506470797934
1174.	-13.292893902463641
1174.5	-13.268330401904732
1175.	-13.243803136455414
1175.5	-13.219309450302655
1176.	-13.194846687633424
1176.5	-13.170407125262148
1177.	-13.145995201697355
1177.5	-13.12161028807503
1178.	-13.097251755531158
1178.5	-13.072918921327483
1179.	-13.048611232023928
1179.5	-13.024328080306178
1180.	-13.000068858859915
1180.5	-12.97582740428313
1181.	-12.951610887784271
1181.5	-12.927420924484098
1182.	-12.903259129503368
1182.5	-12.879137958022813
1183.	-12.855043849079228
1183.5	-12.830974081769382
1184.	-12.806925935190044
1184.5	-12.782891287848507
1185.	-12.758874979666805
1185.5	-12.734876449977499
1186.	-12.71089513811315
1186.5	-12.686930463190789
1187.	-12.662981892844712
1187.5	-12.639048874493694
1188.	-12.615130855556503
1188.5	-12.591221342760972
1189.	-12.567328100493187
1189.5	-12.54345295244829
1190.	-12.51959772232143
1190.5	-12.495775810077465
1191.	-12.471972832633941
1191.5	-12.448185983178123
1192.	-12.424412454897269
1192.5	-12.400637608366656
1193.	-12.376875202430323
1193.5	-12.353127163320329
1194.	-12.329395417268724
1194.5	-12.30570002395654
1195.	-12.282017522787267
1195.5	-12.258342586613374
1196.	-12.234669888287323
1196.5	-12.210969719647894
1197.	-12.187270886966715
1197.5	-12.163577815501732
1198.	-12.139894930510886
1198.5	-12.116244996099104
1199.	-12.092606763138548
1199.5	-12.06897732134837
1200.	-12.045353760447716
1200.5	-12.021727045220416
1201.	-11.998102840295065
1201.5	-11.974480685364941
1202.	-11.95086012012332
1202.5	-11.927234064249078
1203.	-11.90361132545565
1203.5	-11.879994091442077
1204.	-11.856384549907393
1204.5	-11.832797851538102
1205.	-11.809218035850789
1205.5	-11.785642105349503
1206.	-11.762067062538296
1206.5	-11.738490330868252
1207.	-11.714908323517577
1207.5	-11.691317874611507
1208.	-11.667715818275276
1208.5	-11.644071629219564
1209.	-11.620420444749993
1209.5	-11.596770042757626
1210.	-11.573128201133528
1210.5	-11.549543679048442
1211.	-11.525966880601876
1211.5	-11.502389191173021
1212.	-11.478801996141065
1212.5	-11.45516933094795
1213.	-11.431520870885016
1213.5	-11.407858941306353
1214.	-11.38418586756605
1214.5	-11.360503469610848
1215.	-11.336814780365128
1215.5	-11.31312232734592
1216.	-11.289428638070252
1216.5	-11.26575059867649
1217.	-11.242070634611798
1217.5	-11.218385529944667
1218.	-11.1946920687436
1218.5	-11.170979945195816
1219.	-11.147255869203596
1219.5	-11.12351946078794
1220.	-11.099770339969856
1220.5	-11.076008111794541
1221.	-11.052232417249131
1221.5	-11.028442882344951
1222.	-11.004639133093328
1222.5	-10.980820773375676
1223.	-10.956987460185202
1223.5	-10.933138828385198
1224.	-10.90927451283896
1224.5	-10.885394142536548
1225.	-10.861497360563778
1225.5	-10.837583804133239
1226.	-10.813653110457516
1226.5	-10.789696798200799
1227.	-10.765725870543429
1227.5	-10.741743212117349
1228.	-10.717751707554502
1228.5	-10.693778361801373
1229.	-10.66979229104955
1229.5	-10.645786731805158
1230.	-10.621754920574324
1230.5	-10.59765772254872
1231.	-10.573533694074712
1231.5	-10.54938902018421
1232.	-10.525229885909122
1232.5	-10.501086851596973
1233.	-10.476931976837813
1233.5	-10.452761696537308
1234.	-10.428572445601123
1234.5	-10.404352573828243
1235.	-10.380109835273684
1235.5	-10.355843898885778
1236.	-10.331554433612862
1236.5	-10.307249887072965
1237.	-10.282917638076851
1237.5	-10.258553844104979
1238.	-10.234154662637808
1238.5	-10.209689975613685
1239.	-10.185192726272023
1239.5	-10.160669582310126
1240.	-10.136127211425297
1240.5	-10.111598389042841
1241.	-10.087053232040859
1241.5	-10.062487965025447
1242.	-10.037898812602709
1242.5	-10.013273330202754
1243.	-9.988619879278069
1243.5	-9.963938152105154
1244.	-9.939227840960505
1244.5	-9.914479188117904
1245.	-9.889705115857648
1245.5	-9.864909096457325
1246.	-9.840094602194519
1246.5	-9.815293237782418
1247.	-9.79046909008876
1247.5	-9.765614378416887
1248.	-9.74072132207014
1248.5	-9.715754148179471
1249.	-9.69074426508957
1249.5	-9.665695088972734
1250.	-9.640610036001261
1250.5	-9.615501788364657
1251.	-9.59036078981113
1251.5	-9.565186750106099
1252.	-9.539979379014977
1252.5	-9.514738379246223
1253.	-9.489463470444994
1253.5	-9.464154365199485
1254.	-9.438810776097895
1254.5	-9.413422116052613
1255.	-9.38800251719797
1255.5	-9.362555811992488
1256.	-9.33708583289469
1256.5	-9.31162707005559
1257.	-9.286140435164219
1257.5	-9.260617497602105
1258.	-9.23504982675077
1258.5	-9.209398497665452
1259.	-9.18369777178448
1259.5	-9.157951416219891
1260.	-9.132163198083724
1260.5	-9.106346980318438
1261.	-9.080492395873485
1261.5	-9.054599173528736
1262.	-9.028667042064065
1262.5	-9.002695720923187
1263.	-8.97668495195659
1263.5	-8.950634467678611
1264.	-8.92454400060358
1264.5	-8.898413278106926
1265.	-8.87224203989745
1265.5	-8.84603002054505
1266.	-8.819776954619622
1266.5	-8.793471181208183
1267.	-8.76712838855666
1267.5	-8.7407528694281
1268.	-8.71434891658555
1268.5	-8.68795477133018
1269.	-8.661527198471665
1269.5	-8.635056911357802
1270.	-8.60853462333639
1270.5	-8.58191728171126
1271.	-8.555242872291759
1271.5	-8.528515614843274
1272.	-8.501739729131186
1272.5	-8.474930610535708
1273.	-8.448076832961462
1273.5	-8.421178145927904
1274.	-8.394234298954483
1274.5	-8.367245045544353
1275.	-8.340210129639788
1275.5	-8.313129299166757
1276.	-8.286002302051237
1276.5	-8.258828870907358
1277.	-8.23160877509767
1277.5	-8.204341768672883
1278.	-8.177027605683708
1278.5	-8.149666036815198
1279.	-8.122256820829982
1279.5	-8.09479971312503
1280.	-8.067294469097314
1280.5	-8.039753657404503
1281.	-8.012159094878594
1281.5	-7.9845054116122816
1282.	-7.956787237698258
1282.5	-7.928960962014952
1283.	-7.9010747523550275
1283.5	-7.873138535296884
1284.	-7.84516223741892
1284.5	-7.817193802103366
1285.	-7.789189932403257
1285.5	-7.761145348175462
1286.	-7.733054769276848
1286.5	-7.704913780223143
1287.	-7.6767158903488095
1287.5	-7.64845547364717
1288.	-7.620126904111545
1288.5	-7.591684342461503
1289.	-7.563178461273624
1289.5	-7.534619719850733
1290.	-7.506018577495656
1290.5	-7.477439417142137
1291.	-7.448817205009713
1291.5	-7.4201408309488395
1292.	-7.391399184809973
1292.5	-7.362526310723514
1293.	-7.333587882547999
1293.5	-7.304594728421903
1294.	-7.275557676483707
1294.5	-7.246543318700945
1295.	-7.217484413851418
1295.5	-7.188369484541983
1296.	-7.1591870533794975
1296.5	-7.12988358275002
1297.	-7.100506479569525
1297.5	-7.071061090533189
1298.	-7.041552762336188
1298.5	-7.011986841673699
1299.	-6.982368675240897
1299.5	-6.95270360973296
1300.	-6.9229969918450625