1076.	-0.11851544119761748
1076.5	-0.17938940039246976
1077.	-0.23517192360461003
1077.5	-0.2861987195502659
1078.	-0.33280549694566464
1078.5	-0.37532796450703376
1079.	-0.4141018309506007
1079.5	-0.44946280499259295
1080.	-0.48174659534923786
1080.5	-0.5112889107367629
1081.	-0.5384254598713956
1081.5	-0.5634919514693632
1082.	-0.5868240942468932
1082.5	-0.6092852696286163
1083.	-0.6304724445389954
1083.5	-0.6505102586108968
1084.	-0.6695233514771867
1084.5	-0.6877890960974344
1085.	-0.7052183054471218
1085.5	-0.7218745258284336
1086.	-0.7378213035435547
1086.5	-0.7531861809585575
1087.	-0.7679431098861844
1087.5	-0.7821300382030654
1088.	-0.7957849137858303
1088.5	-0.8089780154141508
1089.	-0.8217020277003982
1089.5	-0.8339819661599858
1090.	-0.8458428463083265
1090.5	-0.8573282687782059
1091.	-0.8684372299207159
1091.5	-0.8791873112043207
1092.	-0.8895960940974844
1092.5	-0.8996924802637234
1093.	-0.9094782028984288
1093.5	-0.9189663153920444
1094.	-0.9281698711350134
1094.5	-0.9371099312735128
1095.	-0.945788338339959
1095.5	-0.954214942622502
1096.	-0.9623995944092915
1096.5	-0.9703569781538174
1097.	-0.978090176312754
1097.5	-0.9856071055081151
1098.	-0.9929156823619151
1098.5	-1.0000279575990592
1099.	-1.0069460600975135
1099.5	-1.0136762528381356
1100.	-1.0202247988017827
1100.5	-1.0266006458869705
1101.	-1.0328062981898354
1101.5	-1.038846944724171
1102.	-1.044727774503772
1102.5	-1.050456146294505
1103.	-1.0560342114572627
1103.5	-1.0614662911050101
1104.	-1.0667567063507124
1104.5	-1.0719114554035674
1105.	-1.0769325114418142
1105.5	-1.0818235247399253
1106.	-1.0865881455723723
1106.5	-1.0912313844505075
1107.	-1.0957549873171706
1107.5	-1.100162060352082
1108.	-1.1044557097349614
1108.5	-1.1086399998265604
1109.	-1.1127166953531549
1109.5	-1.1166885192220526
1110.	-1.1205581943405607
1110.5	-1.1243295773532105
1111.	-1.1280038039351965
1111.5	-1.1315831434989365
1112.	-1.1350698654568487
1112.5	-1.1384667308411032
1113.	-1.1417753207964652
1113.5	-1.1449977080874516
1114.	-1.1481359654785799
1114.5	-1.1511927957895542
1115.	-1.15416938970763
1115.5	-1.157067567975249
1116.	-1.1598891513348537
1116.5	-1.162636447122088
1117.	-1.165310594848912
1117.5	-1.1679132206204872
1118.	-1.1704459505419749
1118.5	-1.1729111539364665
1119.	-1.175309416404022
1119.5	-1.1776420667626313
1120.	-1.1799104338302842
1120.5	-1.1821158165820693
1121.	-1.1842595856160376
1121.5	-1.1863430816873395
1122.	-1.1883676455511247
1122.5	-1.1903350715004672
1123.	-1.192246065337424
1123.5	-1.1941017864019758
1124.	-1.1959033940341028
1124.5	-1.1976523403056147
1125.	-1.199349374731932
1125.5	-1.2009955395603034
1126.	-1.2025918770379782
1126.5	-1.2041398373684096
1127.	-1.205639891660161
1127.5	-1.2070929189779995
1128.	-1.208499798386693
1128.5	-1.2098613201735988
1129.	-1.211178487691858
1129.5	-1.2124522155172022
1130.	-1.2136834182253624
1130.5	-1.2148735345956914
1131.	-1.2160227453188506
1131.5	-1.2171317552891223
1132.	-1.2182012694007895
1132.5	-1.2192320121153124
1133.	-1.220224660932925
1133.5	-1.2211799129210392
1134.	-1.2220984651470663
1134.5	-1.2229807981016514
1135.	-1.2238279120596796
1135.5	-1.2246405907192692
1136.	-1.2254196177785388
1136.5	-1.2261666469101304
1137.	-1.2268812438478292
1137.5	-1.227563844299944
1138.	-1.2282148839747833
1138.5	-1.2288341906927678
1139.	-1.22942305120525
1139.5	-1.2299821443756942
1140.	-1.2305121490675646
1140.5	-1.2310144569456607
1141.	-1.2314887489515776
1141.5	-1.231935418828245
1142.	-1.2323548603185932
1142.5	-1.2327473692624442
1143.	-1.2331134764670797
1143.5	-1.2334536148366728
1144.	-1.233768217275397
1144.5	-1.2340758170994155
1145.	-1.234351506636116
1145.5	-1.2345884786248758
1146.	-1.2347799258050722
1146.5	-1.234863387550166
1147.	-1.2349099713118181
1147.5	-1.2349351311757728
1148.	-1.234954321227774
1148.5	-1.234977417421178
1149.	-1.2350276832270726
1149.5	-1.2351228039841566
1150.	-1.23528046503113
1150.5	-1.235623888635061
1151.	-1.2360230084349324
1151.5	-1.2364532949980964
1152.	-1.2368902188919044
1152.5	-1.237247395522811
1153.	-1.2375868926834244
1153.5	-1.2379089230054559
1154.	-1.2382136991206165
1154.5	-1.2385009838614904
1155.	-1.238771619578566
1155.5	-1.2390259988232053
1156.	-1.2392645141467695
1156.5	-1.2394878344784472
1157.	-1.239695965440643
1157.5	-1.2398891890335877
1158.	-1.2400677872575123
1158.5	-1.2402323693274364
1159.	-1.2403827591428873
1159.5	-1.2405191078181808
1160.	-1.2406415664676325
1160.5	-1.2407500708916799
1161.	-1.2408450736440686
1161.5	-1.2409268119646657
1162.	-1.240995523093338
1162.5	-1.241051471928018
1163.	-1.2410948569872815
1163.5	-1.2411259044477698
1164.	-1.2411448404861238
1164.5	-1.2411519317390702
1165.	-1.2411473477391306
1165.5	-1.2411312984789116
1166.	-1.2411039939510207
1166.5	-1.2410656586157687
1167.	-1.2410164822109768
1167.5	-1.2409566689421703
1168.	-1.2408864230148742
1168.5	-1.2408059842221562
1169.	-1.2407155069469822
1169.5	-1.2406151811598605
1170.	-1.2405051968312992
1170.5	-1.2403857656944046
1171.	-1.240257047252048
1171.5	-1.2401192227696984
1172.	-1.239972473512825
1172.5	-1.2398173638733374
1173.	-1.239653538739688
1173.5	-1.23948102612677
1174.	-1.2392998540494755
1174.5	-1.2391090022133167
1175.	-1.23890996626632
1175.5	-1.2387031935471315
1176.	-1.2384891313943962
1176.5	-1.2382696811468803
1177.	-1.2380432545430604
1177.5	-1.2378097173215339
1178.	-1.2375689352208976
1178.5	-1.237319706987533
1179.	-1.2370633921491399
1179.5	-1.2368002832412015
1180.	-1.2365306727992016
1180.5	-1.2362556287796456
1181.	-1.2359743581285867
1181.5	-1.2356868432130996
1182.	-1.2353930664002595
1182.5	-1.235091827218571
1183.	-1.2347847640091072
1183.5	-1.2344723322743711
1184.	-1.234154987516866
1184.5	-1.2338352356489368
1185.	-1.2335106615993077
1185.5	-1.2331809007065444
1186.	-1.2328455883092133
1186.5	-1.2325023309940186
1187.	-1.232153604352133
1187.5	-1.2317998552228668
1188.	-1.231441530445531
1188.5	-1.2310798791843742
1189.	-1.230714225023794
1189.5	-1.230344693873126
1190.	-1.229971411641706
1190.5	-1.2295949931839674
1191.	-1.229214879886109
1191.5	-1.2288310020794266
1192.	-1.2284432900952174
1192.5	-1.2280507678666481
1193.	-1.2276546346823964
1193.5	-1.2272551834330103
1194.	-1.2268527070090383
1194.5	-1.2264484505277535
1195.	-1.226041373762289
1195.5	-1.2256313887125023
1196.	-1.2252184073782515
1196.5	-1.2248018909486273
1197.	-1.224382382558562
1197.5	-1.2239599745322205
1198.	-1.2235347591937673
1198.5	-1.2231063149143826
1199.	-1.22267545355241
1199.5	-1.222242473013209
1200.	-1.2218076712021384
1200.5	-1.2213723705389803
1201.	-1.2209354346089012
1201.5	-1.2204967515114906
1202.	-1.2200562093463385
1202.5	-1.2196132123630297
1203.	-1.21916832605116
1203.5	-1.218721632050322
1204.	-1.2182732120001067
1204.5	-1.2178231436464928
1205.	-1.2173715140801302
1205.5	-1.2169184064980556
1206.	-1.2164639040973055
1206.5	-1.216007534924013
1207.	-1.2155501593864804
1207.5	-1.2150920827421061
1208.	-1.2146336102482886
1208.5	-1.2141761673501457
1209.	-1.2137184910422687
1209.5	-1.2132604385069687
1210.	-1.2128018669265566
1210.5	-1.2123420891965904
1211.	-1.2118817245008349
1211.5	-1.2114208477363015
1212.	-1.2109595338000025
1212.5	-1.210497246512293
1213.	-1.210034916277504
1213.5	-1.2095728624233102
1214.	-1.2091114042773865
1214.5	-1.2086527145768942
1215.	-1.2081945178762261
1215.5	-1.207736392139262
1216.	-1.2072779153298818
1216.5	-1.2068161747378894
1217.	-1.2063542352708707
1217.5	-1.205892671162336
1218.	-1.2054320566457952
1218.5	-1.2049748577818238
1219.	-1.2045190002460409
1219.5	-1.2040643015411305
1220.	-1.2036105791697769
1220.5	-1.203157030452141
1221.	-1.2027043411464395
1221.5	-1.2022525768283663
1222.	-1.2018018030736144
1222.5	-1.201352090003479
1223.	-1.2009034968298118
1223.5	-1.2004560873100656
1224.	-1.2000099252016934
1224.5	-1.1995650746471997
1225.	-1.1991215988649657
1225.5	-1.1986795614584236
1226.	-1.1982390260310054
1226.5	-1.1977993219581498
1227.	-1.197361540762481
1227.5	-1.1969260397386283
1228.	-1.1964931761812225
1228.5	-1.1960655026214266
1229.	-1.195640303022724
1229.5	-1.195217056585131
1230.	-1.1947952425086645
1230.5	-1.1943721678333783
1231.	-1.1939503527832367
1231.5	-1.1935301454222416
1232.	-1.1931118938143948
1232.5	-1.1926966681989446
1233.	-1.1922838055945475
1233.5	-1.1918733651951063
1234.	-1.1914654061945245
1234.5	-1.1910591746216919
1235.	-1.1906558681015298
1235.5	-1.1902558710939464
1236.	-1.1898595680588495
1236.5	-1.189469760587037
1237.	-1.1890834491551718
1237.5	-1.1887000513708066
1238.	-1.1883189848414937
1238.5	-1.187937275549444
1239.	-1.1875576893776882
1239.5	-1.187180600583916
1240.	-1.1868063834258162
1240.5	-1.1864353328828563
1241.	-1.1860679342022362
1241.5	-1.1857045933529338
1242.	-1.1853457163039267
1242.5	-1.1849942975708085
1243.	-1.1846471191572958
1243.5	-1.18430355161372
1244.	-1.183962965490413
1244.5	-1.1836221713111572
1245.	-1.1832841236634533
1245.5	-1.182949217108253
1246.	-1.1826178462065076
1246.5	-1.1822912398959076
1247.	-1.1819686246099699
1247.5	-1.1816500611589502
1248.	-1.1813356103531045
1248.5	-1.181025350852333
1249.	-1.1807193184773892
1249.5	-1.1804175668986712
1250.	-1.1801201497865772
1250.5	-1.179828079953149
1251.	-1.1795400682704835
1251.5	-1.1792557847523204
1252.	-1.1789748994124005
1252.5	-1.1786941975479477
1253.	-1.1784173877758253
1253.5	-1.1781452939963803
1254.	-1.1778787401099597
1254.5	-1.1776214112916035
1255.	-1.1773701256570883
1255.5	-1.1771245625968836
1256.	-1.176884401501459
1256.5	-1.1766494251261141
1257.	-1.176419168150557
1257.5	-1.176193268619325
1258.	-1.1759713645769563
1258.5	-1.1757510449964432
1259.	-1.1755348166224868
1259.5	-1.1753231371282427
1260.	-1.1751164641868668
1260.5	-1.1749162649054312
1261.	-1.1747215837496088
1261.5	-1.1745324746189887
1262.	-1.1743489914131604
1262.5	-1.1741711739437792
1263.	-1.1739990958335418
1263.5	-1.1738328166172107
1264.	-1.1736723958295487
1264.5	-1.1735179022740856
1265.	-1.17336938250931
1265.5	-1.1732268923624782
1266.	-1.1730904876608457
1266.5	-1.1729613740478213
1267.	-1.172837997608047
1267.5	-1.1727199542423177
1268.	-1.172606839851428
1268.5	-1.1724959899212684
1269.	-1.1723901649334998
1269.5	-1.1722898649548794
1270.	-1.1721955900521634
1270.5	-1.1721089430861018
1271.	-1.1720288802118608
1271.5	-1.1719554603786002
1272.	-1.1718887425354791
1272.5	-1.1718287867928834
1273.	-1.171775650474256
1273.5	-1.1717293920642657
1274.	-1.1716900700475819
1274.5	-1.1716590018140618
1275.	-1.1716344833811108
1275.5	-1.1716160696713223
1276.	-1.1716033156072896
1276.5	-1.171592019324623
1277.	-1.1715869952476932
1277.5	-1.171589301013887
1278.	-1.1715999942605912
1278.5	-1.1716251765532824
1279.	-1.1716588440300226
1279.5	-1.1717000367569632
1280.	-1.1717477948002557
1280.5	-1.1717986825573392
1281.	-1.171855206030562
1281.5	-1.171917395553561
1282.	-1.1719852814599716
1282.5	-1.172056176161906
1283.	-1.1721339150831347
1283.5	-1.1722196157259046
1284.	-1.1723143955924615
1284.5	-1.1724247088855615
1285.	-1.1725442017267373
1285.5	-1.1726718569380317
1286.	-1.1728066573414868
1286.5	-1.1729435552061402
1287.	-1.1730871761282413
1287.5	-1.1732381151510347
1288.	-1.1733969673177644
1288.5	-1.1735671134579342
1289.	-1.1737452485140258
1289.5	-1.1739308532147799
1290.	-1.1741234082889374
1290.5	-1.1743195395581227
1291.	-1.1745227246210392
1291.5	-1.1747335861692745
1292.	-1.1749527468944154
1292.5	-1.1751822323232333
1293.	-1.1754207011780577
1293.5	-1.175668215016403
1294.	-1.1759248353957825
1294.5	-1.1761906164801734
1295.	-1.176465630178041
1295.5	-1.1767499410043134
1296.	-1.1770436134739195
1296.5	-1.1773482827580657
1297.	-1.177661814452891
1297.5	-1.1779836448108125
1298.	-1.1783132100842475
1298.5	-1.1786499465256128
1299.	-1.178993290387326
1299.5	-1.1793426779218037
1300.	-1.1796975453814633