1076.	-0.2264667798872002
1076.5	-0.3471085966956655
1077.	-0.4584478642183477
1077.5	-0.5611119569002491
1078.	-0.6557282491863716
1078.5	-0.7429241155217177
1079.	-0.8233269303512892
1079.5	-0.8975640681200885
1080.	-0.9662629032731177
1080.5	-1.030050810255379
1081.	-1.0895551635118743
1081.5	-1.145403337487606
1082.	-1.1982227066275764
1082.5	-1.2496387811695504
1083.	-1.298881545448662
1083.5	-1.3461791195928081
1084.	-1.3917596237298855
1084.5	-1.4361361228262668
1085.	-1.4791378142359832
1085.5	-1.520878840151541
1086.	-1.5614733427654466
1086.5	-1.6011538477103964
1087.	-1.6398687603626314
1087.5	-1.6776848695385829
1088.	-1.7146689640546813
1088.5	-1.7509457639161243
1089.	-1.7865009542750694
1089.5	-1.8213781514724405
1090.	-1.855620971849162
1090.5	-1.889307481321209
1091.	-1.922433066824434
1091.5	-1.9550275648697408
1092.	-1.987120811968033
1092.5	-2.01876182266337
1093.	-2.049953584220238
1093.5	-2.080718261936277
1094.	-2.11107802110913
1094.5	-2.141069730990777
1095.	-2.1706949713427846
1095.5	-2.1999700258810577
1096.	-2.2289111783215025
1096.5	-2.2575432294709095
1097.	-2.2858705391179446
1097.5	-2.31390598414216
1098.	-2.341662441423107
1098.5	-2.369160208140413
1099.	-2.396401772753523
1099.5	-2.4233970440219577
1100.	-2.450155930705239
1100.5	-2.476691437390534
1101.	-2.503009138678659
1101.5	-2.5291177049980758
1102.	-2.5550258067772478
1102.5	-2.5807464879965587
1103.	-2.606282296111781
1103.5	-2.6316401521306085
1104.	-2.656826977060735
1104.5	-2.681853540878433
1105.	-2.706721376035386
1105.5	-2.731435863951857
1106.	-2.7560023860481087
1106.5	-2.780426451634654
1107.	-2.804713263085405
1107.5	-2.828868150664524
1108.	-2.8528964446361726
1108.5	-2.8768073617676437
1109.	-2.900600791218718
1109.5	-2.924280508652305
1110.	-2.947850289731316
1110.5	-2.971315568270856
1111.	-2.9946777985207618
1111.5	-3.0179400928830664
1112.	-3.041105563759801
1112.5	-3.0641747056048296
1113.	-3.0871542959476206
1113.5	-3.110048494369474
1114.	-3.1328614604516902
1114.5	-3.1556034037071785
1115.	-3.1782700138129845
1115.5	-3.200863030377764
1116.	-3.2233841930101725
1116.5	-3.245833604115688
1117.	-3.268215295387415
1117.5	-3.2905316613152817
1118.	-3.3127850963892143
1118.5	-3.334975552064451
1119.	-3.3571088430794838
1119.5	-3.379188341138116
1120.	-3.40121741794415
1120.5	-3.4232075901376287
1121.	-3.445150826511619
1121.5	-3.4670472407954285
1122.	-3.4888969467183633
1122.5	-3.5106928709839877
1123.	-3.532445189157649
1123.5	-3.5541568897789513
1124.	-3.5758309613874983
1124.5	-3.5974755708808304
1125.	-3.6190864570974406
1125.5	-3.640664537233759
1126.	-3.662210728486215
1126.5	-3.6837247370501958
1127.	-3.7052091755235907
1127.5	-3.7266654455032455
1128.	-3.7480949485860067
1128.5	-3.769499400956308
1129.	-3.7908797637883733
1129.5	-3.8122373128440152
1130.	-3.8335733238850453
1130.5	-3.8548893378335665
1131.	-3.8761862592269822
1131.5	-3.8974652577629882
1132.	-3.9187275031392788
1132.5	-3.9399765505547903
1133.	-3.961210230005481
1133.5	-3.9824287569885484
1134.	-4.003632347001192
1134.5	-4.0248150659045665
1135.	-4.0459857386863325
1135.5	-4.067147040698104
1136.	-4.088301647291496
1136.5	-4.109461002125638
1137.	-4.130615504921629
1137.5	-4.151764323708079
1138.	-4.1729066265136
1138.5	-4.194037657547492
1139.	-4.215162078185401
1139.5	-4.236280625983664
1140.	-4.257394038498616
1140.5	-4.27850064705765
1141.	-4.299604557937624
1141.5	-4.32070747118645
1142.	-4.3418110868520445
1142.5	-4.36291948813512
1143.	-4.3840310386696695
1143.5	-4.405146485242486
1144.	-4.426266574640364
1144.5	-4.447397626534497
1145.	-4.4685325856735165
1145.5	-4.489669969690454
1146.	-4.510808296218344
1146.5	-4.5318844760389085
1147.	-4.552983276377012
1147.5	-4.574127857606212
1148.	-4.595341380100062
1148.5	-4.616647281535137
1149.	-4.638068334060769
1149.5	-4.659627587129306
1150.	-4.681348090193098
1150.5	-4.703410535824039
1151.	-4.725617273107116
1151.5	-4.74792829424686
1152.	-4.770303591447801
1152.5	-4.792601991098348
1153.	-4.814925117545605
1153.5	-4.837273429320552
1154.	-4.8596473849541715
1154.5	-4.882044215210459
1155.	-4.904468897494174
1155.5	-4.926923181443089
1156.	-4.949408816694982
1156.5	-4.971937400663153
1157.	-4.994496896099638
1157.5	-5.0170851135320005
1158.	-5.0396998634878045
1158.5	-5.062325841423843
1159.	-5.084979218966758
1159.5	-5.107663052672422
1160.	-5.130380399096705
1160.5	-5.153144370287293
1161.	-5.17594394511152
1161.5	-5.19877815792853
1162.	-5.221646043097468
1162.5	-5.2445434045132195
1163.	-5.267473799184897
1163.5	-5.290437553657349
1164.	-5.313434994475426
1164.5	-5.33646650253883
1165.	-5.359532328295618
1165.5	-5.382632776548701
1166.	-5.405768152100989
1166.5	-5.428938798550495
1167.	-5.452144966386983
1167.5	-5.475386944895324
1168.	-5.498665023360384
1168.5	-5.521979553723531
1169.	-5.545330737550534
1169.5	-5.568718839063665
1170.	-5.59214412248519
1170.5	-5.6156025638736935
1171.	-5.639100430880604
1171.5	-5.6626397029936655
1172.	-5.686222359700621
1172.5	-5.709863230070353
1173.	-5.733546304177011
1173.5	-5.757268421675884
1174.	-5.78102642222226
1174.5	-5.804799926019347
1175.	-5.828609879955344
1175.5	-5.852460011466375
1176.	-5.876354047988558
1176.5	-5.900313565418289
1177.	-5.924317303347302
1177.5	-5.94836184982761
1178.	-5.972443792911222
1178.5	-5.996541359883696
1179.	-6.020676843870076
1179.5	-6.044854177228955
1180.	-6.069077292318924
1180.5	-6.093364086841363
1181.	-6.11769894167496
1181.5	-6.142080203041192
1182.	-6.166506217161534
1182.5	-6.190970758597675
1183.	-6.215478573894794
1183.5	-6.240029837938284
1184.	-6.264624725613535
1184.5	-6.289263447820302
1185.	-6.313946129023869
1185.5	-6.338672929703883
1186.	-6.363444010339989
1186.5	-6.388259546330156
1187.	-6.413119677268381
1187.5	-6.4380245576669815
1188.	-6.462974342038275
1188.5	-6.4879692100887265
1189.	-6.5130092810588485
1189.5	-6.538094699383302
1190.	-6.563225609496743
1190.5	-6.588402175789606
1191.	-6.613624514758469
1191.5	-6.63889276285568
1192.	-6.664207056533591
1192.5	-6.689561558781535
1193.	-6.714964768900085
1193.5	-6.740419212726797
1194.	-6.765927416099228
1194.5	-6.79150974665867
1195.	-6.81714375171745
1195.5	-6.84282482039163
1196.	-6.8685483417972755
1196.5	-6.894285725485975
1197.	-6.920065931964053
1197.5	-6.9458939421733605
1198.	-6.971774737055748
1198.5	-6.997731477165675
1199.	-7.023743691987343
1199.5	-7.049809090617559
1200.	-7.075925382153132
1200.5	-7.102090989550621
1201.	-7.128302622503183
1201.5	-7.154557704563729
1202.	-7.180853659285166
1202.5	-7.20716801386022
1203.	-7.233526046746055
1203.5	-7.259933140039656
1204.	-7.286394675838001
1204.5	-7.312935787529366
1205.	-7.339534205402923
1205.5	-7.36618741103914
1206.	-7.3928928860184815
1206.5	-7.4196416046683105
1207.	-7.446440158723437
1207.5	-7.473288632665569
1208.	-7.500187110976412
1208.5	-7.527135689733637
1209.	-7.554134437184603
1209.5	-7.581183433172632
1210.	-7.608282757541047
1210.5	-7.635432501092903
1211.	-7.662632728327895
1211.5	-7.689883514705452
1212.	-7.717184935685003
1212.5	-7.744529248966655
1213.	-7.7719274748728875
1213.5	-7.7993828159668555
1214.	-7.826898474811717
1214.5	-7.854500964562564
1215.	-7.882160852953844
1215.5	-7.90987201831194
1216.	-7.937628338963235
1216.5	-7.965400604869581
1217.	-7.993215018067705
1217.5	-8.021074692229801
1218.	-8.048982741028066
1218.5	-8.07694147053454
1219.	-8.104955125061638
1219.5	-8.133027141321612
1220.	-8.161160956026725
1220.5	-8.189385147053043
1221.	-8.217667953483488
1221.5	-8.246002755564792
1222.	-8.27438293354369
1222.5	-8.302768094342035
1223.	-8.33119890086139
1223.5	-8.359682242678435
1224.	-8.388225009369854
1224.5	-8.416859633193988
1225.	-8.445557243973202
1225.5	-8.474314514211512
1226.	-8.50312811641294
1226.5	-8.531986292731789
1227.	-8.560897518161681
1227.5	-8.589861837346527
1228.	-8.618879294930235
1228.5	-8.647949938448408
1229.	-8.677073808496576
1229.5	-8.706250948561967
1230.	-8.73548140213181
1230.5	-8.764765223066389
1231.	-8.79410244033065
1231.5	-8.823493093262602
1232.	-8.852937221200248
1232.5	-8.882434869636905
1233.	-8.911986069293143
1233.5	-8.941590857044842
1234.	-8.971249269767881
1234.5	-9.000961354106499
1235.	-9.030727133260877
1235.5	-9.060546640199554
1236.	-9.09041990789107
1236.5	-9.120346974889824
1237.	-9.150327866344146
1237.5	-9.180362612988231
1238.	-9.210451245556271
1238.5	-9.240593804014091
1239.	-9.2707903061716
1239.5	-9.301040779070341
1240.	-9.331345249751854
1240.5	-9.361692847993503
1241.	-9.392098857006678
1241.5	-9.42256766273859
1242.	-9.45310365113645
1242.5	-9.48374366611974
1243.	-9.514446652474495
1243.5	-9.545204012959017
1244.	-9.57600715033161
1244.5	-9.606803886040726
1245.	-9.637646636678463
1245.5	-9.668544237527067
1246.	-9.699505523868783
1246.5	-9.730583886186741
1247.	-9.76172578248195
1247.5	-9.792922225956302
1248.	-9.824164229811691
1248.5	-9.855397288034915
1249.	-9.886676140729
1249.5	-9.918010008781877
1250.	-9.949408113081478
1250.5	-9.980914057457111
1251.	-10.01248892667878
1251.5	-10.044128188457863
1252.	-10.075827310505744
1252.5	-10.107570393297019
1253.	-10.139368818674564
1253.5	-10.171222601244471
1254.	-10.203131755612834
1254.5	-10.235108952416704
1255.	-10.267136487818831
1255.5	-10.299209314012929
1256.	-10.331322383192703
1256.5	-10.363432955764424
1257.	-10.395588752424217
1257.5	-10.42779980208077
1258.	-10.460076133642769
1258.5	-10.492465216888755
1259.	-10.524924663509616
1259.5	-10.55744952606609
1260.	-10.590034857118924
1260.5	-10.62264986869972
1261.	-10.655325790110012
1261.5	-10.688068010122207
1262.	-10.720881917508699
1262.5	-10.753812986150555
1263.	-10.78681048566804
1263.5	-10.819863770790086
1264.	-10.852962196245628
1264.5	-10.886055311108683
1265.	-10.919188198025061
1265.5	-10.952366133985661
1266.	-10.985594395981382
1266.5	-11.018877166151329
1267.	-11.052221254278907
1267.5	-11.085632375295729
1268.	-11.119116244133407
1268.5	-11.152721136990916
1269.	-11.186393183025563
1269.5	-11.22012107266202
1270.	-11.25389349632495
1270.5	-11.287642021984654
1271.	-11.32143531150192
1271.5	-11.355284904283172
1272.	-11.389202339734824
1272.5	-11.423257413589374
1273.	-11.457380106396732
1273.5	-11.491558655032891
1274.	-11.52578129637384
1274.5	-11.559976882872308
1275.	-11.594216789596844
1275.5	-11.628513007192748
1276.	-11.662877526305307
1276.5	-11.697367160064285
1277.	-11.731931147636718
1277.5	-11.766563550674112
1278.	-11.801258430827973
1278.5	-11.836011027579529
1279.	-11.87081375361867
1279.5	-11.905660199465016
1280.	-11.94054395563818
1280.5	-11.975410860675833
1281.	-12.010321357872316
1281.5	-12.04528813854002
1282.	-12.080323893991341
1282.5	-12.115488774368584
1283.	-12.150729028622266
1283.5	-12.186038364532818
1284.	-12.22141048988067
1284.5	-12.256823399273234
1285.	-12.292292798933163
1285.5	-12.327818681910095
1286.	-12.363401041253665
1286.5	-12.399022625459496
1287.	-12.434707569952844
1287.5	-12.47046276560495
1288.	-12.506295103287057
1288.5	-12.5422628854314
1289.	-12.57830102672383
1289.5	-12.61439585341119
1290.	-12.650533691740323
1290.5	-12.686649775472995
1291.	-12.722801960335161
1291.5	-12.758997009567693
1292.	-12.795241686411469
1292.5	-12.831541501320423
1293.	-12.867904971437145
1293.5	-12.904339361117284
1294.	-12.94085193471649
1294.5	-12.977504191932402
1295.	-13.014227467641888
1295.5	-13.051007332063799
1296.	-13.087829355416991
1296.5	-13.124606358727306
1297.	-13.161425761083816
1297.5	-13.19830223238258
1298.	-13.235250442519657
1298.5	-13.272285061391107
1299.	-13.309420758892989
1299.5	-13.346672204921362
1300.	-13.384054069372286