1076.	-0.1213922900452471
1076.5	-0.1852737818845666
1077.	-0.244078507120775
1077.5	-0.2981445750817163
1078.	-0.34781009509523475
1078.5	-0.39341317648917434
1079.	-0.4352919285913793
1079.5	-0.4737844607296936
1080.	-0.5092288822319615
1080.5	-0.5419633024260271
1081.	-0.5723258306397343
1081.5	-0.6006545762009275
1082.	-0.6272876484374508
1082.5	-0.6530995716354352
1083.	-0.677677474181123
1083.5	-0.7011448994190436
1084.	-0.723625390693726
1084.5	-0.7453962111986846
1085.	-0.7663656964898697
1085.5	-0.7865959019722168
1086.	-0.8061488830506613
1086.5	-0.825150433095395
1087.	-0.8435733743599941
1087.5	-0.8614542670632914
1088.	-0.8788296714241195
1088.5	-0.895768139496729
1089.	-0.9122614429303677
1089.5	-0.9283333452097011
1090.	-0.944007609819395
1090.5	-0.9593261006032582
1091.	-0.9742872405431555
1091.5	-0.9889075529800954
1092.	-1.003203561255086
1092.5	-1.0172029351973422
1093.	-1.030906593064383
1093.5	-1.0443265996019344
1094.	-1.057475019555722
1094.5	-1.070371212820599
1095.	-1.083017030933513
1095.5	-1.0954216205805383
1096.	-1.10759412844775
1096.5	-1.1195487125110344
1097.	-1.13128750365073
1097.5	-1.1428176440369866
1098.	-1.1541462758399543
1098.5	-1.165284116969105
1099.	-1.1762333035595387
1099.5	-1.186999547485676
1100.	-1.1975885606219387
1100.5	-1.2080086868517608
1101.	-1.2182619532369456
1101.5	-1.22835301884831
1102.	-1.2382865427566703
1102.5	-1.2480691722382402
1103.	-1.2577027828762795
1103.5	-1.267191238459446
1104.	-1.2765384027763966
1104.5	-1.2857496747251733
1105.	-1.2948267689412956
1105.5	-1.303772935169667
1106.	-1.3125914231551912
1106.5	-1.3212866903573992
1107.	-1.3298602957207168
1107.5	-1.3383150059041966
1108.	-1.346653587566892
1108.5	-1.3548797730782798
1109.	-1.3629949771028187
1109.5	-1.3710015800153923
1110.	-1.3789019621908833
1110.5	-1.3866992872581907
1111.	-1.3943948390365755
1111.5	-1.4019906845993149
1112.	-1.4094888910196852
1112.5	-1.4168921686553542
1113.	-1.424201683981452
1113.5	-1.431419246757499
1114.	-1.438546666743016
1114.5	-1.4455862879425212
1115.	-1.4525391721725387
1115.5	-1.45940691549459
1116.	-1.4661911139701962
1116.5	-1.4728938117896573
1117.	-1.4795159776342055
1117.5	-1.4860590283138515
1118.	-1.4925243806386055
1118.5	-1.4989138306935235
1119.	-1.5052282643035524
1119.5	-1.5114689465686841
1120.	-1.517637142588911
1120.5	-1.5237344410732858
1121.	-1.5297616540691161
1121.5	-1.5357199172327698
1122.	-1.541610366220615
1122.5	-1.5474344148386567
1123.	-1.5531928093337712
1123.5	-1.5588865741024716
1124.	-1.5645167335412715
1124.5	-1.5700845527300245
1125.	-1.5755907191085674
1125.5	-1.581036160800077
1126.	-1.5864218059277304
1126.5	-1.591748792159207
1127.	-1.597017754255381
1127.5	-1.6022295365216284
1128.	-1.6073849832633256
1128.5	-1.6124851222501733
1129.	-1.6175305409374934
1129.5	-1.6225220102449327
1130.	-1.6274603010921371
1130.5	-1.6323463458641647
1131.	-1.6371806894290861
1131.5	-1.6419640381203833
1132.	-1.646697098271538
1132.5	-1.65138071900263
1133.	-1.6560154067459043
1133.5	-1.6606018107202043
1134.	-1.6651405801443726
1134.5	-1.6696324910676266
1135.	-1.6740780151462853
1135.5	-1.678477750867042
1136.	-1.6828322967165903
1136.5	-1.6871423643037955
1137.	-1.6914083937443098
1137.5	-1.6956309382759578
1138.	-1.6998105511365633
1138.5	-1.7039478868471412
1139.	-1.7080433568490496
1139.5	-1.712097473866837
1140.	-1.7161107506250515
1140.5	-1.7200837908562154
1141.	-1.7240169798737137
1141.5	-1.727910793998905
1142.	-1.731765709553148
1142.5	-1.7355822849065374
1143.	-1.7393608815122017
1143.5	-1.7431019428720054
1144.	-1.7468059124878126
1144.5	-1.7504733080645298
1145.	-1.7541044692197627
1145.5	-1.7576998097741592
1146.	-1.7612597435483668
1146.5	-1.7647847516675081
1147.	-1.768275153725966
1147.5	-1.771731336622598
1148.	-1.775153687256262
1148.5	-1.7785426537412188
1149.	-1.7818985372747616
1149.5	-1.7852217002695874
1150.	-1.7885125051383923
1150.5	-1.7917713701152516
1151.	-1.794998579462932
1151.5	-1.7981944732655786
1152.	-1.8013593916073365
1152.5	-1.8044937255990503
1153.	-1.8075977438874862
1153.5	-1.8106717661461096
1154.	-1.813716112048386
1154.5	-1.8167311480187653
1155.	-1.819717128279335
1155.5	-1.822674353803167
1156.	-1.8256031255633332
1156.5	-1.828503787458887
1157.	-1.831376580366526
1157.5	-1.8342217880889293
1158.	-1.8370396944287766
1158.5	-1.8398306226854038
1159.	-1.8425948013661702
1159.5	-1.8453324984750923
1160.	-1.8480439820161862
1160.5	-1.8507295564000066
1161.	-1.8533894386614165
1161.5	-1.8560238822418171
1162.	-1.8586331405826098
1162.5	-1.8612175007512117
1163.	-1.8637771691126015
1163.5	-1.866312385657774
1164.	-1.8688233903777238
1164.5	-1.871310454370441
1165.	-1.8737737740771272
1165.5	-1.8762135770459785
1166.	-1.878630090825192
1166.5	-1.8810235717885666
1167.	-1.8833942071284555
1167.5	-1.8857422128628147
1168.	-1.8880678050095998
1168.5	-1.890371226339543
1169.	-1.892652655416713
1169.5	-1.894912297557955
1170.	-1.8971503580801148
1170.5	-1.899367067165602
1171.	-1.9015625953194712
1171.5	-1.9037371379123416
1172.	-1.9058908903148328
1172.5	-1.9080240710413487
1173.	-1.9101368430612102
1173.5	-1.9122293924875222
1174.	-1.9143019054333905
1174.5	-1.9163545895816272
1175.	-1.918387600847748
1175.5	-1.920401116716976
1176.	-1.9223953146745334
1176.5	-1.9243703923338842
1177.	-1.9263264990007132
1177.5	-1.928263804108947
1178.	-1.9301824770925116
1178.5	-1.9320827061894599
1179.	-1.9339646345079409
1179.5	-1.9358284239602295
1180.	-1.9376742364586015
1180.5	-1.9395022515055709
1181.	-1.941312606387079
1181.5	-1.943105455979306
1182.	-1.9448809551584318
1182.5	-1.9466392752687334
1183.	-1.9483805481310554
1183.5	-1.9501049220343392
1184.	-1.9518125452675257
1184.5	-1.9535035815559063
1185.	-1.9551781575775329
1185.5	-1.9568364154468068
1186.	-1.9584784972781293
1186.5	-1.9601045596678408
1187.	-1.9617147244556286
1187.5	-1.9633091279631185
1188.	-1.9648879065119367
1188.5	-1.9664512100228426
1189.	-1.9679991557786756
1189.5	-1.9695318746614079
1190.	-1.9710494975530128
1190.5	-1.9725521681166232
1191.	-1.974039999340587
1191.5	-1.9755131169944127
1192.	-1.976971646847609
1192.5	-1.9784157266918776
1193.	-1.9798454654656563
1193.5	-1.9812609841295765
1194.	-1.9826624036442695
1194.5	-1.9840498562873752
1195.	-1.9854234471757124
1195.5	-1.9867832927431093
1196.	-1.988129509423393
1196.5	-1.98946222431133
1197.	-1.9907815389154342
1197.5	-1.992087565405158
1198.	-1.9933804159499537
1198.5	-1.994660212769056
1199.	-1.9959270539622223
1199.5	-1.997181047678992
1200.	-1.9984223020689047
1200.5	-1.9996509347612803
1201.	-2.000867040633966
1201.5	-2.002070724044589
1202.	-2.003262089350777
1202.5	-2.004441249857681
1203.	-2.0056082973963956
1203.5	-2.0067633327455385
1204.	-2.0079064566837275
1204.5	-2.009037778439542
1205.	-2.0101573869616542
1205.5	-2.0112653796486972
1206.	-2.0123618538993053
1206.5	-2.013446915096438
1207.	-2.0145206494606716
1207.5	-2.0155831511969087
1208.	-2.016634514510052
1208.5	-2.0176748411531182
1209.	-2.018704214763651
1209.5	-2.019722726527308
1210.	-2.020730467629747
1210.5	-2.021727536395695
1211.	-2.0227140140161115
1211.5	-2.0236899888210265
1212.	-2.024655549140469
1212.5	-2.025610790059607
1213.	-2.0265557904512765
1213.5	-2.0274906359434524
1214.	-2.028415412164108
1214.5	-2.0293302111356795
1215.	-2.0302351095338955
1215.5	-2.0311301904289465
1216.	-2.0320155368910218
1216.5	-2.032891238045665
1217.	-2.033757368485572
1217.5	-2.0346140088587905
1218.	-2.035461239813369
1218.5	-2.036299147733642
1219.	-2.0371278052368575
1219.5	-2.0379472906765512
1220.	-2.0387576824062563
1220.5	-2.0395590642153687
1221.	-2.0403515068472173
1221.5	-2.041135086480992
1222.	-2.0419098792958827
1222.5	-2.042675966623917
1223.	-2.0434334174303124
1223.5	-2.0441823058331234
1224.	-2.0449227059504054
1224.5	-2.0456546967862526
1225.	-2.0463783456182645
1225.5	-2.04709372461008
1226.	-2.047800905925339
1226.5	-2.0484999663621446
1227.	-2.049190971595885
1227.5	-2.049873991936412
1228.	-2.0505490976935796
1228.5	-2.0512163635743916
1229.	-2.0518758537326884
1229.5	-2.0525276367194625
1230.	-2.0531717810857053
1230.5	-2.053808359555679
1231.	-2.0544374348377987
1231.5	-2.0550590738137475
1232.	-2.0556733433652106
1232.5	-2.056280314335916
1233.	-2.0568800480606866
1233.5	-2.0574726098363882
1234.	-2.058058064959887
1234.5	-2.058636482490859
1235.	-2.0592079224582385
1235.5	-2.0597724486537676
1236.	-2.060330124869189
1236.5	-2.0608810184711897
1237.	-2.0614251882465915
1237.5	-2.0619626965571602
1238.	-2.0624936057646615
1238.5	-2.0630179816287795
1239.	-2.063535881754194
1239.5	-2.0640473671435027
1240.	-2.064552498799305
1240.5	-2.0650513409554807
1241.	-2.0655439500908335
1241.5	-2.066030385915447
1242.	-2.0665107081394076
1242.5	-2.0669849795473816
1243.	-2.06745325554504
1243.5	-2.0679155946126353
1244.	-2.0683720552304194
1244.5	-2.068822698806193
1245.	-2.0692675797216418
1245.5	-2.069706755285999
1246.	-2.0701402828084987
1246.5	-2.0705682223882276
1247.	-2.0709906274286243
1247.5	-2.07140755412298
1248.	-2.0718190586645875
1248.5	-2.0722251999080354
1249.	-2.0726260303207993
1249.5	-2.0730216050316526
1250.	-2.073411979169368
1250.5	-2.07379721040445
1251.	-2.074177350307248
1251.5	-2.0745524529898414
1252.	-2.0749225725643115
1252.5	-2.0752877655737954
1253.	-2.075648082726893
1253.5	-2.076003577163263
1254.	-2.076354302022562
1254.5	-2.0767003127736987
1255.	-2.077041659295379
1255.5	-2.0773783937955606
1256.	-2.0777105684821997
1256.5	-2.0780382377995985
1257.	-2.078361450824832
1257.5	-2.078680258871318
1258.	-2.0789947132524773
1258.5	-2.0793048674341774
1259.	-2.0796107697164086
1259.5	-2.0799124705516117
1260.	-2.080210020392226
1260.5	-2.080503471768416
1261.	-2.0807928722238067
1261.5	-2.0810782713797473
1262.	-2.0813597188575876
1262.5	-2.081637266291111
1263.	-2.08191096048426
1263.5	-2.0821808502534096
1264.	-2.0824469844149363
1264.5	-2.0827094137421045
1265.	-2.082968184311646
1265.5	-2.0832233441571804
1266.	-2.0834749413123284
1266.5	-2.0837230257222106
1267.	-2.0839676427443465
1267.5	-2.084208839647756
1268.	-2.08444666370146
1268.5	-2.084681164051233
1269.	-2.0849123853386375
1269.5	-2.0851403740819916
1270.	-2.0853651767996126
1270.5	-2.08558684186306
1271.	-2.0858054131961135
1271.5	-2.086020936575794
1272.	-2.086233457779123
1272.5	-2.0864430244247623
1273.	-2.086649679711436
1273.5	-2.0868534686795104
1274.	-2.0870544363693497
1274.5	-2.087252629664042
1275.	-2.0874480910241413
1275.5	-2.087640864752923
1276.	-2.087830995153663
1276.5	-2.088018528387042
1277.	-2.0882035061559696
1277.5	-2.088385972020761
1278.	-2.0885659695417296
1278.5	-2.0887435441658573
1279.	-2.088918736812124
1279.5	-2.089091590286177
1280.	-2.089262147393665
1280.5	-2.089430452871896
1281.	-2.089596546822192
1281.5	-2.089760471277535
1282.	-2.0899222682709073
1282.5	-2.09008198182892
1283.	-2.0902396511934764
1283.5	-2.0903953176001093
1284.	-2.0905490222843497
1284.5	-2.0907008085556797
1285.	-2.0908507147461
1285.5	-2.090998781261564
1286.	-2.0911450485080216
1286.5	-2.0912895590655713
1287.	-2.0914323502963605
1287.5	-2.0915734617366817
1288.	-2.091712932922828
1288.5	-2.091850805686947
1289.	-2.0919871163511354
1289.5	-2.092121903533346
1290.	-2.0922552058515294
1290.5	-2.0923870643644706
1291.	-2.092517514272955
1291.5	-2.0926465932186002
1292.	-2.092774338843025
1292.5	-2.0929007913988293
1293.	-2.093025984872257
1293.5	-2.0931499558605333
1294.	-2.0932727409608844
1294.5	-2.093394379578803
1295.	-2.0935149043799397
1295.5	-2.0936343508382143
1296.	-2.0937527544275447
1296.5	-2.0938701536566113
1297.	-2.0939865797506667
1297.5	-2.0941020669697243
1298.	-2.0942166495737986
1298.5	-2.094330361822903
1299.	-2.094443237977052
1299.5	-2.094555312296259
1300.	-2.094666619040538