1076.	0.16102361069020943
1076.5	0.24612427843516538
1077.	0.32452771233325406
1077.5	0.39668125322782294
1078.	0.46303224196221915
1078.5	0.52402801937979
1079.	0.5801159263238829
1079.5	0.631743303637845
1080.	0.6793574921650236
1080.5	0.723405832748766
1081.	0.7643356662324194
1081.5	0.8025943334593313
1082.	0.8386291752728487
1082.5	0.8735984145183178
1083.	0.9069541572362875
1083.5	0.9388593914693057
1084.	0.9694771052599205
1084.5	0.9991735133522512
1085.	1.0278270864066454
1085.5	1.0555195217850217
1086.	1.0823325168492997
1086.5	1.1084318495704475
1087.	1.133781504457715
1087.5	1.158429546629402
1088.	1.182424041203807
1088.5	1.2058553829832042
1089.	1.2287123755283287
1089.5	1.2510261520838901
1090.	1.2728278458945976
1090.5	1.2941725534109965
1091.	1.3150578593896265
1091.5	1.3355053117928632
1092.	1.3555364585830818
1092.5	1.375187301783837
1093.	1.3944591536718531
1093.5	1.4133677805850338
1094.	1.4319289488612825
1094.5	1.4501681028284195
1095.	1.4680874596384654
1095.5	1.4856989144333572
1096.	1.5030143623550318
1096.5	1.520052134468724
1097.	1.536815115623754
1097.5	1.5533126265927404
1098.	1.5695539881483012
1098.5	1.5855534337426245
1099.	1.6013134063969305
1099.5	1.6168412618120096
1100.	1.6321443556886517
1100.5	1.6472333664323466
1101.	1.6621109979573054
1101.5	1.6767832768824384
1102.	1.6912562298266558
1102.5	1.7055384735842392
1103.	1.7196324085285797
1103.5	1.733543025208439
1104.	1.747275314172579
1104.5	1.760836243879431
1105.	1.7742280358042202
1105.5	1.7874548893318412
1106.	1.800521003847188
1106.5	1.8134323206325829
1107.	1.8261906004165216
1107.5	1.8387993458249272
1108.	1.851262059483723
1108.5	1.8635831382124857
1109.	1.875764832766024
1109.5	1.8878102880927998
1110.	1.8997226491412753
1110.5	1.9115064178626542
1111.	1.92316283940156
1111.5	1.9346945159053583
1112.	1.946104049521414
1112.5	1.95739489193128
1113.	1.9685684559344594
1113.5	1.979627003864642
1114.	1.9905727980555181
1114.5	2.0014085976989877
1115.	2.012135969527248
1115.5	2.0227569771307046
1116.	2.033273684099764
1116.5	2.043688700041597
1117.	2.0540033241231406
1117.5	2.064219401528094
1118.	2.074338777440158
1118.5	2.0843640051933034
1119.	2.094295938560853
1119.5	2.1041361394663975
1120.	2.1138861698335307
1120.5	2.123548022495415
1121.	2.1331226561022443
1121.5	2.1426114602137822
1122.	2.1520158243897933
1122.5	2.1613369812947
1123.	2.1705765401417447
1123.5	2.1797359532488287
1124.	2.188816672933853
1124.5	2.1978212143741676
1125.	2.2067495418844447
1125.5	2.215602682638805
1126.	2.224381663811371
1126.5	2.233087264579262
1127.	2.2417208593124007
1127.5	2.25028357438371
1128.	2.2587765361661107
1128.5	2.2672010650238814
1129.	2.275558015742045
1129.5	2.283848437096981
1130.	2.292073377865069
1130.5	2.300235008713288
1131.	2.308332807771177
1131.5	2.3163673750588747
1132.	2.3243393105965193
1132.5	2.332247866273988
1133.	2.3400955294937864
1133.5	2.3478834395281574
1134.	2.3556127356493453
1134.5	2.363285941821507
1135.	2.3709022587482065
1135.5	2.378462271824923
1136.	2.3859665664471335
1136.5	2.393415227420914
1137.	2.400809540966907
1137.5	2.4081502927163507
1138.	2.415438268300485
1138.5	2.42267507308901
1139.	2.429860345079319
1139.5	2.4369945420072665
1140.	2.4440781216087073
1140.5	2.4511105782935934
1141.	2.4580937184540423
1141.5	2.4650283851562693
1142.	2.4719154214664902
1142.5	2.478756859400405
1143.	2.4855518774949497
1143.5	2.492300843236547
1144.	2.4990041241116177
1144.5	2.505661840463873
1145.	2.5122747057795296
1145.5	2.5188431864020924
1146.	2.5253677486750674
1146.5	2.5318668410240437
1147.	2.5383157548776105
1147.5	2.5447077637464397
1148.	2.551036141141204
1148.5	2.557299829981983
1149.	2.5634841666062784
1149.5	2.569580156761
1150.	2.5755788061930565
1150.5	2.581407212680129
1151.	2.5871458531260467
1151.5	2.59281129646541
1152.	2.59842011163282
1152.5	2.604030175975571
1153.	2.6096002266504916
1153.5	2.615130309227104
1154.	2.6206204692749315
1154.5	2.626069973155677
1155.	2.6314799573298107
1155.5	2.636850779049982
1156.	2.642182795568842
1156.5	2.6474754158744815
1157.	2.6527303247899336
1157.5	2.657948258873673
1158.	2.6631299546841727
1158.5	2.66827814135125
1159.	2.6733907658334997
1159.5	2.678467767660858
1160.	2.6835090863632622
1160.5	2.688513243771497
1161.	2.6934821641943127
1161.5	2.6984163542413073
1162.	2.703316320522079
1162.5	2.708183081915018
1163.	2.7130164278534123
1163.5	2.7178166600393445
1164.	2.7225840801748955
1164.5	2.7273196200518917
1165.	2.732022699246771
1165.5	2.736693367425716
1166.	2.7413316742549103
1166.5	2.7459359996509742
1167.	2.7505087309294787
1167.5	2.755050585656431
1168.	2.7595622813978395
1168.5	2.7640468554675555
1169.	2.7685017777846066
1169.5	2.772926838015863
1170.	2.777321825828196
1170.5	2.781685457564588
1171.	2.786019025545353
1171.5	2.7903227487669175
1172.	2.7945968462257076
1172.5	2.7988402933954997
1173.	2.8030550502044296
1173.5	2.807241833057982
1174.	2.8114013583616435
1174.5	2.8155368469615567
1175.	2.8196455090462877
1175.5	2.823727059245059
1176.	2.827781212187094
1176.5	2.831805837422371
1177.	2.8358032326910556
1177.5	2.8397738506540677
1178.	2.8437181439723282
1178.5	2.8476372068008615
1179.	2.851530593708843
1179.5	2.855398500759552
1180.	2.8592411240162683
1180.5	2.8630586783725445
1181.	2.866851333529277
1181.5	2.870619278017635
1182.	2.8743627003687893
1182.5	2.8780825486894788
1183.	2.8817779481050754
1183.5	2.885448783316521
1184.	2.8890949390247584
1184.5	2.892714894113251
1185.	2.8963105014274095
1185.5	2.899882207995167
1186.	2.903430460844457
1186.5	2.9069564132396395
1187.	2.910459523477649
1187.5	2.913939956091848
1188.	2.9173978756155976
1188.5	2.920833464184114
1189.	2.924246861688164
1189.5	2.9276382256203686
1190.	2.931007713473348
1190.5	2.9343555110100517
1191.	2.9376817361446403
1191.5	2.940986535061603
1192.	2.9442700539454285
1192.5	2.9475332826835743
1193.	2.950775186276374
1193.5	2.9539955734271306
1194.	2.957194252839145
1194.5	2.9603694111711416
1195.	2.9635231279888323
1195.5	2.9666558608133498
1196.	2.969768067165828
1196.5	2.9728610230889814
1197.	2.9759340401737298
1197.5	2.978987248532574
1198.	2.982020778278016
1198.5	2.9850347725747537
1199.	2.988029343262212
1199.5	2.9910046152320136
1200.	2.9939607133757797
1200.5	2.9968986928774792
1201.	2.99981737621945
1201.5	3.0027165161763754
1202.	3.0055958655229396
1202.5	3.008453383990155
1203.	3.011291334613845
1203.5	3.014110187386162
1204.	3.0169104122992585
1204.5	3.0196933809791853
1205.	3.0224583011306363
1205.5	3.025205282092204
1206.	3.027934433202481
1206.5	3.0306458664027613
1207.	3.0333396873878558
1207.5	3.036016004455277
1208.	3.0386749259025367
1208.5	3.041316569886573
1209.	3.0439410309017028
1209.5	3.046548413301667
1210.	3.0491388214402093
1210.5	3.05171340807227
1211.	3.054270809789913
1211.5	3.0568107115863996
1212.	3.0593327984549927
1212.5	3.0618336743954564
1213.	3.06431733779195
1213.5	3.0667847060351354
1214.	3.069236696515674
1214.5	3.0716783912659373
1215.	3.0741048771781934
1215.5	3.0765154057864197
1216.	3.0789092286245934
1216.5	3.081283573937541
1217.	3.0836405258640527
1217.5	3.0859801452537656
1218.	3.088302492956319
1218.5	3.090605360033263
1219.	3.0928919850375585
1219.5	3.0951633367340783
1220.	3.097420383887696
1220.5	3.0996685672813635
1221.	3.1019025948546437
1221.5	3.104121646565178
1222.	3.1063249023706083
1222.5	3.1085069826375302
1223.	3.110673450751049
1223.5	3.1128253105052255
1224.	3.1149635656941195
1224.5	3.117093890651046
1225.	3.1192107504151076
1225.5	3.121313280564662
1226.	3.1234006166780675
1226.5	3.1254696153350694
1227.	3.1275226027120824
1227.5	3.129559625986909
1228.	3.131580732337352
1228.5	3.1335834552665616
1229.	3.135571361096854
1229.5	3.137545502475892
1230.	3.139506932051339
1230.5	3.1414616572621137
1231.	3.1434037940481225
1231.5	3.1453324131405287
1232.	3.1472465852704934
1232.5	3.149141656004769
1233.	3.151021911304691
1233.5	3.152887911967185
1234.	3.1547402187891773
1234.5	3.156580616368773
1235.	3.1584079521812463
1235.5	3.1602222975030516
1236.	3.162023723610642
1236.5	3.163812330030167
1237.	3.165588148488507
1237.5	3.1673512389622385
1238.	3.1691016614279377
1238.5	3.1708394609175645
1239.	3.1725647183301575
1239.5	3.17427749962014
1240.	3.1759778707419337
1240.5	3.177667343430067
1241.	3.1793439595468156
1241.5	3.1810072067345594
1242.	3.182656572635679
1242.5	3.184288740472028
1243.	3.1859071240747245
1243.5	3.1875123328543604
1244.	3.1891049762215267
1244.5	3.190687046477358
1245.	3.1922572169856847
1245.5	3.1938155440008815
1246.	3.1953620837773222
1246.5	3.1968984080947087
1247.	3.198422451471956
1247.5	3.199933663953307
1248.	3.2014314955830048
1248.5	3.202910880513761
1249.	3.204377591037962
1249.5	3.2058328835564627
1250.	3.207278014470117
1250.5	3.208720317881953
1251.	3.210152541409785
1251.5	3.2115735103735985
1252.	3.2129820500933794
1252.5	3.214372399382813
1253.	3.215749804670707
1253.5	3.217114925879569
1254.	3.218468422931905
1254.5	3.219812478483104
1255.	3.2211456206296374
1255.5	3.2224679002008605
1256.	3.2237793680261273
1256.5	3.225081753791918
1257.	3.2263727579276096
1257.5	3.2276517597197065
1258.	3.228918138454712
1258.5	3.2301679951292894
1259.	3.231405298635719
1259.5	3.23263073957644
1260.	3.2338450085538915
1260.5	3.2350504044937827
1261.	3.2362453663459765
1261.5	3.2374299413836045
1262.	3.238604176879799
1262.5	3.239768126773024
1263.	3.2409218290049453
1263.5	3.242065328182563
1264.	3.243198668912875
1264.5	3.2443218945706715
1265.	3.245435051488044
1265.5	3.246538184764874
1266.	3.247631339501045
1266.5	3.2487164032398645
1267.	3.2497908416604186
1267.5	3.2508539628852193
1268.	3.2519050750367793
1268.5	3.2529398872114546
1269.	3.2539627461683747
1269.5	3.2549743996405143
1270.	3.2559755953608476
1270.5	3.256968841359354
1271.	3.2579524209532
1271.5	3.2589263777565582
1272.	3.2598907553836005
1272.5	3.260847545205698
1273.	3.2617940639769443
1273.5	3.262729576208632
1274.	3.2636533464120547
1274.5	3.2645588758910726
1275.	3.2654534976473832
1275.5	3.266338781475252
1276.	3.267216297168943
1276.5	3.268095335676595
1277.	3.268966657177052
1277.5	3.2698287430030306
1278.	3.2706800744872475
1278.5	3.2715153580231244
1279.	3.2723383598583906
1279.5	3.2731490713014812
1280.	3.27394748366083
1280.5	3.274729438321425
1281.	3.275500736484527
1281.5	3.2762630294279496
1282.	3.277017968429506
1282.5	3.2777753517507606
1283.	3.278525424892276
1283.5	3.279266580338366
1284.	3.2799972105733444
1284.5	3.2807095777712814
1285.	3.2814106568508308
1285.5	3.282101292420403
1286.	3.2827823290884095
1286.5	3.2834566374716814
1287.	3.2841222257668408
1287.5	3.284779128178929
1288.	3.2854273789129897
1288.5	3.2860692413965027
1289.	3.286701628923097
1289.5	3.28732368400884
1290.	3.287934549169799
1290.5	3.2885289985991837
1291.	3.2891122904650616
1291.5	3.289685314612642
1292.	3.2902489608871357
1292.5	3.290806286101723
1293.	3.2913551463464548
1293.5	3.291895564679352
1294.	3.2924275641584355
1294.5	3.292951147469682
1295.	3.2934663661919763
1295.5	3.2939732515321567
1296.	3.294471834697063
1296.5	3.2949645290524985
1297.	3.2954480307827523
1297.5	3.2959214182310785
1298.	3.2963837697407303
1298.5	3.296834163654962
1299.	3.297271678317027
1299.5	3.297695392070178
1300.	3.2981043832576704