1076.	-0.11856549004524697
1076.5	-0.18095322563456656
1077.	-0.23838209462077492
1077.5	-0.2911823125817163
1078.	-0.33968409509523473
1078.5	-0.3842176577391744
1079.	-0.4251132160913793
1079.5	-0.46270098572969365
1080.	-0.4973111822319615
1080.5	-0.5292740211760271
1081.	-0.5589197181397344
1081.5	-0.5865784887009275
1082.	-0.6125805484374508
1082.5	-0.6377799458541852
1083.	-0.661773530431123
1083.5	-0.6846819845752935
1084.	-0.706625990693726
1084.5	-0.7278764510424346
1085.	-0.7483437402398697
1085.5	-0.7680884527534669
1086.	-0.7871711830506614
1086.5	-0.805714728407895
1087.	-0.8236925993599942
1087.5	-0.8411405092507914
1088.	-0.8580941714241195
1088.5	-0.874620541059229
1089.	-0.8907115929303677
1089.5	-0.9063905436472012
1090.	-0.921680609819395
1090.5	-0.9366227412282582
1091.	-0.9512153280431555
1091.5	-0.9654744936050954
1092.	-0.979416361255086
1092.5	-0.993067888322342
1093.	-1.006430030564383
1093.5	-1.0195145777269343
1094.	-1.032333319555722
1094.5	-1.0449052315705991
1095.	-1.057232043433513
1095.5	-1.0693226705805383
1096.	-1.08118602844775
1096.5	-1.0928359578235343
1097.	-1.1042744786507297
1097.5	-1.1155085362244863
1098.	-1.1265450758399542
1098.5	-1.1373943216566051
1099.	-1.1480586285595384
1099.5	-1.158543630298176
1100.	-1.1688549606219387
1100.5	-1.1790010298205107
1101.	-1.1889835844869456
1101.5	-1.19880714775456
1102.	-1.2084762427566702
1102.5	-1.21799737692574
1103.	-1.2273722953762796
1103.5	-1.2366047275219458
1104.	-1.2456984027763967
1104.5	-1.2546583669126734
1105.	-1.2634865064412957
1105.5	-1.272186024232167
1106.	-1.2807601231551913
1106.5	-1.2892134012948993
1107.	-1.2975471082207168
1107.5	-1.3057638887166967
1108.	-1.313866387566892
1108.5	-1.3218578558907796
1109.	-1.3297400896028189
1109.5	-1.3375154909528923
1110.	-1.3451864621908833
1110.5	-1.3527565052269408
1111.	-1.3602264827865755
1111.5	-1.3675983572555648
1112.	-1.3748740910196853
1112.5	-1.3820561842803543
1113.	-1.3891458464814521
1113.5	-1.396144824882499
1114.	-1.403054866743016
1114.5	-1.4098780973175213
1115.	-1.4166157346725388
1115.5	-1.42326937486959
1116.	-1.4298406139701962
1116.5	-1.4363317696021574
1117.	-1.4427434276342055
1117.5	-1.4490768955013515
1118.	-1.4553334806386056
1118.5	-1.4615145806935237
1119.	-1.4676213768035524
1119.5	-1.4736551403186842
1120.	-1.479617142588911
1120.5	-1.4855089512295359
1121.	-1.4913314228191161
1121.5	-1.4970857102015198
1122.	-1.502772966220615
1122.5	-1.5083951062449068
1123.	-1.513952215583771
1123.5	-1.5194451420712216
1124.	-1.5248747335412716
1124.5	-1.5302414300737746
1125.	-1.5355466503585673
1125.5	-1.540791405331327
1126.	-1.5459767059277305
1126.5	-1.5511040851279572
1127.	-1.556173823005381
1127.5	-1.5611867216778783
1128.	-1.5661435832633255
1128.5	-1.5710453972501732
1129.	-1.5758927034374934
1129.5	-1.5806862289949326
1130.	-1.5854267010921372
1130.5	-1.5901150083641649
1131.	-1.5947516519290863
1131.5	-1.5993372943703834
1132.	-1.603872598271538
1132.5	-1.6083581697838798
1133.	-1.6127947504959044
1133.5	-1.6171830255639543
1134.	-1.6215236801443726
1134.5	-1.6258179285676266
1135.	-1.6300657151462852
1135.5	-1.6342675133670421
1136.	-1.6384237967165902
1136.5	-1.6425347416475455
1137.	-1.64660123749431
1137.5	-1.6506238765572077
1138.	-1.6546032511365634
1138.5	-1.6585395704408914
1139.	-1.6624339630990497
1139.5	-1.6662871746480872
1140.	-1.6700999506250516
1140.5	-1.6738689674187155
1141.	-1.6776006673737138
1141.5	-1.6812974236864051
1142.	-1.684961609553148
1142.5	-1.6886058755315374
1143.	-1.6922182065122018
1143.5	-1.6957968647470054
1144.	-1.6993401124878127
1144.5	-1.7028412197832798
1145.	-1.7063054379697629
1145.5	-1.7097330261804093
1146.	-1.713124243548367
1146.5	-1.7164892915112582
1147.	-1.719814509975966
1147.5	-1.723096181153848
1148.	-1.7263305872562622
1148.5	-1.7295171498349688
1149.	-1.7326477560247617
1149.5	-1.7357174323008373
1150.	-1.7387212051383922
1150.5	-1.7416174888652516
1151.	-1.7444525669629318
1151.5	-1.7472361107655785
1152.	-1.7499777916073365
1152.5	-1.7527106560678003
1153.	-1.7554116501374861
1153.5	-1.7580810950523593
1154.	-1.760719312048386
1154.5	-1.7633269855187652
1155.	-1.765903928279335
1155.5	-1.768450316303167
1156.	-1.7709663255633332
1156.5	-1.773451577302637
1157.	-1.775907024116526
1157.5	-1.7783330638701793
1158.	-1.7807300944287765
1158.5	-1.7830991625291537
1159.	-1.78543975761617
1159.5	-1.7877520180063422
1160.	-1.7900360820161862
1160.5	-1.7922915032750066
1161.	-1.7945192386614166
1161.5	-1.7967196603668172
1162.	-1.7988931405826099
1162.5	-1.8010403780949618
1163.	-1.8031612878626015
1163.5	-1.805256111439024
1164.	-1.8073250903777238
1164.5	-1.809369219995441
1165.	-1.811387686577127
1165.5	-1.8133804301709786
1166.	-1.815347390825192
1166.5	-1.8172867796010665
1167.	-1.8192009571284555
1167.5	-1.8210905550503147
1168.	-1.8229562050095998
1168.5	-1.8248003349332929
1169.	-1.826621061666713
1169.5	-1.828418298339205
1170.	-1.8301919580801147
1170.5	-1.8319412835718518
1171.	-1.833667126569471
1171.5	-1.8353696683810916
1172.	-1.8370490903148329
1172.5	-1.8387051983850988
1173.	-1.84033869931121
1173.5	-1.8419499245187723
1174.	-1.8435392054333906
1174.5	-1.8451072544253773
1175.	-1.8466538695977481
1175.5	-1.848179229998226
1176.	-1.8496835146745334
1176.5	-1.8511673642088842
1177.	-1.8526303115007132
1177.5	-1.854072350983947
1178.	-1.8554934770925116
1178.5	-1.85689286322071
1179.	-1.8582716532579406
1179.5	-1.8596301700539795
1180.	-1.8609687364586014
1180.5	-1.8622885483805707
1181.	-1.8635887063870789
1181.5	-1.864869184104306
1182.	-1.8661299551584318
1182.5	-1.8673705994874834
1183.	-1.8685916418810553
1183.5	-1.869793213440589
1184.	-1.8709754452675256
1184.5	-1.8721375268684064
1185.	-1.873280907577533
1185.5	-1.8744060951343067
1186.	-1.8755135972781294
1186.5	-1.8766062877928409
1187.	-1.8776813619556285
1187.5	-1.8787383810881184
1188.	-1.8797769065119367
1188.5	-1.8807936537728427
1189.	-1.8817921682786756
1189.5	-1.882773149661408
1190.	-1.883737297553013
1190.5	-1.8846882579603732
1191.	-1.885622605590587
1191.5	-1.8865398615256628
1192.	-1.887439546847609
1192.5	-1.8883181751293776
1193.	-1.8891794779656563
1193.5	-1.8900241794420765
1194.	-1.8908530036442694
1194.5	-1.8916692523811252
1195.	-1.8924700409257125
1195.5	-1.8932550622743594
1196.	-1.894024009423393
1196.5	-1.8947755782175801
1197.	-1.8955108576654343
1197.5	-1.896229939623908
1198.	-1.8969329159499537
1198.5	-1.897619310425306
1199.	-1.8982900102122222
1199.5	-1.8989453343977418
1200.	-1.8995856020689046
1200.5	-1.90021167304253
1201.	-1.9008231093839656
1201.5	-1.9014200138883388
1202.	-1.9020024893507768
1202.5	-1.902571264701431
1203.	-1.9031255661463955
1203.5	-1.9036652460267882
1204.	-1.9041901566837274
1204.5	-1.9046989635957918
1205.	-1.905193180711654
1205.5	-1.9056731351174474
1206.	-1.9061391538993053
1206.5	-1.906592158065188
1207.	-1.9070316432106715
1207.5	-1.9074576988531586
1208.	-1.9078704145100522
1208.5	-1.9082705395906183
1209.	-1.908657239763651
1209.5	-1.9090303405898081
1210.	-1.9093896676297468
1210.5	-1.9097344442081947
1211.	-1.9100653390161115
1211.5	-1.9103824185085265
1212.	-1.9106857491404692
1212.5	-1.910974033028357
1213.	-1.9112492467012767
1213.5	-1.911512002349702
1214.	-1.911762912164108
1214.5	-1.9120052861356795
1215.	-1.9122359595338956
1215.5	-1.9124544654289464
1216.	-1.9126603368910218
1216.5	-1.9128517966394154
1217.	-1.913030212235572
1217.5	-1.9131956408900403
1218.	-1.913348139813369
1218.5	-1.9134870375773918
1219.	-1.9136134114868577
1219.5	-1.9137276102078011
1220.	-1.9138299824062563
1220.5	-1.9139215696841188
1221.	-1.9140017505972173
1221.5	-1.914070596637242
1222.	-1.9141281792958829
1222.5	-1.9141745791239173
1223.	-1.9142098549303126
1223.5	-1.9142340745831237
1224.	-1.9142473059504055
1224.5	-1.9142504108487528
1225.	-1.9142423456182647
1225.5	-1.9142228605475804
1226.	-1.9141917059253388
1226.5	-1.9141470858933944
1227.	-1.9140909153458847
1227.5	-1.914023563030162
1228.	-1.9139453976935796
1228.5	-1.9138583901368915
1229.	-1.9137606662326885
1229.5	-1.9136519539069623
1230.	-1.9135319810857052
1230.5	-1.913398850961929
1231.	-1.9132545660877984
1231.5	-1.9130995042824974
1232.	-1.9129340433652104
1232.5	-1.9127593541796661
1233.	-1.9125747043106864
1233.5	-1.912380154367638
1234.	-1.9121757649598872
1234.5	-1.9119616082721094
1235.	-1.9117377287082384
1235.5	-1.9115041822475174
1236.	-1.9112610248691893
1236.5	-1.9110092223774398
1237.	-1.9107475569965915
1237.5	-1.9104757207759102
1238.	-1.9101934057646615
1238.5	-1.9098985300662794
1239.	-1.9095932692541937
1239.5	-1.9092780249560029
1240.	-1.908953198799305
1240.5	-1.908620066736731
1241.	-1.9082778063408332
1241.5	-1.9079264695091973
1242.	-1.9075661081394077
1242.5	-1.9071977498598818
1243.	-1.9068200805450402
1243.5	-1.906432761800135
1244.	-1.9060354552304195
1244.5	-1.905625919118693
1245.	-1.905206479721642
1245.5	-1.9047775599734993
1246.	-1.9043395828084988
1246.5	-1.9038939153569778
1247.	-1.9034396586786244
1247.5	-1.9029768580292303
1248.	-1.9025055586645876
1248.5	-1.9020268319392852
1249.	-1.9015392865707992
1249.5	-1.9010425573754024
1250.	-1.9005362791693678
1250.5	-1.9000180736857
1251.	-1.8994903940572478
1251.5	-1.8989536803335916
1252.	-1.8984083725643115
1252.5	-1.8978559015112952
1253.	-1.8972953202268934
1253.5	-1.896726672475763
1254.	-1.896150002022562
1254.5	-1.8955653549611986
1255.	-1.894972771795379
1255.5	-1.8943722953580604
1256.	-1.8937639684821996
1256.5	-1.8931489651433484
1257.	-1.8925257445748316
1257.5	-1.891893897152568
1258.	-1.8912530132524772
1258.5	-1.890599329934177
1259.	-1.8899371322164087
1259.5	-1.8892673518016116
1260.	-1.8885909203922258
1260.5	-1.887914439737166
1261.	-1.8872309034738066
1261.5	-1.8865389752859973
1262.	-1.8858373188575877
1262.5	-1.8851177287911114
1263.	-1.88438848548426
1263.5	-1.8836510002534097
1264.	-1.8829066844149362
1264.5	-1.8821627442108546
1265.	-1.881412478061646
1265.5	-1.8806549793134304
1266.	-1.8798893413123283
1266.5	-1.8791098936909605
1267.	-1.8783223989943465
1267.5	-1.8775278560540063
1268.	-1.8767272637014598
1268.5	-1.8759264898324828
1269.	-1.8751197165886375
1269.5	-1.8743059951757415
1270.	-1.8734843767996125
1270.5	-1.8726515317068098
1271.	-1.871809844446113
1271.5	-1.870959318607044
1272.	-1.870099957779123
1272.5	-1.8692291306747622
1273.	-1.8683505297114362
1273.5	-1.8674652124295104
1274.	-1.8665742363693498
1274.5	-1.8656838366952924
1275.	-1.8647878222741414
1275.5	-1.8638851795966729
1276.	-1.8629748951536629
1276.5	-1.8620520510432919
1277.	-1.8611210999059697
1277.5	-1.8601825899895108
1278.	-1.8592370695417295
1278.5	-1.858286381665857
1279.	-1.8573292618121238
1279.5	-1.8563657402861773
1280.	-1.855395847393665
1280.5	-1.8544210489656463
1281.	-1.853439365572192
1281.5	-1.8524502533087845
1282.	-1.8514531682709072
1282.5	-1.8504433068289199
1283.	-1.8494260886934766
1283.5	-1.8484026738501094
1284.	-1.8473742222843497
1284.5	-1.8463476108994294
1285.	-1.8453159959961003
1285.5	-1.844278250792814
1286.	-1.8432332485080216
1286.5	-1.8421755520343215
1287.	-1.8411100690463607
1287.5	-1.8400373968929318
1288.	-1.8389581329228282
1288.5	-1.837875845530697
1289.	-1.8367869726011357
1289.5	-1.835690923064596
1290.	-1.8345871058515293
1290.5	-1.8334703424894705
1291.	-1.8323464642729548
1291.5	-1.8312167150936003
1292.	-1.8300823388430252
1292.5	-1.8289507421800795
1293.	-1.827814541122257
1293.5	-1.8266725144542835
1294.	-1.8255234409608845
1294.5	-1.8243614498913028
1295.	-1.8231918293799398
1295.5	-1.8220152180257143
1296.	-1.8208322544275446
1296.5	-1.8196451310003614
1297.	-1.8184523110006665
1297.5	-1.8172538115009744
1298.	-1.8160496495737986
1298.5	-1.8148398422916532
1299.	-1.813624406727052
1299.5	-1.812403359952509
1300.	-1.8111767190405381