1076.	13.484355489760587
1076.5	13.437124929261644
1077.	13.390155319885505
1077.5	13.343443722171873
1078.	13.296987196660453
1078.5	13.25078280389095
1079.	13.20482760440307
1079.5	13.159118658736519
1080.	13.113653027430999
1080.5	13.068427771026219
1081.	13.023439950061881
1081.5	12.978686625077692
1082.	12.934164856613357
1082.5	12.889871372582009
1083.	12.845803699200555
1083.5	12.801959030059328
1084.	12.75833455874866
1084.5	12.714927184216124
1085.	12.671734512551923
1085.5	12.628753855203492
1086.	12.585982523618268
1086.5	12.543418937640364
1087.	12.501058856961874
1087.5	12.45889914967157
1088.	12.41693668385822
1088.5	12.375170735552434
1089.	12.333594801724402
1089.5	12.292204787286158
1090.	12.250996597149735
1090.5	12.209953463058262
1091.	12.169089032360235
1091.5	12.128404279235248
1092.	12.087900177862892
1092.5	12.047586009047127
1093.	12.007451117693433
1093.5	11.96749315533166
1094.	11.927709773491651
1094.5	11.888095861798494
1095.	11.848652938448701
1095.5	11.809379759734021
1096.	11.77027508194621
1096.5	11.7313390054023
1097.	11.692568404758642
1097.5	11.65396149869688
1098.	11.615516505898645
1098.5	11.577231628952102
1099.	11.539105109069755
1099.5	11.50113517137063
1100.	11.463320040973755
1100.5	11.42565798755901
1101.	11.38814717386023
1101.5	11.350785807172105
1102.	11.313572094789322
1102.5	11.276501949777588
1103.	11.239576791352166
1103.5	11.202795744499335
1104.	11.166157934205378
1104.5	11.129663988233787
1105.	11.093310927682746
1105.5	11.05709727642765
1106.	11.021021558343897
1106.5	10.98508259233892
1107.	10.949278489243262
1107.5	10.913607654919506
1108.	10.878068495230234
1108.5	10.84265759629856
1109.	10.807375911622321
1109.5	10.772222574959883
1110.	10.737196720069615
1110.5	10.702298186111458
1111.	10.667525119281578
1111.5	10.63287637117772
1112.	10.598350793397623
1112.5	10.563947748676027
1113.	10.529665373018872
1113.5	10.495502313569103
1114.	10.461457217469661
1114.5	10.4275271926638
1115.	10.393713041174022
1115.5	10.360014025823146
1116.	10.32642940943399
1116.5	10.292959454580764
1117.	10.259602024434331
1117.5	10.226355981916953
1118.	10.193220189950885
1118.5	10.16019349886683
1119.	10.127274789215226
1119.5	10.09446292895496
1120.	10.061756786044908
1120.5	10.029154062411045
1121.	9.996655258458329
1121.5	9.964259708558808
1122.	9.93196674708453
1122.5	9.899776716620881
1123.	9.867687540041231
1123.5	9.835698148432295
1124.	9.803807472880782
1124.5	9.77201210309089
1125.	9.740314248084852
1125.5	9.708713775502385
1126.	9.67721055298321
1126.5	9.645808928689268
1127.	9.614502497529163
1127.5	9.583289334933722
1128.	9.552167516333773
1128.5	9.521130501271424
1129.	9.490182827421712
1129.5	9.459324416570952
1130.	9.428555190505461
1130.5	9.397876104483903
1131.	9.367285633431308
1131.5	9.336783285745051
1132.	9.306368569822512
1132.5	9.276043344564908
1133.	9.245803827664238
1133.5	9.215648587316345
1134.	9.185576191717068
1134.5	9.155582786476426
1135.	9.125670331410413
1135.5	9.0958383637492
1136.	9.06608642072296
1136.5	9.03641268347261
1137.	9.006818587753276
1137.5	8.97730421323083
1138.	8.947869639571143
1138.5	8.918518664420224
1139.	8.889246162271755
1139.5	8.860050725599555
1140.	8.830930946877437
1140.5	8.80188286274944
1141.	8.772908643851078
1141.5	8.744007904988077
1142.	8.715180260966171
1142.5	8.686426602212345
1143.	8.65774475766257
1143.5	8.629133831874075
1144.	8.600592929404085
1144.5	8.572118457000945
1145.	8.543713296154323
1145.5	8.515377630544995
1146.	8.487111643853748
1146.5	8.4588568991229
1147.	8.430695648927076
1147.5	8.402651525202444
1148.	8.374748159885169
1148.5	8.346998594399732
1149.	8.319441287398657
1149.5	8.292104107022782
1150.	8.265014921412945
1150.5	8.23840405379253
1151.	8.212015935186812
1151.5	8.185797451703612
1152.	8.159695489450751
1152.5	8.133524899909325
1153.	8.107417417664566
1153.5	8.081372742674985
1154.	8.055390574899091
1154.5	8.02947003513418
1155.	8.003611634164463
1155.5	7.97781530361293
1156.	7.95208097510258
1156.5	7.92640975721304
1157.	7.900799933828018
1157.5	7.875250965787854
1158.	7.849762313932891
1158.5	7.82433229783852
1159.	7.7989619761160105
1159.5	7.773651266111684
1160.	7.74840008517186
1160.5	7.723208809011931
1161.	7.698076713261519
1161.5	7.673003531919316
1162.	7.647988998984015
1162.5	7.62302968760137
1163.	7.5981297569641875
1163.5	7.573290205412337
1164.	7.548512031285687
1164.5	7.523802327749655
1165.	7.49915356038834
1165.5	7.47456428961139
1166.	7.450033075828453
1166.5	7.425552220484816
1167.	7.401129046540234
1167.5	7.3767646179901005
1168.	7.3524599988298105
1168.5	7.328217651931515
1169.	7.3040366828631464
1169.5	7.279917596069393
1170.	7.255860895994947
1170.5	7.2318702452824475
1171.	7.207941726899454
1171.5	7.184074582011477
1172.	7.160268051784026
1172.5	7.136516435449201
1173.	7.112825892879285
1173.5	7.089197642013154
1174.	7.065632900789683
1174.5	7.042136048135165
1175.	7.018703876606088
1175.5	6.995336339746356
1176.	6.9720333910998775
1176.5	6.948794951174993
1177.	6.925621019765399
1177.5	6.9025115636292265
1178.	6.879466549524607
1178.5	6.856484170211654
1179.	6.833566876045725
1179.5	6.81071534338416
1180.	6.7879302485843
1180.5	6.765210389700773
1181.	6.742559072714713
1181.5	6.7199777253045445
1182.	6.69746777514869
1182.5	6.675037553979526
1183.	6.652678823799943
1183.5	6.6303902506667844
1184.	6.608170500636892
1184.5	6.586012992529824
1185.	6.563923738534622
1185.5	6.541903503603045
1186.	6.5199530526868505
1186.5	6.498095732626926
1187.	6.476300693730247
1187.5	6.454559668192918
1188.	6.432864388211044
1188.5	6.411185121948042
1189.	6.389543651245781
1189.5	6.367940293913442
1190.	6.3463753677602055
1190.5	6.324834481376439
1191.	6.303338545477662
1191.5	6.281893761560583
1192.	6.260506331121906
1192.5	6.23919932933534
1193.	6.217955334549789
1193.5	6.19677379879116
1194.	6.175654174085359
1194.5	6.154599954927923
1195.	6.133604933887276
1195.5	6.112666946001474
1196.	6.091783826308571
1196.5	6.070948156226633
1197.	6.0501651258616995
1197.5	6.02943467169982
1198.	6.008756730227047
1198.5	5.9881320319334055
1199.	5.96755940169938
1199.5	5.94703845840943
1200.	5.926568820948014
1200.5	5.906153762293059
1201.	5.885787785598173
1201.5	5.865469048110429
1202.	5.845195707076901
1202.5	5.8249615315512315
1203.	5.804770822251298
1203.5	5.784623491701549
1204.	5.76451945242643
1204.5	5.744455963782869
1205.	5.724436652729841
1205.5	5.7044624930587995
1206.	5.6845344585612
1206.5	5.664663015013842
1207.	5.644835847428696
1207.5	5.625050132803079
1208.	5.6053030481343065
1208.5	5.585579954405091
1209.	5.565894571033195
1209.5	5.546248801421779
1210.	5.526644548974
1210.5	5.507093557895889
1211.	5.487583954466583
1211.5	5.4681137057680935
1212.	5.448680778882428
1212.5	5.429276923643142
1213.	5.409908811280083
1213.5	5.390576895774643
1214.	5.371281631108214
1214.5	5.352027211563688
1215.	5.3328088547003585
1215.5	5.313625518379018
1216.	5.294476160460459
1216.5	5.275356315540625
1217.	5.256269734051099
1217.5	5.237216743158609
1218.	5.218197670029891
1218.5	5.199212786229051
1219.	5.1802624967664945
1219.5	5.161347151050004
1220.	5.1424670984873595
1220.5	5.123622621619343
1221.	5.104814163467537
1221.5	5.086042100186521
1222.	5.067306807930879
1222.5	5.048617533923226
1223.	5.029962234822895
1223.5	5.0113377383572555
1224.	4.992740872253676
1224.5	4.974155855255429
1225.	4.955597167667615
1225.5	4.937066680811243
1226.	4.918566266007318
1226.5	4.900101873491863
1227.	4.881669664104862
1227.5	4.863269877601314
1228.	4.8449027537362195
1228.5	4.826573494374558
1229.	4.808275392317357
1229.5	4.790006702475624
1230.	4.771765679760367
1230.5	4.753540893121668
1231.	4.73534415781583
1231.5	4.717177603138231
1232.	4.69904335838425
1232.5	4.680953507864838
1233.	4.662896243853569
1233.5	4.644869713639593
1234.	4.626872064512057
1234.5	4.608896606144039
1235.	4.5909482584871855
1235.5	4.573027103877075
1236.	4.555133224649282
1236.5	4.53726667053421
1237.	4.519427569514681
1237.5	4.501616016968339
1238.	4.483832108272831
1238.5	4.466075910417228
1239.	4.448347558523182
1239.5	4.430647159323771
1240.	4.412974819552069
1240.5	4.395330621756656
1241.	4.3777147065289075
1241.5	4.360127190275697
1242.	4.3425681894039005
1242.5	4.325037784703182
1243.	4.307536142444514
1243.5	4.290063393281659
1244.	4.272619667868377
1244.5	4.255211608390833
1245.	4.237830229357423
1245.5	4.220473056808948
1246.	4.203137616786207
1246.5	4.185808755719977
1247.	4.16850175110509
1247.5	4.1512192008263575
1248.	4.133963702768588
1248.5	4.116743952803809
1249.	4.099554011634725
1249.5	4.082394037951257
1250.	4.065264190443328
1250.5	4.0481717650942
1251.	4.03110692838312
1251.5	4.01406698408267
1252.	3.997049235965439
1252.5	3.980037062831542
1253.	3.963047263415021
1253.5	3.946082711477448
1254.	3.929146280780397
1254.5	3.9122551664319176
1255.	3.895392192308514
1255.5	3.8785545036331674
1256.	3.8617392456288595
1256.5	3.844928771800377
1257.	3.828140935776174
1257.5	3.8113787994665107
1258.	3.7946454247816455
1258.5	3.777959070403245
1259.	3.7613015227615993
1259.5	3.744669765058405
1260.	3.72806078049536
1260.5	3.7114641594023006
1261.	3.6948872350015276
1261.5	3.678329947643481
1262.	3.6617922376786027
1262.5	3.6452655238721725
1263.	3.628761676793855
1263.5	3.6122840454281557
1264.	3.595835978759579
1264.5	3.579428620779469
1265.	3.5630544074627553
1265.5	3.5467135697912067
1266.	3.530406338746591
1266.5	3.51415091237137
1267.	3.4979223677623428
1267.5	3.4817137490770014
1268.	3.4655181004728375
1268.5	3.449293429434041
1269.	3.4330818314607265
1269.5	3.416890365379706
1270.	3.400726090017793
1270.5	3.384613070663176
1271.	3.3685345570967407
1271.5	3.3524908055607483
1272.	3.3364820722974606
1272.5	3.3205280811078994
1273.	3.3046018336520624
1273.5	3.2886957991487074
1274.	3.272802446816592
1274.5	3.25687625655606
1275.	3.2409628826316483
1275.5	3.225069989989481
1276.	3.2092052435756813
1276.5	3.1934050340102274
1277.	3.177636810295846
1277.5	3.1618967471091186
1278.	3.146181019126626
1278.5	3.130465765123251
1279.	3.1147752100379535
1279.5	3.0991135429079946
1280.	3.0834849527706347
1280.5	3.0679249561807636
1281.	3.052393883650962
1281.5	3.03688339321144
1282.	3.021385142892406
1282.5	3.005848649624889
1283.	2.9903245689779516
1283.5	2.974821415421476
1284.	2.959347703425343
1284.5	2.943943794769987
1285.	2.928573617690517
1285.5	2.913232947732595
1286.	2.897917560441881
1286.5	2.8826010748923165
1287.	2.867310285689971
1287.5	2.852049830969195
1288.	2.836824348864337
1288.5	2.8216730711576754
1289.	2.8065522048764597
1289.5	2.791452550695868
1290.	2.7763649092910785
1290.5	2.761233546194443
1291.	2.746114411281096
1291.5	2.731016919283346
1292.	2.715950484933501
1292.5	2.7009596988700575
1293.	2.6860047295566614
1293.5	2.6710809213631466
1294.	2.656183618659347
1294.5	2.641296521516458
1295.	2.626431276322407
1295.5	2.611587885166483
1296.	2.5967663501379743
1296.5	2.581966665850284
1297.	2.5671888448589413
1297.5	2.5524328922435906
1298.	2.5376988130838756
1298.5	2.5229866124594396
1299.	2.5082962954499264
1299.5	2.49362786713498
1300.	2.4789813325942434