1076.	0.12322512446526501
1076.5	0.1866374952929063
1077.	0.24476888556875842
1077.5	0.2979680073900963
1078.	0.3465835728541952
1078.5	0.39096429405833005
1079.	0.43145888309977587
1079.5	0.4684160520758078
1080.	0.5021845130837007
1080.5	0.5331129782207298
1081.	0.56155015958417
1081.5	0.5878447692712965
1082.	0.6123455193793841
1082.5	0.6359496602229258
1083.	0.6582379503950917
1083.5	0.6793396867062698
1084.	0.6993841659668479
1084.5	0.7186592356229811
1085.	0.7370722215949833
1085.5	0.7546890004389358
1086.	0.77157544871092
1086.5	0.7878637643890046
1087.	0.803526974038488
1087.5	0.818604425646656
1088.	0.8331354672007948
1088.5	0.8471931938582262
1089.	0.8607697075681859
1089.5	0.8738908574499457
1090.	0.8865824926227769
1090.5	0.8988895885512641
1091.	0.910811217471241
1091.5	0.9223655779638542
1092.	0.9335708686102502
1092.5	0.9444573004341138
1093.	0.9550262545970379
1093.5	0.9652911247031538
1094.	0.9752653043565928
1094.5	0.9849698748519877
1095.	0.9944074670267675
1095.5	1.0035883994088626
1096.	1.0125229905262032
1096.5	1.0212273630177717
1097.	1.0297037096560264
1097.5	1.037960027324477
1098.	1.0460043129066332
1098.5	1.053848276931036
1099.	1.061494717178152
1099.5	1.0689501450734784
1100.	1.076221072042513
1100.5	1.0833169531364417
1101.	1.0902401787047982
1101.5	1.0969960827228038
1102.	1.1035899991656806
1102.5	1.1100295060179637
1103.	1.1163167956418365
1103.5	1.122456304408796
1104.	1.128452468690339
1104.5	1.134311576348544
1105.	1.140035471668093
1105.5	1.1456278504242496
1106.	1.1510924083922776
1106.5	1.1564340238379496
1107.	1.1616547370498171
1107.5	1.1667577708069405
1108.	1.1717463478883805
1108.5	1.1766249194652227
1109.	1.181394988567692
1109.5	1.186059286618038
1110.	1.190620545038511
1110.5	1.1950822947124804
1111.	1.1994461478166292
1111.5	1.2037145159887597
1112.	1.2078898108666745
1112.5	1.2119755883859828
1113.	1.2159726581675572
1113.5	1.219882974130077
1114.	1.223708490192222
1114.5	1.2274511654961993
1115.	1.2311129466477497
1115.5	1.2346957854761418
1116.	1.2382016338106436
1116.5	1.2416333567167
1117.	1.2449916274929325
1117.5	1.2482780326741396
1118.	1.251494158795119
1118.5	1.2546420721850702
1119.	1.2577226876666292
1119.5	1.2607373998568334
1120.	1.2636876033727202
1120.5	1.2665747959291804
1121.	1.269400227806257
1121.5	1.272165252381846
1122.	1.2748712230338435
1122.5	1.277520284958299
1123.	1.2801126829876939
1123.5	1.2826494537726634
1124.	1.285131633963842
1124.5	1.2875599406119
1125.	1.2899358578074231
1125.5	1.2922605500410314
1126.	1.2945351818033455
1126.5	1.296761649552274
1127.	1.2989400930242345
1127.5	1.3010713839229324
1128.	1.3031563939520736
1128.5	1.3051960650181178
1129.	1.3071911705409143
1129.5	1.3091425541430668
1130.	1.3110510594471791
1130.5	1.3129177436933794
1131.	1.3147431514397372
1131.5	1.316528040861847
1132.	1.3182731701353023
1132.5	1.3199794744743105
1133.	1.3216474642004077
1133.5	1.3232778266737424
1134.	1.3248712492544639
1134.5	1.3264281994500562
1135.	1.3279496724143989
1135.5	1.329436443448707
1136.	1.330889287854195
1136.5	1.3323098861859028
1137.	1.3336977463896902
1137.5	1.335053281665242
1138.	1.3363769052122432
1138.5	1.3376685860903323
1139.	1.3389293592952587
1139.5	1.3401598156827252
1140.	1.341360546108435
1140.5	1.342532259785282
1141.	1.3436753818689022
1141.5	1.3447904558721229
1142.	1.3458780253077705
1142.5	1.3469389214796568
1143.	1.34797328499323
1143.5	1.348981544244923
1144.	1.349964127631169
1144.5	1.3509215821779068
1145.	1.3518541702002609
1145.5	1.352762272642862
1146.	1.353646270450341
1146.5	1.3544789130713224
1147.	1.3552992655448448
1147.5	1.3561187614139407
1148.	1.3569488342216425
1148.5	1.357795661805996
1149.	1.3586780356970158
1149.5	1.3596094917197294
1150.	1.3606035656991642
1150.5	1.361765488555691
1151.	1.3629804229808566
1151.5	1.3642252267615511
1152.	1.3654767576846645
1152.5	1.3666532974612289
1153.	1.3678137103843357
1153.5	1.3689582846712185
1154.	1.3700873085391103
1154.5	1.371201121991017
1155.	1.3722999407440906
1155.5	1.3733840323012558
1156.	1.3744536641654372
1156.5	1.3755094129127303
1157.	1.37655111334362
1157.5	1.3775789093317627
1158.	1.3785929447508145
1158.5	1.3795926256023923
1159.	1.380579128781007
1159.5	1.3815528933091308
1160.	1.3825143582092356
1160.5	1.3834647757424368
1161.	1.3844034463971053
1161.5	1.3853304839002556
1162.	1.3862460019789022
1162.5	1.3871499009365267
1163.	1.3880425932930898
1163.5	1.3889242781450186
1164.	1.3897951545887413
1164.5	1.390655447571194
1165.	1.3915053199980922
1165.5	1.39234496062566
1166.	1.3931745582101214
1166.5	1.3939940473768033
1167.	1.394803972665186
1167.5	1.3956046244838525
1168.	1.396396293241386
1168.5	1.3971801651666234
1169.	1.3979552765197922
1169.5	1.3987215593813742
1170.	1.3994789458318508
1170.5	1.4002262303476534
1171.	1.4009649376549336
1171.5	1.4016954548757932
1172.	1.4024181691323334
1172.5	1.4031346756194198
1173.	1.403843670157285
1173.5	1.4045450566389246
1174.	1.4052387389573349
1174.5	1.4059234366483213
1175.	1.4066007117049468
1175.5	1.4072709417630838
1176.	1.4079345044586045
1176.5	1.4085923843903052
1177.	1.409244109445965
1177.5	1.4098898144762864
1178.	1.4105296343319724
1178.5	1.4111643952561637
1179.	1.41179326415015
1179.5	1.4124160993076587
1180.	1.4130327590224177
1180.5	1.413641815036634
1181.	1.4142449268161639
1181.5	1.4148424672753428
1182.	1.4154348093285063
1182.5	1.4160233271336977
1183.	1.416606991864062
1183.5	1.417185775936452
1184.	1.4177596517677196
1184.5	1.4183282832605941
1185.	1.418892074751701
1185.5	1.4194511220635428
1186.	1.420005521018621
1186.5	1.420555378167149
1187.	1.4211007743128332
1187.5	1.4216418009870917
1188.	1.4221785497213422
1188.5	1.4227107546012554
1189.	1.423239007582295
1189.5	1.4237635431741775
1190.	1.4242845958866195
1190.5	1.4248031512495745
1191.	1.4253183923444273
1191.5	1.4258302532728
1192.	1.4263386681363146
1192.5	1.4268428251240377
1193.	1.4273437026151685
1193.5	1.4278415330763508
1194.	1.4283365489742286
1194.5	1.4288297634313527
1195.	1.4293203159960974
1195.5	1.4298081268727443
1196.	1.430293116265574
1196.5	1.4307748319738895
1197.	1.4312537155689422
1197.5	1.4317298362170043
1198.	1.432203263084349
1198.5	1.4326740867995045
1199.	1.4331423464815853
1199.5	1.4336081027119625
1200.	1.4340714160720065
1200.5	1.4345319343961636
1201.	1.4349902961114982
1201.5	1.4354467268981503
1202.	1.4359014524362603
1202.5	1.43635552727561
1203.	1.4368080166788413
1203.5	1.4372588147782375
1204.	1.4377078157060823
1204.5	1.4381545114654133
1205.	1.4385993591694581
1205.5	1.439042413802199
1206.	1.4394837303476182
1206.5	1.4399229416365131
1207.	1.4403606936673237
1207.5	1.4407972102853053
1208.	1.441232715335714
1208.5	1.4416682991148542
1209.	1.442102972436513
1209.5	1.4425366125655268
1210.	1.4429690967667315
1210.5	1.4433998870794023
1211.	1.4438294420841604
1211.5	1.4442578051360668
1212.	1.4446850195901817
1212.5	1.4451106741160615
1213.	1.4455354486284726
1213.5	1.4459595683566768
1214.	1.4463832585299363
1214.5	1.4468076526026978
1215.	1.447231704288965
1215.5	1.4476552755279262
1216.	1.4480782282587692
1216.5	1.4484999885501153
1217.	1.4489210285599468
1217.5	1.4493413845756793
1218.	1.4497610928847275
1218.5	1.4501797067061024
1219.	1.4505979386229855
1219.5	1.451016018150154
1220.	1.4514341748023851
1220.5	1.4518536000369064
1221.	1.4522731766490644
1221.5	1.452692749376656
1222.	1.4531121629574777
1222.5	1.453530801914726
1223.	1.4539491552866386
1223.5	1.4543672518968531
1224.	1.454785120569007
1224.5	1.455202271054506
1225.	1.4556194588781113
1225.5	1.4560369204923524
1226.	1.4564548923497593
1226.5	1.456874630646075
1227.	1.4572949441933307
1227.5	1.4577156615467708
1228.	1.4581366112616398
1228.5	1.4585571257799572
1229.	1.4589777282154828
1229.5	1.4593984455687503
1230.	1.459819304840295
1230.5	1.4602398093567346
1231.	1.4606607192620864
1231.5	1.4610822710264515
1232.	1.4615047011199311
1232.5	1.46192929635399
1233.	1.4623548227208196
1233.5	1.4627810965539758
1234.	1.463207934187014
1234.5	1.4636346356976586
1235.	1.4640617401776286
1235.5	1.4644892704628116
1236.	1.4649172493890954
1236.5	1.4653451482009987
1237.	1.4657737619623261
1237.5	1.4662033341455125
1238.	1.4666341082229934
1238.5	1.4670674282511544
1239.	1.4675019968849004
1239.5	1.4679376173630871
1240.	1.4683740929245697
1240.5	1.4688106866088186
1241.	1.4692479579338282
1241.5	1.4696859262182076
1242.	1.4701246107805657
1242.5	1.4705634554350102
1243.	1.4710032852064527
1243.5	1.4714443496153036
1244.	1.4718868981819722
1244.5	1.4723323313447612
1245.	1.472779287339031
1245.5	1.473227555318035
1246.	1.4736769244350258
1246.5	1.4741266158792794
1247.	1.474577213953617
1247.5	1.4750287349968825
1248.	1.47548119534792
1248.5	1.475934000288648
1249.	1.4763880216376064
1249.5	1.476843520156409
1250.	1.47730075660667
1250.5	1.4777612126073052
1251.	1.478223439719707
1251.5	1.4786872103625686
1252.	1.4791522969545836
1252.5	1.479617864536436
1253.	1.4800845358560333
1253.5	1.480552326283273
1254.	1.4810212511880525
1254.5	1.4814906950207294
1255.	1.4819615564385578
1255.5	1.482434103179251
1256.	1.482908602980523
1256.5	1.483386587093649
1257.	1.4838665543373561
1257.5	1.484348267043934
1258.	1.4848314875456714
1258.5	1.4853153587832815
1259.	1.4858005102372596
1259.5	1.486286951996525
1260.	1.4867746941499975
1260.5	1.487263076526299
1261.	1.4877530475787655
1261.5	1.4882448855004349
1262.	1.4887388684843454
1262.5	1.489236592661863
1263.	1.4897364911123674
1263.5	1.4902383148535663
1264.	1.490741814903167
1264.5	1.4912461070141254
1265.	1.4917518315748013
1265.5	1.4922589937088029
1266.	1.4927675985397384
1266.5	1.4932769338214047
1267.	1.4937880089951454
1267.5	1.4943011161324935
1268.	1.4948165473049815
1268.5	1.4953367013632806
1269.	1.4958589208881294
1269.5	1.4963826552394053
1270.	1.496907353776985
1270.5	1.4974289436676038
1271.	1.4979518053415377
1271.5	1.498476797035921
1272.	1.4990047769878876
1272.5	1.4995408546164413
1273.	1.5000799365040984
1273.5	1.5006211804152454
1274.	1.5011637441142682
1274.5	1.5017032161757675
1275.	1.5022437512298292
1275.5	1.5027859347167538
1276.	1.503330352076841
1276.5	1.5038797616920878
1277.	1.50443170688442
1277.5	1.504985903917459
1278.	1.505542069054827
1278.5	1.506099189105026
1279.	1.5066580015688456
1279.5	1.5072185144919552
1280.	1.507780735920025
1280.5	1.5083439131433203
1281.	1.5089091192650765
1281.5	1.5094766666331254
1282.	1.5100468675952983
1282.5	1.5106215549463586
1283.	1.511198912408433
1283.5	1.5117786441505796
1284.	1.512360454341857
1284.5	1.512943294115562
1285.	1.5135279218908197
1285.5	1.5141143430509927
1286.	1.514702562979444
1286.5	1.5152917910121617
1287.	1.515883146998834
1287.5	1.5164769547417742
1288.	1.517073538043295
1288.5	1.5176747996176687
1289.	1.5182788527904654
1289.5	1.5188853897992147
1290.	1.5194941028814457
1290.5	1.520103903773055
1291.	1.5207155774138579
1291.5	1.521329128242037
1292.	1.5219445606957747
1292.5	1.5225610517999875
1293.	1.5231797643714304
1293.5	1.523801033813592
1294.	1.5244251955299613
1294.5	1.525054230132227
1295.	1.525686169732398
1295.5	1.526320691650683
1296.	1.526957473207291
1296.5	1.5275953681475944
1297.	1.5282352067965728
1297.5	1.5288769959043698
1298.	1.5295207422211283
1298.5	1.530166452496992
1299.	1.5308141334821042
1299.5	1.5314637919266079
1300.	1.532115434580647