1076.	-0.29285638895382893
1076.5	-0.4499948703239067
1077.	-0.595228634593169
1077.5	-0.7293649292903428
1078.	-0.8532110019441554
1078.5	-0.9675741000833341
1079.	-1.0732614712366062
1079.5	-1.1710803629326985
1080.	-1.2618380227003387
1080.5	-1.3463416980682539
1081.	-1.425398636565171
1081.5	-1.4998160857198177
1082.	-1.5704012930609208
1082.5	-1.639249044634575
1083.	-1.7053640340451934
1083.5	-1.7690384934145562
1084.	-1.8305646548644436
1084.5	-1.8906013985762022
1085.	-1.94892764938822
1085.5	-2.0056889801984505
1086.	-2.0610309639048476
1086.5	-2.115250373643366
1087.	-2.168281101978759
1087.5	-2.2202082417137805
1088.	-2.271116885651183
1088.5	-2.321167618040805
1089.	-2.3703398436594827
1089.5	-2.4186884587311366
1090.	-2.4662683594796864
1090.5	-2.5131769634161873
1091.	-2.559409636962571
1091.5	-2.605004267827905
1092.	-2.6499987437212544
1092.5	-2.69445700021393
1093.	-2.7383804580078572
1093.5	-2.781796585667205
1094.	-2.824732851756142
1094.5	-2.8672337044855274
1095.	-2.909302840914165
1095.5	-2.950960937747548
1096.	-2.9922286716911697
1096.5	-3.0331383321968044
1097.	-3.0736943381251525
1097.5	-3.1139127210831945
1098.	-3.1538095126779115
1098.5	-3.1934089965301244
1099.	-3.2327156514274384
1099.5	-3.2717422081712977
1100.	-3.3105013975631477
1100.5	-3.3490120004026633
1101.	-3.3872782774937678
1101.5	-3.4253105396386125
1102.	-3.4631190976393507
1102.5	-3.500718814772063
1103.	-3.5381136283754033
1103.5	-3.5753120282619526
1104.	-3.612322504244293
1104.5	-3.649157047945335
1105.	-3.685819246643199
1105.5	-3.7223161894263344
1106.	-3.75865496538319
1106.5	-3.7948454084764496
1107.	-3.830890764970636
1107.5	-3.866797026004505
1108.	-3.902570182716813
1108.5	-3.938218413215535
1109.	-3.973744646882522
1109.5	-4.009154000068843
1110.	-4.044451589125567
1110.5	-4.079644297920224
1111.	-4.1147347682808375
1111.5	-4.149727409551892
1112.	-4.1846266310778715
1112.5	-4.219438288813427
1113.	-4.254164766848809
1113.5	-4.288809895884436
1114.	-4.3233775066207265
1114.5	-4.357872627035423
1115.	-4.39229741164069
1115.5	-4.426655212226011
1116.	-4.460949380580878
1116.5	-4.495184269363307
1117.	-4.529361829146843
1117.5	-4.5634850113735625
1118.	-4.597556767485542
1118.5	-4.631580893151151
1119.	-4.665559157895653
1119.5	-4.699494175470605
1120.	-4.7333885596275636
1120.5	-4.767245642016466
1121.	-4.801067031331139
1121.5	-4.834855054163788
1122.	-4.868612037106621
1122.5	-4.902340921734562
1123.	-4.936043173664009
1123.5	-4.96972087349408
1124.	-5.003376101823893
1124.5	-5.037011469617131
1125.	-5.0706283149625175
1125.5	-5.104228506313346
1126.	-5.137813912122905
1126.5	-5.17138686104653
1127.	-5.204948577254651
1127.5	-5.238500745119741
1128.	-5.272045049014272
1128.5	-5.305583574884728
1129.	-5.339117444899967
1129.5	-5.37264818280286
1130.	-5.4061773123362755
1130.5	-5.439706709477202
1131.	-5.473237404840741
1131.5	-5.506770781276115
1132.	-5.540308221632547
1132.5	-5.573851419195519
1133.	-5.607401322203487
1133.5	-5.640959189331171
1134.	-5.6745262792532865
1134.5	-5.708104125456148
1135.	-5.74169360187824
1135.5	-5.775295857269642
1136.	-5.808912040380433
1136.5	-5.842543544235985
1137.	-5.876191175600968
1137.5	-5.909855985515343
1138.	-5.943539025019075
1138.5	-5.97724156311452
1139.	-6.010964345694285
1139.5	-6.044708336613377
1140.	-6.0784744997267985
1140.5	-6.112263994066304
1141.	-6.146077510239448
1141.5	-6.179915934030532
1142.	-6.213780151223862
1142.5	-6.247671222958162
1143.	-6.2815897895215445
1143.5	-6.315536666556547
1144.	-6.349512669705701
1144.5	-6.383518772646968
1145.	-6.417555569773288
1145.5	-6.451623813513029
1146.	-6.485724256294555
1146.5	-6.519857793388375
1147.	-6.554024977243855
1147.5	-6.588226503152504
1148.	-6.622463066405831
1148.5	-6.656735491758103
1149.	-6.6910442932529675
1149.5	-6.725390114396829
1150.	-6.759773598696093
1150.5	-6.794195507295493
1151.	-6.828656319007775
1151.5	-6.8631566302840135
1152.	-6.897697037575281
1152.5	-6.932278244485278
1153.	-6.966900697451402
1153.5	-7.001564950063676
1154.	-7.036271555912123
1154.5	-7.071021166411112
1155.	-7.105814198196582
1155.5	-7.140651165728818
1156.	-7.1755325834681045
1156.5	-7.210459055375071
1157.	-7.245430970609519
1157.5	-7.280448807831597
1158.	-7.315513045701451
1158.5	-7.350624244930763
1159.	-7.38578276930753
1159.5	-7.420989064671288
1160.	-7.456243576861568
1160.5	-7.49154682708512
1161.	-7.526899155667373
1161.5	-7.562300978300977
1162.	-7.597752710678575
1162.5	-7.633254837846632
1163.	-7.668807678402452
1163.5	-7.704411620297155
1164.	-7.740067051481864
1164.5	-7.7757744238381665
1165.	-7.811534035814528
1165.5	-7.847346249789879
1166.	-7.883211428143155
1166.5	-7.919129992281153
1167.	-7.955102221943794
1167.5	-7.991128455898863
1168.	-8.027209032914147
1168.5	-8.063344346343545
1169.	-8.099534658534282
1169.5	-8.1357802864197
1170.	-8.172081546933143
1170.5	-8.208438807561247
1171.	-8.244852314462735
1171.5	-8.281322364349624
1172.	-8.317849253933934
1172.5	-8.354433326812124
1173.	-8.391074814058001
1173.5	-8.427773993629808
1174.	-8.46453114348579
1174.5	-8.501346585124162
1175.	-8.53822053554721
1175.5	-8.575153255297188
1176.	-8.612145004916355
1176.5	-8.649196085432871
1177.	-8.686306700708727
1177.5	-8.72347709509181
1178.	-8.760707512930018
1178.5	-8.79799823626297
1179.	-8.83534945667014
1179.5	-8.872761403422736
1180.	-8.910234305791958
1180.5	-8.947768428180195
1181.	-8.98536395067499
1181.5	-9.023021088495073
1182.	-9.06074005685917
1182.5	-9.09852110376687
1183.	-9.136364398543702
1183.5	-9.174270143296047
1184.	-9.212238540130292
1184.5	-9.25026982177293
1185.	-9.288364147462197
1185.5	-9.32652170705643
1186.	-9.364742690413978
1186.5	-9.403027316023854
1187.	-9.441375733661454
1187.5	-9.47978812173285
1188.	-9.518264658644117
1188.5	-9.55680554959766
1189.	-9.595410935484681
1189.5	-9.63408098399272
1190.	-9.672815862809312
1190.5	-9.711615764724641
1191.	-9.750480822282544
1191.5	-9.789411193129496
1192.	-9.828407034911981
1192.5	-9.867468528813239
1193.	-9.906595799528283
1193.5	-9.945788995288888
1194.	-9.985048264326828
1194.5	-10.024373776961038
1195.	-10.063765650501269
1195.5	-10.103224024344433
1196.	-10.14274903788744
1196.5	-10.18234085127077
1197.	-10.221999574850337
1197.5	-10.261725339725624
1198.	-10.301518276996116
1198.5	-10.341378537258045
1199.	-10.381306224315443
1199.5	-10.421301461469096
1200.	-10.461364372019787
1200.5	-10.501495097606707
1201.	-10.54169373585687
1201.5	-10.581960402735694
1202.	-10.6222952142086
1202.5	-10.662698303502086
1203.	-10.703169762416065
1203.5	-10.743709700011527
1204.	-10.784318225349457
1204.5	-10.824995463748879
1205.	-10.86574150150954
1205.5	-10.906556441189212
1206.	-10.947440385345676
1206.5	-10.988393451859908
1207.	-11.029415721837204
1207.5	-11.070507291706061
1208.	-11.111668257894976
1208.5	-11.152898731283447
1209.	-11.194198788068567
1209.5	-11.235568518898432
1210.	-11.27700801442114
1210.5	-11.318517378921412
1211.	-11.360096683956066
1211.5	-11.401746014718547
1212.	-11.443465456402304
1212.5	-11.485255107076132
1213.	-11.527115033907982
1213.5	-11.569045316941162
1214.	-11.611046036218974
1214.5	-11.653117283947923
1215.	-11.695259123142835
1215.5	-11.737471628981735
1216.	-11.779754876642649
1216.5	-11.82210895279998
1217.	-11.864533916536821
1217.5	-11.907029838432651
1218.	-11.949596789066941
1218.5	-11.992234849890659
1219.	-12.034944076263187
1219.5	-12.077724534415403
1220.	-12.120576290578182
1220.5	-12.163499421267817
1221.	-12.206493978315603
1221.5	-12.249560023838248
1222.	-12.29269761995246
1222.5	-12.335906838510295
1223.	-12.37918772799898
1223.5	-12.422540346641085
1224.	-12.465964752659183
1224.5	-12.50946101349447
1225.	-12.55302917446344
1225.5	-12.596669290101213
1226.	-12.640381414942908
1226.5	-12.684165612256564
1227.	-12.728021924351218
1227.5	-12.771950402268821
1228.	-12.815951097051329
1228.5	-12.860024068016715
1229.	-12.904169354620503
1229.5	-12.948387004594238
1230.	-12.992677065669465
1230.5	-13.037039593423659
1231.	-13.081474624604061
1231.5	-13.125982203803849
1232.	-13.170562375616196
1232.5	-13.215215192075076
1233.	-13.259940687356542
1233.5	-13.304738903077444
1234.	-13.349609880854638
1234.5	-13.39455366936392
1235.	-13.43957030033962
1235.5	-13.484659812575014
1236.	-13.529822244863379
1236.5	-13.575057642696779
1237.	-13.620366035490184
1237.5	-13.665747459357354
1238.	-13.71120195041205
1238.5	-13.756729551126929
1239.	-13.802330288713295
1239.5	-13.848004196741348
1240.	-13.893751308781294
1240.5	-13.939571664441303
1241.	-13.985465288838416
1241.5	-14.03143221312765
1242.	-14.077472468464014
1242.5	-14.123586091737206
1243.	-14.169773106073682
1243.5	-14.216033540334589
1244.	-14.262367423381065
1244.5	-14.308774789522289
1245.	-14.355255659992151
1245.5	-14.401810061472577
1246.	-14.448438020645494
1246.5	-14.495139569369702
1247.	-14.541914727079503
1247.5	-14.588763518386076
1248.	-14.635685967900596
1248.5	-14.682682105154505
1249.	-14.72975194787061
1249.5	-14.776895518691987
1250.	-14.824112840261702
1250.5	-14.871403939900121
1251.	-14.918768833702108
1251.5	-14.966207542439815
1252.	-15.0137200868854
1252.5	-15.061306492258144
1253.	-15.108966773104221
1253.5	-15.156700948416937
1254.	-15.204509037189592
1254.5	-15.252391062644474
1255.	-15.300347037854308
1255.5	-15.348376980120806
1256.	-15.396480906745676
1256.5	-15.44465883905277
1257.	-15.492910788712802
1257.5	-15.54123677141862
1258.	-15.589636802863076
1258.5	-15.638110902564952
1259.	-15.686659080860801
1259.5	-15.735281351913109
1260.	-15.783977729884358
1260.5	-15.832748232576737
1261.	-15.881592869057137
1261.5	-15.93051165203216
1262.	-15.979504594208406
1262.5	-16.028571711755376
1263.	-16.077713012531603
1263.5	-16.126928507858533
1264.	-16.176218209057595
1264.5	-16.2255821307452
1265.	-16.27502027962983
1265.5	-16.324532665714937
1266.	-16.37411929900397
1266.5	-16.423780192635775
1267.	-16.47351535222425
1267.5	-16.52332478651869
1268.	-16.57320850426839
1268.5	-16.623166517206343
1269.	-16.67319882990466
1269.5	-16.723305449919156
1270.	-16.773486384805636
1270.5	-16.823741644959373
1271.	-16.87407123396094
1271.5	-16.924475158230365
1272.	-16.974953424187685
1272.5	-17.025506040955158
1273.	-17.076133011169688
1273.5	-17.126834340170415
1274.	-17.177610033296475
1274.5	-17.22846009845865
1275.	-17.279384537395778
1275.5	-17.33038335441833
1276.	-17.381456553836788
1276.5	-17.432604142408966
1277.	-17.48382612101907
1277.5	-17.535122492998653
1278.	-17.586493261679255
1278.5	-17.637938432721377
1279.	-17.68945800619603
1279.5	-17.74105198450317
1280.	-17.792720370042765
1280.5	-17.844463167430963
1281.	-17.896280375965066
1281.5	-17.94817199715856
1282.	-18.000138032524934
1282.5	-18.052178485686408
1283.	-18.104293355204245
1283.5	-18.156482641748436
1284.	-18.208746345988974
1284.5	-18.261084470602167
1285.	-18.313497013449172
1285.5	-18.365983974397455
1286.	-18.41854535331449
1286.5	-18.471181151976396
1287.	-18.523891367578525
1287.5	-18.576675999224882
1288.	-18.629535046019473
1288.5	-18.682468508881826
1289.	-18.735476384374213
1289.5	-18.788558670874437
1290.	-18.84171536676029
1290.5	-18.894946472136244
1291.	-18.948251982962752
1291.5	-19.00163189692695
1292.	-19.05508621171596
1292.5	-19.1086149266588
1293.	-19.16221803714396
1293.5	-19.215895540201814
1294.	-19.26964743286274
1294.5	-19.32347371371807
1295.	-19.377374377612835
1295.5	-19.431349420953037
1296.	-19.485398840144665
1296.5	-19.539522633077407
1297.	-19.593720794080085
1297.5	-19.647993318965217
1298.	-19.702340203545322
1298.5	-19.756761443632914
1299.	-19.811257035040512
1299.5	-19.865826973580628
1300.	-19.920471255065785