1076.	-0.3421169889538289
1076.5	-0.5261321476676567
1077.	-0.696310753343169
1077.5	-0.8535931050715928
1078.	-0.9989195019441555
1078.5	-1.1332302430520842
1079.	-1.257465627486606
1079.5	-1.3725659543389486
1080.	-1.4794715227003388
1080.5	-1.579122631662004
1081.	-1.6724595803151712
1081.5	-1.7604226677510677
1082.	-1.8439521930609208
1082.5	-1.925489161822075
1083.	-2.0038728840451934
1083.5	-2.079443376227056
1084.	-2.1525406548644437
1084.5	-2.2239298610762024
1085.	-2.2933558368882196
1085.5	-2.36098854894845
1086.	-2.4269979639048476
1086.5	-2.491733842393366
1087.	-2.5551144394787593
1087.5	-2.6172378042137803
1088.	-2.6782019856511834
1088.5	-2.738191133665805
1089.	-2.797182756159483
1089.5	-2.8552404618561362
1090.	-2.912427859479686
1090.5	-2.9688551141974373
1091.	-3.0245206557125712
1091.5	-3.079469470171655
1092.	-3.1337465437212546
1092.5	-3.1874352619326802
1093.	-3.240526851757857
1093.5	-3.293050939573455
1094.	-3.3450371517561424
1094.5	-3.3965235122980277
1095.	-3.447527890914165
1095.5	-3.4980765549350483
1096.	-3.54819577169117
1096.5	-3.597937374384305
1097.	-3.6472918381251525
1097.5	-3.6962752038956945
1098.	-3.7449035126779116
1098.5	-3.7931892371551243
1099.	-3.8411534139274384
1099.5	-3.8888135112962976
1100.	-3.936186997563148
1100.5	-3.9833122894651636
1101.	-4.030177527493768
1101.5	-4.076791800576113
1102.	-4.123164197639351
1102.5	-4.169302500709564
1103.	-4.215217628375404
1103.5	-4.260919192324453
1104.	-4.306416804244293
1104.5	-4.351715194820335
1105.	-4.396830809143199
1105.5	-4.4417752113013345
1106.	-4.48655996538319
1106.5	-4.531216583476449
1107.	-4.575728702470635
1107.5	-4.620099907254505
1108.	-4.664333782716813
1108.5	-4.708423522590535
1109.	-4.752387259382522
1109.5	-4.796232734443843
1110.	-4.839967689125567
1110.5	-4.883611257295224
1111.	-4.927155230780838
1111.5	-4.970602793926893
1112.	-5.013957131077872
1112.5	-5.057218619282176
1113.	-5.100394373098808
1113.5	-5.143488699790686
1114.	-5.186505906620726
1114.5	-5.229445935629173
1115.	-5.272319205390689
1115.5	-5.3151317692572615
1116.	-5.357889680580878
1116.5	-5.4006050209258065
1117.	-5.443275404146843
1117.5	-5.485904472311063
1118.	-5.528495867485542
1118.5	-5.571066677526151
1119.	-5.613601720395653
1119.5	-5.656099259845605
1120.	-5.698557559627564
1120.5	-5.7409517224852165
1121.	-5.783312437581139
1121.5	-5.825647233070039
1122.	-5.86796363710662
1122.5	-5.910281249859562
1123.	-5.952590698664009
1123.5	-5.99489468286908
1124.	-6.0371959018238925
1124.5	-6.07951185477338
1125.	-6.121824521212518
1125.5	-6.164130680532096
1126.	-6.206427112122904
1126.5	-6.24868376260903
1127.	-6.2909349772546515
1127.5	-6.333188268557241
1128.	-6.375451149014272
1128.5	-6.417760052228478
1129.	-6.460082001149967
1129.5	-6.502412939834111
1130.	-6.544748812336276
1130.5	-6.587056278227202
1131.	-6.629372279840741
1131.5	-6.671704475026115
1132.	-6.714060521632548
1132.5	-6.756470930914269
1133.	-6.798911365953487
1133.5	-6.841380343237421
1134.	-6.883876379253286
1134.5	-6.926390870768649
1135.	-6.96893230187824
1135.5	-7.011502036957142
1136.	-7.054101440380433
1136.5	-7.096732116892235
1137.	-7.139395094350968
1137.5	-7.182091640984094
1138.	-7.2248230250190755
1138.5	-7.26759074827077
1139.	-7.310395751944285
1139.5	-7.353239210832127
1140.	-7.396122299726798
1140.5	-7.439046372972554
1141.	-7.482012353989448
1141.5	-7.525021345749282
1142.	-7.568074451223862
1142.5	-7.611182940926912
1143.	-7.6543336832715445
1143.5	-7.697523714212796
1144.	-7.740750069705701
1144.5	-7.783980326553217
1145.	-7.827252763523288
1145.5	-7.8705762002317785
1146.	-7.913959456294554
1146.5	-7.957276638700874
1147.	-8.000725164743855
1147.5	-8.044367739090003
1148.	-8.08826706640583
1148.5	-8.132413734726853
1149.	-8.176971412002967
1149.5	-8.22203164955308
1150.	-8.267685998696093
1150.5	-8.314618237764243
1151.	-8.362090800257777
1151.5	-8.409958346690264
1152.	-8.458075537575281
1152.5	-8.505931828079028
1153.	-8.553893166201403
1153.5	-8.601960294594926
1154.	-8.650133955912123
1154.5	-8.698404646879862
1155.	-8.746787454446583
1155.5	-8.79528721963507
1156.	-8.843908783468105
1156.5	-8.892696611625071
1157.	-8.94160007060952
1157.5	-8.990608151581597
1158.	-9.03970984570145
1158.5	-9.088833819930763
1159.	-9.13805351930753
1159.5	-9.187382064671288
1160.	-9.236832576861568
1160.5	-9.28646166614762
1161.	-9.336221568167375
1161.5	-9.386108007988478
1162.	-9.436116710678576
1162.5	-9.486231302690383
1163.	-9.536464447152452
1163.5	-9.586816708578406
1164.	-9.637288651481864
1164.5	-9.687880904306917
1165.	-9.738593942064528
1165.5	-9.789428303696129
1166.	-9.840384528143154
1166.5	-9.891463217281153
1167.	-9.942664821943794
1167.5	-9.993989855898864
1168.	-10.045438832914147
1168.5	-10.097012329156044
1169.	-10.148710771034283
1169.5	-10.200534647357202
1170.	-10.252484446933142
1170.5	-10.304560713029996
1171.	-10.356763858212734
1171.5	-10.409094349505873
1172.	-10.461552653933934
1172.5	-10.514123355718375
1173.	-10.566829157808002
1173.5	-10.619676880348559
1174.	-10.67267334348579
1174.5	-10.725872762467914
1175.	-10.77921560429721
1175.5	-10.832689731078439
1176.	-10.886283004916356
1176.5	-10.939936422151623
1177.	-10.993703456958727
1177.5	-11.04759071774806
1178.	-11.101604812930018
1178.5	-11.155750576106719
1179.	-11.210037100420141
1179.5	-11.264471704203986
1180.	-11.319061705791958
1180.5	-11.373865923492694
1181.	-11.428819575674991
1181.5	-11.483909380682572
1182.	-11.53912205685917
1182.5	-11.594393363141872
1183.	-11.649781361043702
1183.5	-11.705293152671047
1184.	-11.760935840130292
1184.5	-11.81671463036668
1185.	-11.872639278712198
1185.5	-11.928717645337683
1186.	-11.984957590413979
1186.5	-12.041422807430104
1187.	-12.098042989911454
1187.5	-12.154803664701602
1188.	-12.211690358644118
1188.5	-12.26861355897266
1189.	-12.325663847984682
1189.5	-12.38285676836772
1190.	-12.440207862809313
1190.5	-12.497789472537143
1191.	-12.555537622282545
1191.5	-12.613445135316997
1192.	-12.671504834911982
1192.5	-12.72971162256324
1193.	-12.788055412028283
1193.5	-12.846528195288888
1194.	-12.905121964326828
1194.5	-12.963766846492287
1195.	-13.022541444251269
1195.5	-13.081462495438181
1196.	-13.140546737887439
1196.5	-13.19987228564577
1197.	-13.259369949850337
1197.5	-13.319031917850625
1198.	-13.378850376996116
1198.5	-13.438797264601794
1199.	-13.498893118065443
1199.5	-13.559138224750347
1200.	-13.619532872019787
1200.5	-13.680077361669207
1201.	-13.74077196085687
1201.5	-13.801616951173195
1202.	-13.8626126142086
1202.5	-13.923759252720838
1203.	-13.985057118666067
1203.5	-14.046506485167777
1204.	-14.108107625349458
1204.5	-14.16986082468638
1205.	-14.231766339009539
1205.5	-14.293824436501712
1206.	-14.356035385345676
1206.5	-14.418399476859907
1207.	-14.480916946837205
1207.5	-14.543588054206062
1208.	-14.606413057894976
1208.5	-14.669392227377196
1209.	-14.732525806818566
1209.5	-14.795814050929682
1210.	-14.85925721442114
1210.5	-14.92285556564016
1211.	-14.986609340206066
1211.5	-15.050518787374799
1212.	-15.114584156402305
1212.5	-15.178805721138632
1213.	-15.243183696407982
1213.5	-15.307718321628663
1214.	-15.372409836218974
1214.5	-15.437258476135423
1215.	-15.502264485642835
1215.5	-15.567428105544236
1216.	-15.632749576642649
1216.5	-15.698201475456228
1217.	-15.763822772786822
1217.5	-15.829624775151402
1218.	-15.89561878906694
1218.5	-15.961898569421908
1219.	-16.028359995013187
1219.5	-16.094981393009153
1220.	-16.161741090578182
1220.5	-16.228506651736566
1221.	-16.295411472065602
1221.5	-16.362478183994497
1222.	-16.42972941995246
1222.5	-16.497301103354044
1223.	-16.56505725924898
1223.5	-16.632975203672334
1224.	-16.701032252659182
1224.5	-16.76908991505697
1225.	-16.83728763696344
1225.5	-16.905649057288713
1226.	-16.974197814942908
1226.5	-17.043075944287814
1227.	-17.11214133060122
1227.5	-17.18137025461257
1228.	-17.25073899705133
1228.5	-17.320102854735463
1229.	-17.389607485870503
1229.5	-17.459277564750487
1230.	-17.529137765669464
1230.5	-17.599304153579908
1231.	-17.66967345585406
1231.5	-17.7402337905226
1232.	-17.810973275616195
1232.5	-17.881882739731324
1233.	-17.952946506106542
1233.5	-18.024151608546195
1234.	-18.095485080854637
1234.5	-18.16683583108267
1235.	-18.238328269089617
1235.5	-18.309988678981263
1236.	-18.381843344863377
1236.5	-18.454015998946776
1237.	-18.52639649799018
1237.5	-18.598972146857353
1238.	-18.67173025041205
1238.5	-18.744625869876927
1239.	-18.817691451213292
1239.5	-18.890927196741348
1240.	-18.964333308781292
1240.5	-19.037909987878802
1241.	-19.111657438838414
1241.5	-19.185575864690147
1242.	-19.259665468464014
1242.5	-19.333926470643455
1243.	-19.408359049823684
1243.5	-19.48296340205334
1244.	-19.557739723381065
1244.5	-19.632688203584788
1245.	-19.70780904749215
1245.5	-19.783102453660074
1246.	-19.858568620645492
1246.5	-19.93420776390095
1247.	-20.010020058329502
1247.5	-20.086005695729824
1248.	-20.162164867900596
1248.5	-20.238459009842007
1249.	-20.314942572870613
1249.5	-20.391631251504485
1250.	-20.4685407402617
1250.5	-20.54580223443137
1251.	-20.623269727452108
1251.5	-20.700912713533565
1252.	-20.7787006868854
1252.5	-20.856488411789393
1253.	-20.934406004354223
1253.5	-21.012468850760687
1254.	-21.09069233718959
1254.5	-21.169088764206972
1255.	-21.247677837854308
1255.5	-21.326476178558305
1256.	-21.405500406745677
1256.5	-21.484889603896523
1257.	-21.564488944962804
1257.5	-21.644266065949868
1258.	-21.724188602863077
1258.5	-21.8040598439712
1259.	-21.8840775121108
1259.5	-21.96427498238186
1260.	-22.044685629884356
1260.5	-22.125510360701735
1261.	-22.206548006557135
1261.5	-22.28776493015716
1262.	-22.369127494208406
1262.5	-22.450431326599126
1263.	-22.531881818781606
1263.5	-22.613513627389782
1264.	-22.695361409057597
1264.5	-22.77758865965145
1265.	-22.86004966087983
1265.5	-22.942727533683687
1266.	-23.025605399003968
1266.5	-23.108623712948273
1267.	-23.19182532722425
1267.5	-23.275210428706192
1268.	-23.35877920426839
1268.5	-23.442578683612595
1269.	-23.526543473654662
1269.5	-23.610655024137905
1270.	-23.694894784805637
1270.5	-23.779104524646872
1271.	-23.86346124646094
1271.5	-23.948002272292868
1272.	-24.032764924187685
1272.5	-24.117925366736408
1273.	-24.20332654241969
1273.5	-24.288950236264164
1274.	-24.374778233296475
1274.5	-24.4607463133024
1275.	-24.546900668645776
1275.5	-24.633241486449577
1276.	-24.719768953836788
1276.5	-24.806432924440216
1277.	-24.89330405226907
1277.5	-24.980402657842404
1278.	-25.067749061679255
1278.5	-25.15551371553388
1279.	-25.24350675619603
1279.5	-25.33168845169067
1280.	-25.420019070042766
1280.5	-25.508309631493464
1281.	-25.596729350965067
1281.5	-25.68529819559606
1282.	-25.774036132524934
1282.5	-25.863012595842658
1283.	-25.952178298954244
1283.5	-26.041533422217185
1284.	-26.131078145988972
1284.5	-26.220758656539665
1285.	-26.310650725949174
1285.5	-26.40077613220996
1286.	-26.49115665331449
1286.5	-26.581975104320147
1287.	-26.673027811328524
1287.5	-26.764272137506133
1288.	-26.855665446019472
1288.5	-26.946949121381824
1289.	-27.038382896874214
1289.5	-27.130010527124437
1290.	-27.22187576676029
1290.5	-27.314185270573745
1291.	-27.406754732962753
1291.5	-27.49956274848945
1292.	-27.59258791171596
1292.5	-27.6858126235338
1293.	-27.77921014964396
1293.5	-27.872757562076814
1294.	-27.96643193286274
1294.5	-28.060037913718066
1295.	-28.153793965112836
1295.5	-28.247746127203037
1296.	-28.341940440144665
1296.5	-28.436594402608655
1297.	-28.531514012830087
1297.5	-28.62667672755897
1298.	-28.722060003545323
1298.5	-28.817641297539165
1299.	-28.91339806629051
1299.5	-29.00930776654938
1300.	-29.105347855065787