1076.	0.5166527717649663
1076.5	0.793888925985696
1077.	1.0500776941057512
1077.5	1.286639960537551
1078.	1.504996609693514
1078.5	1.706568525986059
1079.	1.8927765938276049
1079.5	2.065041697630571
1080.	2.2247847218073753
1080.5	2.3734265507704375
1081.	2.512388068932176
1081.5	2.6430901607050097
1082.	2.7669537105013573
1082.5	2.8876668721794427
1083.	3.0034763529275583
1083.5	3.114896129379801
1084.	3.2224401781702667
1084.5	3.3272670742908175
1085.	3.42898835667468
1085.5	3.5278601626128454
1086.	3.6241386293963043
1086.5	3.7183531734895814
1087.	3.810377341340721
1087.5	3.900357958571302
1088.	3.9884418508029014
1088.5	4.074901247984413
1089.	4.159707409679173
1089.5	4.242956999777834
1090.	4.324746682171048
1090.5	4.405251467929584
1091.	4.4844583348919285
1091.5	4.562432608076687
1092.	4.639239612502463
1092.5	4.7149906039020415
1093.	4.789686604294175
1093.5	4.863374566411796
1094.	4.936101442987837
1094.5	5.0079441547811046
1095.	5.078907699288307
1095.5	5.149027042032029
1096.	5.218337148534852
1096.5	5.286887148756312
1097.	5.35469217800726
1097.5	5.421781536035498
1098.	5.488184522588829
1098.5	5.553950152026203
1099.	5.619080123639816
1099.5	5.683595851333012
1100.	5.747518749009134
1100.5	5.81088097216734
1101.	5.873688896476834
1101.5	5.935959639202634
1102.	5.99771031760976
1102.5	6.058966170958766
1103.	6.119732945720919
1103.5	6.180024510363025
1104.	6.239854733351887
1104.5	6.299243759553885
1105.	6.358196670476419
1105.5	6.416724824026461
1106.	6.474839578110986
1106.5	6.532548658474307
1107.	6.589868508051124
1107.5	6.646811937613477
1108.	6.703391757933403
1108.5	6.759631975857785
1109.	6.815529727653883
1109.5	6.8710933456637955
1110.	6.926331162229625
1110.5	6.981254723518931
1111.	7.035867862518174
1111.5	7.090177626039272
1112.	7.1441910608941415
1112.5	7.19792787441544
1113.	7.251377388686051
1113.5	7.304541586309599
1114.	7.3574224498897065
1114.5	7.409994653130335
1115.	7.4622984110946335
1115.5	7.514346629946091
1116.	7.566152215848194
1116.5	7.617759029128739
1117.	7.669136640121183
1117.5	7.720285573323292
1118.	7.771206353232832
1118.5	7.821891585244691
1119.	7.872352880600662
1119.5	7.922593931439661
1120.	7.972618429900605
1120.5	8.02241946351593
1121.	8.072015570873624
1121.5	8.121414685955191
1122.	8.170624742742136
1122.5	8.219677879927028
1123.	8.268548144895888
1123.5	8.3172337897458
1124.	8.365733066573842
1124.5	8.414021262704585
1125.	8.46212878091663
1125.5	8.510063059216069
1126.	8.55783153560899
1126.5	8.60545405288616
1127.	8.652920682355116
1127.5	8.700233900108078
1128.	8.74739618223726
1128.5	8.794424947730679
1129.	8.841301752626432
1129.5	8.88802309585842
1130.	8.934585476360537
1130.5	8.980944291007887
1131.	9.02715358161668
1131.5	9.073226287944333
1132.	9.119175349748259
1132.5	9.165055656019721
1133.	9.21082141758875
1133.5	9.256468794519224
1134.	9.301993946875017
1134.5	9.347380042205858
1135.	9.392641430095432
1135.5	9.437779467613279
1136.	9.482795511828932
1136.5	9.527691478148098
1137.	9.572467941969677
1137.5	9.61712603702874
1138.	9.661666897060359
1138.5	9.706092161730416
1139.	9.750402256470842
1139.5	9.794598112644383
1140.	9.83868066161378
1140.5	9.882633722387563
1141.	9.926482183624378
1141.5	9.970233821628659
1142.	10.013896412704838
1142.5	10.057493919651206
1143.	10.10101145768079
1143.5	10.144450328500481
1144.	10.187811833817161
1144.5	10.231045903267686
1145.	10.274225759456993
1145.5	10.31737325291998
1146.	10.360510234191551
1146.5	10.404696909385736
1147.	10.448501431226655
1147.5	10.491530308017559
1148.	10.5333900480617
1148.5	10.57372229398279
1149.	10.61208436603543
1149.5	10.648068718794683
1150.	10.681267806835612
1150.5	10.708440321707418
1151.	10.733145986221373
1151.5	10.756110760162883
1152.	10.778060603317357
1152.5	10.801535134590457
1153.	10.824721190999236
1153.5	10.847619268681001
1154.	10.870229863773059
1154.5	10.892555857117
1155.	10.914594406264134
1155.5	10.936345053470054
1156.	10.957807340990355
1156.5	10.978976704914809
1157.	10.999858436131158
1157.5	11.020453719361319
1158.	11.040763739327218
1158.5	11.060791913831132
1159.	11.08053630128248
1159.5	11.09999719317104
1160.	11.11917488098659
1160.5	11.138069792778746
1161.	11.156682028853508
1161.5	11.175011826076723
1162.	11.19305942131423
1162.5	11.210923288297327
1163.	11.228466132280216
1163.5	11.245648895382558
1164.	11.262432519724014
1164.5	11.278489164827663
1165.	11.294184068448374
1165.5	11.309593685744435
1166.	11.324794471874139
1166.5	11.3401440459462
1167.	11.355325233588314
1167.5	11.3703020243786
1168.	11.385038407895177
1168.5	11.399408012584285
1169.	11.413501333608679
1169.5	11.427318504999226
1170.	11.440859660786804
1170.5	11.454152803601906
1171.	11.467159051435932
1171.5	11.479867390879905
1172.	11.49226680852485
1172.5	11.504263788534407
1173.	11.515962820897935
1173.5	11.527385893177408
1174.	11.538554992934802
1174.5	11.549603340461015
1175.	11.560397197497531
1175.5	11.570914058514761
1176.	11.58113141798311
1176.5	11.590942738893931
1177.	11.600443159788309
1177.5	11.609643787728276
1178.	11.61855572977586
1178.5	11.627217950217789
1179.	11.635602556001519
1179.5	11.6437095112992
1180.	11.651538780282984
1180.5	11.659090378248669
1181.	11.666364197795303
1181.5	11.673360182645578
1182.	11.680078276522188
1182.5	11.686518500656943
1183.	11.692680690259774
1183.5	11.698564758049724
1184.	11.704170616745841
1184.5	11.709498213058218
1185.	11.714547412118437
1185.5	11.719318113049125
1186.	11.723810214972914
1186.5	11.728057877384751
1187.	11.732013034886016
1187.5	11.735661882450412
1188.	11.738990615051637
1188.5	11.741883742873947
1189.	11.744469819596267
1189.5	11.746775714108079
1190.	11.74882829529886
1190.5	11.75079126725057
1191.	11.75249992958322
1191.5	11.753926417109298
1192.	11.755042864641297
1192.5	11.755718039781296
1193.	11.756068791436357
1193.5	11.75610860130313
1194.	11.755850951078264
1194.5	11.755343549966266
1195.	11.754551961152794
1195.5	11.75347597533136
1196.	11.752115383195477
1196.5	11.750470012732034
1197.	11.748539602423811
1197.5	11.746323928046971
1198.	11.743822765377672
1198.5	11.741035928880553
1199.	11.737963140167905
1199.5	11.734604159540494
1200.	11.730958747299091
1200.5	11.727067086825775
1201.	11.722872346107478
1201.5	11.718358116212444
1202.	11.71350798820892
1202.5	11.708226665495806
1203.	11.702608181878427
1203.5	11.696667683492764
1204.	11.6904203164748
1204.5	11.68387755994494
1205.	11.677059693860972
1205.5	11.66998333116511
1206.	11.662665084799567
1206.5	11.655247426173549
1207.	11.647570766375479
1207.5	11.63960137496077
1208.	11.63130552148484
1208.5	11.622524621300899
1209.	11.61339973984745
1209.5	11.60394708836079
1210.	11.594182878077216
1210.5	11.584164651917886
1211.	11.573850756760294
1211.5	11.563240871166794
1212.	11.552334673699743
1212.5	11.541178032477555
1213.	11.529705960684097
1213.5	11.5178996610593
1214.	11.505740336343091
1214.5	11.493071748521775
1215.	11.480067517390358
1215.5	11.46676382199022
1216.	11.453196841362743
1216.5	11.439587417953415
1217.	11.425713202037866
1217.5	11.411536507295827
1218.	11.397019647407038
1218.5	11.381936309167045
1219.	11.36651288389345
1219.5	11.350787136019663
1220.	11.334796829979101
1220.5	11.318772449830101
1221.	11.302481952531176
1221.5	11.285886014665769
1222.	11.268945312817323
1222.5	11.251475027275964
1223.	11.233639529435774
1223.5	11.215457694397518
1224.	11.196948397261963
1224.5	11.178231035360588
1225.	11.159183752671163
1225.5	11.13978521540217
1226.	11.12001408976209
1226.5	11.099693121838879
1227.	11.079019266009755
1227.5	11.058033556531417
1228.	11.036777027660552
1228.5	11.015500109052287
1229.	10.993950681405513
1229.5	10.97208602081755
1230.	10.94986340338572
1230.5	10.927026441178281
1231.	10.903831539933243
1231.5	10.880321441359554
1232.	10.856538887166156
1232.5	10.832744657373906
1233.	10.808676240055078
1233.5	10.784289161593858
1234.	10.759538948374427
1234.5	10.734216566698823
1235.	10.708507927066234
1235.5	10.682434379893703
1236.	10.656017275598273
1236.5	10.62933247022629
1237.	10.602325006313771
1237.5	10.574994432026037
1238.	10.547340295528407
1238.5	10.519422278867017
1239.	10.491155742774051
1239.5	10.462516181862503
1240.	10.433479090745369
1240.5	10.403840780892743
1241.	10.373827603317684
1241.5	10.343486725890347
1242.	10.312865316480892
1242.5	10.282251062359038
1243.	10.251354404235549
1243.5	10.22012630222076
1244.	10.188517716424997
1244.5	10.156234473464272
1245.	10.123570720340965
1245.5	10.090575470563136
1246.	10.057297737638848
1246.5	10.02403638153088
1247.	9.990490630710683
1247.5	9.956609560104425
1248.	9.922342244638276
1248.5	9.887515292701822
1249.	9.852249232372452
1249.5	9.816542125190976
1250.	9.780392032698195
1250.5	9.743662557246097
1251.	9.706540003239835
1251.5	9.66907621589574
1252.	9.631323040430146
1252.5	9.593528038211979
1253.	9.55546905184394
1253.5	9.517119640081328
1254.	9.478453361679438
1254.5	9.439448717692148
1255.	9.400072347656742
1255.5	9.360295833409085
1256.	9.320090756785039
1256.5	9.279291715743167
1257.	9.238062069547556
1257.5	9.196428193584998
1258.	9.154416463242274
1258.5	9.112120531373515
1259.	9.069472584911226
1259.5	9.026472088255261
1260.	8.983118505805468
1260.5	8.939411313449218
1261.	8.89534995950383
1261.5	8.850933903774148
1262.	8.806162606065012
1262.5	8.76103554123833
1263.	8.71555214801905
1263.5	8.669711880189185
1264.	8.623514191530752
1264.5	8.577034745875666
1265.	8.53016630293608
1265.5	8.482877832474045
1266.	8.435138304251616
1266.5	8.386689413402115
1267.	8.337818314167821
1267.5	8.288584886162276
1268.	8.239049008999029
1268.5	8.189575412374353
1269.	8.139797185785973
1269.5	8.089652268814346
1270.	8.039078601039925
1270.5	7.987784210132823
1271.	7.9360289123479735
1271.5	7.883842612029968
1272.	7.831255213523399
1272.5	7.7784544316578454
1273.	7.725249236098916
1273.5	7.671606406997207
1274.	7.617492724503315
1274.5	7.5626315524420455
1275.	7.5073304538201
1275.5	7.451653575318391
1276.	7.395665063617827
1276.5	7.339755512118437
1277.	7.28353204209437
1277.5	7.226928221538892
1278.	7.16987761844527
1278.5	7.111981844957046
1279.	7.0536392072570955
1279.5	6.9949160556785746
1280.	6.935878740554635
1280.5	6.87693116396677
1281.	6.81766710380046
1281.5	6.758017889689524
1282.	6.697914851267782
1282.5	6.637034795494253
1283.	6.575665383747474
1283.5	6.513839754731184
1284.	6.4515910471491225
1284.5	6.389126880741607
1285.	6.326236120761165
1285.5	6.262882113496904
1286.	6.19902820523793
1286.5	6.134368930155304
1287.	6.069243971503397
1287.5	6.003724200418536
1288.	5.937880488037045
1288.5	5.872144115856103
1289.	5.806081380506841
1289.5	5.739618988981244
1290.	5.6726836482712955
1290.5	5.604930346654294
1291.	5.536666197322785
1291.5	5.467926594754625
1292.	5.398746933427674
1292.5	5.329252701443465
1293.	5.259353162206711
1293.5	5.1890476727458
1294.	5.118335590089117
1294.5	5.047216290515588
1295.	4.97568910410285
1295.5	4.903753380179076
1296.	4.831408468072439
1296.5	4.7587527909016325
1297.	4.685646994688103
1297.5	4.612050799243817
1298.	4.537923924380742
1298.5	4.463226089910843
1299.	4.387917015646087
1299.5	4.31195642139844
1300.	4.235304026979868