Multipoles in millifermi units
SM22 2.7 GeV
[W. Briscoe, A. Schmidt, I. Strakovsky, R. Workman, PRC108(2023)065205]

SM22 2700 MEV P(200) CHI/DP=51634/25553                SM05    1/23/25  
        PI0P S11  pE        1/23/25  
     EG        EMreal    EMimag    BORN      Phs     X-sect
   145.00      19.640    -0.256    17.126    -0.746     2.704
   148.00      19.261     0.097    16.846     0.287     9.376
   151.00      18.891     0.394    16.577     1.196    12.340
   154.00      18.531     0.641    16.319     1.981    14.254
   157.00      18.179     0.840    16.071     2.645    15.584
   160.00      17.836     0.993    15.832     3.188    16.527
   163.00      17.500     1.104    15.603     3.611    17.190
   166.00      17.171     1.194    15.383     3.976    17.643
   169.00      16.850     1.270    15.170     4.311    17.934
   172.00      16.536     1.335    14.966     4.615    18.097
   175.00      16.230     1.389    14.769     4.893    18.157
   178.00      15.931     1.437    14.579     5.153    18.137
   181.00      15.639     1.477    14.395     5.396    18.052
   184.00      15.352     1.512    14.219     5.624    17.906
   187.00      15.068     1.541    14.048     5.838    17.709
   190.00      14.798     1.565    13.883     6.038    17.492
   193.00      14.541     1.586    13.723     6.225    17.262
   196.00      14.292     1.604    13.569     6.403    17.016
   199.00      14.052     1.619    13.420     6.573    16.757
   202.00      13.822     1.633    13.275     6.738    16.495
   205.00      13.602     1.645    13.136     6.895    16.233
   208.00      13.392     1.655    13.001     7.047    15.973
   211.00      13.193     1.665    12.870     7.191    15.718
   214.00      13.006     1.673    12.743     7.328    15.478
   217.00      12.832     1.680    12.620     7.458    15.253
   220.00      12.662     1.686    12.501     7.586    15.022
   223.00      12.495     1.692    12.386     7.712    14.791
   226.00      12.339     1.697    12.274     7.833    14.573
   229.00      12.192     1.702    12.165     7.948    14.367
   232.00      12.045     1.706    12.060     8.061    14.154
   235.00      11.899     1.709    11.958     8.172    13.935
   238.00      11.760     1.711    11.859     8.278    13.724
   241.00      11.627     1.712    11.763     8.378    13.522
   244.00      11.496     1.713    11.669     8.476    13.319
   247.00      11.366     1.713    11.579     8.573    13.115
   250.00      11.239     1.713    11.491     8.667    12.912
   253.00      11.113     1.712    11.405     8.757    12.708
   256.00      10.990     1.710    11.322     8.844    12.505
   259.00      10.868     1.707    11.241     8.927    12.304
   262.00      10.748     1.704    11.163     9.008    12.103
   265.00      10.630     1.700    11.087     9.088    11.904
   268.00      10.515     1.696    11.013     9.164    11.710
   271.00      10.404     1.692    10.941     9.236    11.525
   274.00      10.296     1.687    10.871     9.306    11.342
   277.00      10.186     1.682    10.803     9.379    11.154
   280.00      10.077     1.678    10.737     9.452    10.965
   283.00       9.971     1.672    10.673     9.521    10.783
   286.00       9.867     1.667    10.611     9.588    10.604
   289.00       9.768     1.661    10.550     9.650    10.435
   292.00       9.672     1.655    10.491     9.708    10.272
   295.00       9.575     1.649    10.434     9.771    10.106
   298.00       9.478     1.643    10.378     9.837     9.939
                    GWU    Single energy values
     EG      EMr-(  Err  )      EMi-(Err)
    182.00   14.94(  0.57)    1.43(  0.06)
    187.00   15.16(  0.40)    1.55(  0.04)
    192.00   14.58(  0.50)    1.57(  0.05)
    197.00   14.60(  0.45)    1.65(  0.05)
    202.00   13.97(  0.58)    1.65(  0.07)
    207.00   13.83(  0.47)    1.70(  0.06)
    212.00   12.79(  0.47)    1.62(  0.06)
    217.00   12.65(  0.52)    1.66(  0.07)
    222.00   11.38(  0.33)    1.53(  0.04)
    227.00   12.58(  0.40)    1.74(  0.06)
    232.00   12.33(  0.50)    1.75(  0.07)
    237.00   11.63(  0.52)    1.68(  0.08)
    242.00   11.28(  0.59)    1.67(  0.09)
    247.00   11.78(  0.56)    1.77(  0.08)
    265.00   10.52(  0.39)    1.68(  0.06)
    285.00    9.63(  0.37)    1.62(  0.06)

  SM22 2700 MEV P(200) CHI/DP=51634/25553                SM05    1/23/25  
        PI0P S11  nE        1/23/25  
     EG        EMreal    EMimag    BORN      Phs     X-sect
   145.00     -23.775     0.302   -21.079   179.272     3.963
   148.00     -23.262    -0.120   -20.805  -179.706    13.678
   151.00     -22.770    -0.476   -20.543  -178.802    17.928
   154.00     -22.298    -0.771   -20.292  -178.019    20.638
   157.00     -21.843    -1.009   -20.053  -177.356    22.498
   160.00     -21.404    -1.192   -19.823  -176.812    23.803
   163.00     -20.982    -1.325   -19.603  -176.388    24.712
   166.00     -20.574    -1.430   -19.393  -176.023    25.328
   169.00     -20.180    -1.521   -19.191  -175.688    25.722
   172.00     -19.799    -1.598   -18.997  -175.385    25.943
   175.00     -19.430    -1.664   -18.811  -175.106    26.025
   178.00     -19.072    -1.720   -18.632  -174.846    25.996
   181.00     -18.726    -1.769   -18.461  -174.604    25.880
   184.00     -18.385    -1.810   -18.296  -174.376    25.680
   187.00     -18.050    -1.846   -18.137  -174.162    25.412
   190.00     -17.731    -1.876   -17.985  -173.962    25.113
   193.00     -17.426    -1.901   -17.838  -173.775    24.792
   196.00     -17.129    -1.922   -17.697  -173.596    24.443
   199.00     -16.842    -1.941   -17.561  -173.426    24.074
   202.00     -16.565    -1.957   -17.430  -173.262    23.693
   205.00     -16.298    -1.971   -17.304  -173.105    23.304
   208.00     -16.041    -1.983   -17.182  -172.954    22.914
   211.00     -15.794    -1.993   -17.065  -172.809    22.526
   214.00     -15.561    -2.001   -16.952  -172.672    22.155
   217.00     -15.341    -2.008   -16.843  -172.542    21.800
   220.00     -15.126    -2.015   -16.738  -172.414    21.440
   223.00     -14.916    -2.020   -16.637  -172.288    21.078
   226.00     -14.719    -2.025   -16.539  -172.167    20.738
   229.00     -14.534    -2.029   -16.444  -172.052    20.416
   232.00     -14.351    -2.033   -16.353  -171.939    20.091
   235.00     -14.171    -2.035   -16.265  -171.828    19.762
   238.00     -14.000    -2.037   -16.180  -171.722    19.450
   241.00     -13.838    -2.038   -16.098  -171.622    19.153
   244.00     -13.680    -2.039   -16.019  -171.524    18.862
   247.00     -13.526    -2.039   -15.942  -171.427    18.572
   250.00     -13.375    -2.039   -15.869  -171.333    18.287
   253.00     -13.229    -2.038   -15.797  -171.243    18.006
   256.00     -13.085    -2.036   -15.728  -171.157    17.729
   259.00     -12.945    -2.033   -15.662  -171.073    17.456
   262.00     -12.807    -2.030   -15.597  -170.992    17.186
   265.00     -12.672    -2.027   -15.535  -170.912    16.920
   268.00     -12.542    -2.023   -15.475  -170.836    16.661
   271.00     -12.417    -2.019   -15.417  -170.764    16.415
   274.00     -12.295    -2.015   -15.361  -170.694    16.174
   277.00     -12.171    -2.010   -15.307  -170.621    15.924
   280.00     -12.048    -2.006   -15.255  -170.548    15.674
   283.00     -11.928    -2.001   -15.204  -170.479    15.432
   286.00     -11.811    -1.995   -15.156  -170.412    15.195
   289.00     -11.699    -1.989   -15.109  -170.350    14.970
   292.00     -11.592    -1.983   -15.063  -170.292    14.754
   295.00     -11.482    -1.977   -15.019  -170.229    14.531
   298.00     -11.372    -1.972   -14.977  -170.163    14.306
                    GWU    Single energy values
     EG      EMr-(  Err  )      EMi-(Err)
    192.00  -17.56(  0.87)   -1.90(  0.09)
    212.00  -16.50(  0.93)   -2.10(  0.12)
    222.00  -15.36(  1.06)   -2.07(  0.14)
    227.00  -15.48(  0.77)   -2.14(  0.11)
    232.00  -14.45(  1.39)   -2.05(  0.20)
    237.00  -13.31(  1.06)   -1.93(  0.15)
    242.00  -13.17(  1.18)   -1.95(  0.17)
    247.00  -11.69(  1.53)   -1.76(  0.23)
    265.00  -13.20(  1.14)   -2.11(  0.18)
    285.00  -10.29(  1.03)   -1.74(  0.17)


SM22 2700 MEV P(200) CHI/DP=51634/25553                SM05    1/23/25  
        PI0P S31  pE        1/23/25  
     EG        EMreal    EMimag    BORN      Phs     X-sect
   145.00     -30.653    -0.207   -30.141  -179.613     6.587
   148.00     -30.047     0.056   -29.641   179.893    22.818
   151.00     -29.466     0.289   -29.158   179.438    30.011
   154.00     -28.908     0.493   -28.690   179.023    34.658
   157.00     -28.374     0.670   -28.236   178.648    37.905
   160.00     -27.861     0.820   -27.797   178.314    40.240
   163.00     -27.369     0.945   -27.370   178.022    41.930
   166.00     -26.896     1.058   -26.955   177.747    43.144
   169.00     -26.441     1.165   -26.552   177.478    43.995
   172.00     -26.002     1.265   -26.159   177.214    44.562
   175.00     -25.579     1.360   -25.776   176.956    44.903
   178.00     -25.172     1.451   -25.403   176.700    45.068
   181.00     -24.780     1.538   -25.039   176.448    45.093
   184.00     -24.401     1.622   -24.683   176.197    45.001
   187.00     -24.035     1.702   -24.335   175.949    44.815
   190.00     -23.683     1.780   -23.995   175.702    44.556
   193.00     -23.342     1.854   -23.662   175.458    44.240
   196.00     -23.013     1.927   -23.336   175.214    43.874
   199.00     -22.694     1.997   -23.016   174.972    43.469
   202.00     -22.385     2.064   -22.702   174.731    43.033
   205.00     -22.086     2.130   -22.395   174.491    42.573
   208.00     -21.797     2.194   -22.092   174.253    42.095
   211.00     -21.516     2.255   -21.795   174.016    41.604
   214.00     -21.244     2.315   -21.503   173.780    41.104
   217.00     -20.980     2.374   -21.216   173.545    40.598
   220.00     -20.724     2.430   -20.934   173.311    40.089
   223.00     -20.476     2.486   -20.655   173.079    39.580
   226.00     -20.235     2.539   -20.381   172.847    39.069
   229.00     -20.000     2.592   -20.111   172.617    38.558
   232.00     -19.772     2.643   -19.845   172.388    38.056
   235.00     -19.553     2.692   -19.582   172.160    37.563
   238.00     -19.338     2.741   -19.323   171.934    37.074
   241.00     -19.130     2.787   -19.067   171.710    36.589
   244.00     -18.927     2.833   -18.814   171.488    36.112
   247.00     -18.730     2.877   -18.565   171.266    35.645
   250.00     -18.538     2.921   -18.318   171.046    35.185
   253.00     -18.351     2.963   -18.074   170.827    34.732
   256.00     -18.170     3.005   -17.832   170.609    34.290
   259.00     -17.995     3.046   -17.594   170.394    33.863
   262.00     -17.824     3.085   -17.357   170.179    33.443
   265.00     -17.656     3.124   -17.123   169.965    33.027
   268.00     -17.492     3.163   -16.892   169.752    32.620
   271.00     -17.334     3.201   -16.662   169.538    32.227
   274.00     -17.180     3.238   -16.435   169.325    31.843
   277.00     -17.030     3.274   -16.210   169.117    31.470
   280.00     -16.884     3.309   -15.987   168.912    31.106
   283.00     -16.741     3.343   -15.765   168.707    30.746
   286.00     -16.601     3.377   -15.546   168.503    30.394
   289.00     -16.466     3.409   -15.328   168.302    30.057
   292.00     -16.336     3.442   -15.112   168.103    29.731
   295.00     -16.207     3.473   -14.898   167.904    29.409
   298.00     -16.081     3.504   -14.685   167.707    29.094
                    GWU    Single energy values
     EG      EMr-(  Err  )      EMi-(Err)
    162.00  -25.59(  0.83)    0.84(  0.03)
    167.00  -26.40(  0.76)    1.08(  0.03)
    172.00  -27.17(  0.89)    1.32(  0.04)
    177.00  -25.55(  0.57)    1.44(  0.03)
    182.00  -25.74(  1.24)    1.64(  0.08)
    187.00  -24.72(  0.89)    1.75(  0.06)
    192.00  -24.09(  1.10)    1.88(  0.09)
    197.00  -23.69(  1.03)    2.02(  0.09)
    202.00  -24.03(  1.44)    2.22(  0.13)
    207.00  -20.71(  1.12)    2.06(  0.11)
    212.00  -22.60(  1.18)    2.40(  0.13)
    217.00  -21.96(  1.28)    2.49(  0.15)
    222.00  -23.00(  0.89)    2.76(  0.11)
    227.00  -21.49(  1.06)    2.73(  0.13)
    232.00  -20.86(  1.36)    2.79(  0.18)
    237.00  -20.14(  1.33)    2.83(  0.19)
    242.00  -19.58(  1.36)    2.88(  0.20)
    247.00  -19.74(  1.29)    3.03(  0.20)
    265.00  -18.10(  0.91)    3.20(  0.16)
    285.00  -17.36(  0.81)    3.51(  0.16)

  SM22 2700 MEV P(200) CHI/DP=51634/25553                SM05    1/23/25  
        PI0P S31  pE        1/23/25  
     EG        EMreal    EMimag    BORN      Phs     X-sect
   145.00     -30.653    -0.207   -30.141  -179.613     6.587
   148.00     -30.047     0.056   -29.641   179.893    22.818
   151.00     -29.466     0.289   -29.158   179.438    30.011
   154.00     -28.908     0.493   -28.690   179.023    34.658
   157.00     -28.374     0.670   -28.236   178.648    37.905
   160.00     -27.861     0.820   -27.797   178.314    40.240
   163.00     -27.369     0.945   -27.370   178.022    41.930
   166.00     -26.896     1.058   -26.955   177.747    43.144
   169.00     -26.441     1.165   -26.552   177.478    43.995
   172.00     -26.002     1.265   -26.159   177.214    44.562
   175.00     -25.579     1.360   -25.776   176.956    44.903
   178.00     -25.172     1.451   -25.403   176.700    45.068
   181.00     -24.780     1.538   -25.039   176.448    45.093
   184.00     -24.401     1.622   -24.683   176.197    45.001
   187.00     -24.035     1.702   -24.335   175.949    44.815
   190.00     -23.683     1.780   -23.995   175.702    44.556
   193.00     -23.342     1.854   -23.662   175.458    44.240
   196.00     -23.013     1.927   -23.336   175.214    43.874
   199.00     -22.694     1.997   -23.016   174.972    43.469
   202.00     -22.385     2.064   -22.702   174.731    43.033
   205.00     -22.086     2.130   -22.395   174.491    42.573
   208.00     -21.797     2.194   -22.092   174.253    42.095
   211.00     -21.516     2.255   -21.795   174.016    41.604
   214.00     -21.244     2.315   -21.503   173.780    41.104
   217.00     -20.980     2.374   -21.216   173.545    40.598
   220.00     -20.724     2.430   -20.934   173.311    40.089
   223.00     -20.476     2.486   -20.655   173.079    39.580
   226.00     -20.235     2.539   -20.381   172.847    39.069
   229.00     -20.000     2.592   -20.111   172.617    38.558
   232.00     -19.772     2.643   -19.845   172.388    38.056
   235.00     -19.553     2.692   -19.582   172.160    37.563
   238.00     -19.338     2.741   -19.323   171.934    37.074
   241.00     -19.130     2.787   -19.067   171.710    36.589
   244.00     -18.927     2.833   -18.814   171.488    36.112
   247.00     -18.730     2.877   -18.565   171.266    35.645
   250.00     -18.538     2.921   -18.318   171.046    35.185
   253.00     -18.351     2.963   -18.074   170.827    34.732
   256.00     -18.170     3.005   -17.832   170.609    34.290
   259.00     -17.995     3.046   -17.594   170.394    33.863
   262.00     -17.824     3.085   -17.357   170.179    33.443
   265.00     -17.656     3.124   -17.123   169.965    33.027
   268.00     -17.492     3.163   -16.892   169.752    32.620
   271.00     -17.334     3.201   -16.662   169.538    32.227
   274.00     -17.180     3.238   -16.435   169.325    31.843
   277.00     -17.030     3.274   -16.210   169.117    31.470
   280.00     -16.884     3.309   -15.987   168.912    31.106
   283.00     -16.741     3.343   -15.765   168.707    30.746
   286.00     -16.601     3.377   -15.546   168.503    30.394
   289.00     -16.466     3.409   -15.328   168.302    30.057
   292.00     -16.336     3.442   -15.112   168.103    29.731
   295.00     -16.207     3.473   -14.898   167.904    29.409
   298.00     -16.081     3.504   -14.685   167.707    29.094
                    GWU    Single energy values
     EG      EMr-(  Err  )      EMi-(Err)
    162.00  -25.59(  0.83)    0.84(  0.03)
    167.00  -26.40(  0.76)    1.08(  0.03)
    172.00  -27.17(  0.89)    1.32(  0.04)
    177.00  -25.55(  0.57)    1.44(  0.03)
    182.00  -25.74(  1.24)    1.64(  0.08)
    187.00  -24.72(  0.89)    1.75(  0.06)
    192.00  -24.09(  1.10)    1.88(  0.09)
    197.00  -23.69(  1.03)    2.02(  0.09)
    202.00  -24.03(  1.44)    2.22(  0.13)
    207.00  -20.71(  1.12)    2.06(  0.11)
    212.00  -22.60(  1.18)    2.40(  0.13)
    217.00  -21.96(  1.28)    2.49(  0.15)
    222.00  -23.00(  0.89)    2.76(  0.11)
    227.00  -21.49(  1.06)    2.73(  0.13)
    232.00  -20.86(  1.36)    2.79(  0.18)
    237.00  -20.14(  1.33)    2.83(  0.19)
    242.00  -19.58(  1.36)    2.88(  0.20)
    247.00  -19.74(  1.29)    3.03(  0.20)
    265.00  -18.10(  0.91)    3.20(  0.16)
    285.00  -17.36(  0.81)    3.51(  0.16)

SM22 2700 MEV P(200) CHI/DP=51634/25553                SM05    1/23/25  
        PI0P P11  pM        1/23/25  
     EG        EMreal    EMimag    BORN      Phs     X-sect
   145.00       0.071     0.000     0.091     0.042     0.000
   148.00       0.271     0.000     0.324     0.024     0.002
   151.00       0.379    -0.000     0.438    -0.001     0.005
   154.00       0.463    -0.000     0.520    -0.032     0.009
   157.00       0.533    -0.001     0.583    -0.068     0.013
   160.00       0.593    -0.001     0.634    -0.111     0.018
   163.00       0.648    -0.002     0.676    -0.160     0.023
   166.00       0.697    -0.003     0.711    -0.211     0.029
   169.00       0.742    -0.003     0.741    -0.265     0.035
   172.00       0.784    -0.004     0.766    -0.319     0.040
   175.00       0.823    -0.005     0.787    -0.374     0.046
   178.00       0.860    -0.006     0.805    -0.428     0.052
   181.00       0.895    -0.008     0.820    -0.482     0.059
   184.00       0.928    -0.009     0.832    -0.534     0.065
   187.00       0.960    -0.010     0.842    -0.586     0.071
   190.00       0.990    -0.011     0.851    -0.635     0.077
   193.00       1.019    -0.012     0.857    -0.682     0.084
   196.00       1.047    -0.013     0.862    -0.727     0.090
   199.00       1.075    -0.014     0.866    -0.770     0.097
   202.00       1.101    -0.016     0.868    -0.809     0.103
   205.00       1.127    -0.017     0.870    -0.846     0.110
   208.00       1.153    -0.018     0.870    -0.880     0.117
   211.00       1.178    -0.019     0.870    -0.910     0.123
   214.00       1.202    -0.020     0.869    -0.937     0.130
   217.00       1.226    -0.021     0.867    -0.961     0.137
   220.00       1.250    -0.021     0.864    -0.981     0.144
   223.00       1.274    -0.022     0.861    -0.997     0.151
   226.00       1.297    -0.023     0.857    -1.009     0.158
   229.00       1.320    -0.023     0.853    -1.017     0.165
   232.00       1.343    -0.024     0.848    -1.021     0.173
   235.00       1.366    -0.024     0.843    -1.021     0.180
   238.00       1.389    -0.025     0.838    -1.017     0.188
   241.00       1.412    -0.025     0.832    -1.008     0.195
   244.00       1.435    -0.025     0.827    -0.995     0.203
   247.00       1.458    -0.025     0.820    -0.977     0.211
   250.00       1.481    -0.025     0.814    -0.955     0.219
   253.00       1.504    -0.024     0.808    -0.928     0.227
   256.00       1.527    -0.024     0.801    -0.896     0.236
   259.00       1.550    -0.023     0.794    -0.859     0.244
   262.00       1.573    -0.022     0.787    -0.817     0.253
   265.00       1.597    -0.021     0.780    -0.770     0.262
   268.00       1.620    -0.020     0.773    -0.718     0.271
   271.00       1.644    -0.019     0.766    -0.661     0.280
   274.00       1.668    -0.017     0.759    -0.599     0.290
   277.00       1.692    -0.016     0.752    -0.531     0.300
   280.00       1.717    -0.014     0.744    -0.457     0.310
   283.00       1.741    -0.011     0.737    -0.378     0.320
   286.00       1.766    -0.009     0.730    -0.294     0.330
   289.00       1.791    -0.006     0.723    -0.204     0.341
   292.00       1.817    -0.003     0.715    -0.108     0.352
   295.00       1.843    -0.000     0.708    -0.006     0.364
   298.00       1.869     0.003     0.701     0.102     0.375


SM22 2700 MEV P(200) CHI/DP=51634/25553                SM05    1/23/25  
        PI0P P11  nM        1/23/25  
     EG        EMreal    EMimag    BORN      Phs     X-sect
   145.00      -0.161    -0.000    -0.208  -179.958     0.000
   148.00      -0.601    -0.000    -0.754  -179.976     0.009
   151.00      -0.837     0.000    -1.034   179.999     0.024
   154.00      -1.020     0.001    -1.243   179.968     0.043
   157.00      -1.174     0.001    -1.415   179.932     0.065
   160.00      -1.309     0.003    -1.561   179.889     0.089
   163.00      -1.430     0.004    -1.689   179.840     0.114
   166.00      -1.541     0.006    -1.802   179.789     0.141
   169.00      -1.643     0.008    -1.905   179.735     0.170
   172.00      -1.738     0.010    -1.998   179.681     0.199
   175.00      -1.828     0.012    -2.083   179.626     0.229
   178.00      -1.913     0.014    -2.162   179.572     0.259
   181.00      -1.993     0.017    -2.235   179.518     0.291
   184.00      -2.070     0.019    -2.302   179.466     0.322
   187.00      -2.144     0.022    -2.365   179.414     0.355
   190.00      -2.215     0.025    -2.424   179.365     0.387
   193.00      -2.283     0.027    -2.480   179.318     0.421
   196.00      -2.349     0.030    -2.532   179.273     0.454
   199.00      -2.412     0.032    -2.581   179.230     0.488
   202.00      -2.475     0.035    -2.627   179.191     0.522
   205.00      -2.535     0.037    -2.671   179.154     0.556
   208.00      -2.594     0.040    -2.713   179.120     0.590
   211.00      -2.651     0.042    -2.752   179.090     0.625
   214.00      -2.708     0.044    -2.790   179.063     0.660
   217.00      -2.763     0.046    -2.826   179.039     0.695
   220.00      -2.817     0.048    -2.860   179.019     0.731
   223.00      -2.870     0.050    -2.892   179.003     0.766
   226.00      -2.922     0.051    -2.924   178.991     0.802
   229.00      -2.974     0.053    -2.953   178.983     0.839
   232.00      -3.024     0.054    -2.982   178.979     0.875
   235.00      -3.074     0.055    -3.009   178.979     0.912
   238.00      -3.124     0.055    -3.036   178.983     0.949
   241.00      -3.173     0.056    -3.061   178.992     0.986
   244.00      -3.222     0.056    -3.086   179.005     1.024
   247.00      -3.270     0.056    -3.109   179.023     1.061
   250.00      -3.317     0.055    -3.132   179.045     1.100
   253.00      -3.364     0.054    -3.154   179.072     1.138
   256.00      -3.411     0.053    -3.175   179.104     1.177
   259.00      -3.458     0.052    -3.195   179.141     1.216
   262.00      -3.504     0.050    -3.215   179.183     1.255
   265.00      -3.550     0.048    -3.234   179.230     1.295
   268.00      -3.596     0.045    -3.253   179.282     1.335
   271.00      -3.642     0.042    -3.271   179.339     1.376
   274.00      -3.687     0.039    -3.288   179.401     1.417
   277.00      -3.733     0.035    -3.305   179.469     1.458
   280.00      -3.778     0.030    -3.321   179.543     1.500
   283.00      -3.823     0.025    -3.337   179.622     1.542
   286.00      -3.868     0.020    -3.353   179.706     1.585
   289.00      -3.914     0.014    -3.368   179.796     1.628
   292.00      -3.959     0.007    -3.383   179.892     1.672
   295.00      -4.004     0.000    -3.397   179.994     1.716
   298.00      -4.049    -0.007    -3.411  -179.898     1.761
                    GWU    Single energy values
     EG      EMr-(  Err  )      EMi-(Err)
    192.00   -2.57(  1.07)    0.03(  0.01)
    212.00   -2.76(  1.16)    0.04(  0.02)
    222.00   -4.77(  0.75)    0.08(  0.01)
    227.00   -5.27(  0.58)    0.09(  0.01)
    232.00   -3.44(  1.23)    0.06(  0.02)
    237.00   -3.18(  1.23)    0.06(  0.02)
    242.00   -3.23(  1.38)    0.06(  0.02)
    247.00   -2.62(  0.48)    0.04(  0.01)
    265.00   -2.57(  1.36)    0.03(  0.02)
    285.00   -3.94(  0.49)    0.02(  0.00)


 SM22 2700 MEV P(200) CHI/DP=51634/25553                SM05    1/23/25  
        PI0P P13  pE        1/23/25  
     EG        EMreal    EMimag    BORN      Phs     X-sect
   145.00       0.153     0.000     0.168     0.014     0.001
   148.00       0.549     0.000     0.601     0.009     0.046
   151.00       0.745    -0.000     0.815    -0.000     0.115
   154.00       0.886    -0.000     0.969    -0.013     0.195
   157.00       0.997    -0.001     1.090    -0.029     0.281
   160.00       1.089    -0.001     1.189    -0.048     0.368
   163.00       1.166    -0.001     1.273    -0.070     0.456
   166.00       1.231    -0.002     1.344    -0.095     0.542
   169.00       1.288    -0.003     1.406    -0.122     0.625
   172.00       1.337    -0.004     1.460    -0.150     0.706
   175.00       1.381    -0.004     1.507    -0.180     0.783
   178.00       1.419    -0.005     1.549    -0.212     0.857
   181.00       1.453    -0.006     1.585    -0.244     0.927
   184.00       1.483    -0.007     1.618    -0.278     0.993
   187.00       1.510    -0.008     1.647    -0.313     1.056
   190.00       1.534    -0.009     1.673    -0.348     1.115
   193.00       1.555    -0.010     1.696    -0.385     1.171
   196.00       1.574    -0.012     1.716    -0.422     1.224
   199.00       1.591    -0.013     1.734    -0.460     1.273
   202.00       1.607    -0.014     1.750    -0.498     1.319
   205.00       1.620    -0.015     1.764    -0.537     1.362
   208.00       1.632    -0.016     1.777    -0.576     1.402
   211.00       1.643    -0.018     1.788    -0.616     1.440
   214.00       1.653    -0.019     1.798    -0.657     1.475
   217.00       1.661    -0.020     1.806    -0.697     1.508
   220.00       1.668    -0.021     1.814    -0.738     1.538
   223.00       1.675    -0.023     1.820    -0.780     1.567
   226.00       1.681    -0.024     1.825    -0.821     1.593
   229.00       1.686    -0.025     1.830    -0.863     1.617
   232.00       1.690    -0.027     1.834    -0.905     1.640
   235.00       1.694    -0.028     1.837    -0.948     1.660
   238.00       1.697    -0.029     1.839    -0.990     1.680
   241.00       1.700    -0.031     1.841    -1.033     1.697
   244.00       1.702    -0.032     1.842    -1.076     1.714
   247.00       1.703    -0.033     1.843    -1.118     1.729
   250.00       1.705    -0.035     1.843    -1.161     1.742
   253.00       1.705    -0.036     1.843    -1.204     1.755
   256.00       1.706    -0.037     1.842    -1.247     1.766
   259.00       1.706    -0.038     1.841    -1.290     1.777
   262.00       1.706    -0.040     1.840    -1.333     1.786
   265.00       1.706    -0.041     1.838    -1.377     1.795
   268.00       1.705    -0.042     1.836    -1.420     1.802
   271.00       1.704    -0.044     1.834    -1.463     1.809
   274.00       1.703    -0.045     1.832    -1.506     1.815
   277.00       1.702    -0.046     1.829    -1.549     1.820
   280.00       1.701    -0.047     1.826    -1.592     1.825
   283.00       1.699    -0.049     1.823    -1.635     1.829
   286.00       1.697    -0.050     1.820    -1.678     1.832
   289.00       1.696    -0.051     1.816    -1.721     1.835
   292.00       1.694    -0.052     1.812    -1.764     1.838
   295.00       1.692    -0.053     1.809    -1.806     1.840
   298.00       1.689    -0.055     1.805    -1.849     1.841
                    GWU    Single energy values
     EG      EMr-(  Err  )      EMi-(Err)
    182.00    1.57(  0.22)   -0.01(  0.00)
    187.00    1.47(  0.12)   -0.01(  0.00)
    192.00    1.62(  0.14)   -0.01(  0.00)
    197.00    1.54(  0.12)   -0.01(  0.00)
    202.00    1.56(  0.13)   -0.01(  0.00)
    207.00    1.82(  0.11)   -0.02(  0.00)
    212.00    1.76(  0.09)   -0.02(  0.00)
    217.00    1.62(  0.09)   -0.02(  0.00)
    222.00    1.76(  0.08)   -0.02(  0.00)
    227.00    1.73(  0.06)   -0.03(  0.00)
    232.00    1.79(  0.06)   -0.03(  0.00)
    237.00    1.90(  0.09)   -0.03(  0.00)
    242.00    1.95(  0.09)   -0.04(  0.00)
    247.00    1.90(  0.06)   -0.04(  0.00)
    265.00    1.96(  0.03)   -0.05(  0.00)
    285.00    1.96(  0.04)   -0.06(  0.00)

      PI0P P13  pM        1/23/25  
     EG        EMreal    EMimag    BORN      Phs     X-sect
   145.00      -0.143    -0.000    -0.157  -179.986     0.000
   148.00      -0.521    -0.000    -0.566  -179.991     0.014
   151.00      -0.716     0.000    -0.775   180.000     0.035
   154.00      -0.861     0.000    -0.930   179.987     0.062
   157.00      -0.980     0.000    -1.055   179.971     0.090
   160.00      -1.080     0.001    -1.160   179.952     0.121
   163.00      -1.167     0.001    -1.251   179.930     0.152
   166.00      -1.244     0.002    -1.331   179.905     0.184
   169.00      -1.313     0.003    -1.402   179.878     0.217
   172.00      -1.375     0.004    -1.465   179.850     0.249
   175.00      -1.431     0.005    -1.522   179.820     0.280
   178.00      -1.482     0.005    -1.574   179.788     0.311
   181.00      -1.528     0.007    -1.620   179.756     0.342
   184.00      -1.570     0.008    -1.662   179.722     0.371
   187.00      -1.609     0.009    -1.700   179.687     0.400
   190.00      -1.645     0.010    -1.735   179.652     0.428
   193.00      -1.678     0.011    -1.767   179.615     0.454
   196.00      -1.708     0.013    -1.795   179.578     0.480
   199.00      -1.736     0.014    -1.821   179.540     0.505
   202.00      -1.762     0.015    -1.845   179.502     0.529
   205.00      -1.785     0.017    -1.866   179.463     0.551
   208.00      -1.807     0.018    -1.885   179.424     0.573
   211.00      -1.827     0.020    -1.902   179.384     0.594
   214.00      -1.846     0.021    -1.918   179.343     0.613
   217.00      -1.863     0.023    -1.932   179.303     0.632
   220.00      -1.878     0.024    -1.944   179.262     0.650
   223.00      -1.893     0.026    -1.954   179.220     0.667
   226.00      -1.906     0.027    -1.963   179.179     0.683
   229.00      -1.918     0.029    -1.971   179.137     0.698
   232.00      -1.929     0.030    -1.978   179.095     0.712
   235.00      -1.938     0.032    -1.983   179.052     0.725
   238.00      -1.947     0.034    -1.987   179.010     0.737
   241.00      -1.955     0.035    -1.991   178.967     0.749
   244.00      -1.962     0.037    -1.993   178.924     0.760
   247.00      -1.969     0.038    -1.994   178.882     0.770
   250.00      -1.974     0.040    -1.995   178.839     0.779
   253.00      -1.979     0.042    -1.994   178.796     0.788
   256.00      -1.983     0.043    -1.993   178.753     0.796
   259.00      -1.987     0.045    -1.991   178.710     0.803
   262.00      -1.990     0.046    -1.988   178.667     0.810
   265.00      -1.992     0.048    -1.984   178.623     0.816
   268.00      -1.994     0.049    -1.980   178.580     0.822
   271.00      -1.995     0.051    -1.975   178.537     0.826
   274.00      -1.996     0.052    -1.970   178.494     0.831
   277.00      -1.996     0.054    -1.964   178.451     0.835
   280.00      -1.996     0.055    -1.957   178.408     0.838
   283.00      -1.996     0.057    -1.950   178.365     0.841
   286.00      -1.995     0.058    -1.943   178.322     0.843
   289.00      -1.993     0.060    -1.935   178.279     0.845
   292.00      -1.992     0.061    -1.926   178.236     0.847
   295.00      -1.990     0.063    -1.917   178.194     0.848
   298.00      -1.987     0.064    -1.908   178.151     0.849
                    GWU    Single energy values
     EG      EMr-(  Err  )      EMi-(Err)
    182.00   -1.67(  0.39)    0.01(  0.00)
    187.00   -1.35(  0.25)    0.01(  0.00)
    192.00   -1.58(  0.29)    0.01(  0.00)
    197.00   -1.51(  0.25)    0.01(  0.00)
    202.00   -1.54(  0.28)    0.01(  0.00)
    207.00   -2.02(  0.23)    0.02(  0.00)
    212.00   -1.85(  0.22)    0.02(  0.00)
    217.00   -2.06(  0.16)    0.03(  0.00)
    222.00   -2.39(  0.13)    0.03(  0.00)
    227.00   -1.87(  0.13)    0.03(  0.00)
    232.00   -1.78(  0.14)    0.03(  0.00)
    237.00   -2.40(  0.15)    0.04(  0.00)
    242.00   -2.32(  0.16)    0.04(  0.00)
    247.00   -2.06(  0.15)    0.04(  0.00)
    265.00   -2.08(  0.09)    0.05(  0.00)
    285.00   -2.13(  0.11)    0.06(  0.00)


 SM22 2700 MEV P(200) CHI/DP=51634/25553                SM05    1/23/25  
        PI0P P13  nE        1/23/25  
     EG        EMreal    EMimag    BORN      Phs     X-sect
   145.00      -0.151    -0.000    -0.166  -179.986     0.001
   148.00      -0.536    -0.000    -0.592  -179.991     0.044
   151.00      -0.725     0.000    -0.802   180.000     0.109
   154.00      -0.860     0.000    -0.953   179.987     0.184
   157.00      -0.966     0.000    -1.072   179.971     0.263
   160.00      -1.052     0.001    -1.170   179.952     0.344
   163.00      -1.124     0.001    -1.252   179.930     0.424
   166.00      -1.185     0.002    -1.322   179.905     0.501
   169.00      -1.237     0.003    -1.382   179.878     0.577
   172.00      -1.282     0.003    -1.435   179.850     0.649
   175.00      -1.321     0.004    -1.481   179.820     0.717
   178.00      -1.356     0.005    -1.521   179.788     0.782
   181.00      -1.386     0.006    -1.557   179.756     0.843
   184.00      -1.412     0.007    -1.589   179.722     0.900
   187.00      -1.436     0.008    -1.617   179.687     0.954
   190.00      -1.456     0.009    -1.642   179.652     1.005
   193.00      -1.474     0.010    -1.664   179.615     1.052
   196.00      -1.490     0.011    -1.683   179.578     1.095
   199.00      -1.503     0.012    -1.701   179.540     1.136
   202.00      -1.515     0.013    -1.716   179.502     1.173
   205.00      -1.526     0.014    -1.730   179.463     1.208
   208.00      -1.535     0.015    -1.742   179.424     1.240
   211.00      -1.543     0.017    -1.752   179.384     1.270
   214.00      -1.550     0.018    -1.761   179.343     1.297
   217.00      -1.555     0.019    -1.769   179.303     1.322
   220.00      -1.560     0.020    -1.776   179.262     1.345
   223.00      -1.564     0.021    -1.782   179.220     1.366
   226.00      -1.567     0.022    -1.787   179.179     1.385
   229.00      -1.570     0.024    -1.791   179.137     1.402
   232.00      -1.572     0.025    -1.794   179.095     1.418
   235.00      -1.573     0.026    -1.797   179.052     1.432
   238.00      -1.574     0.027    -1.799   179.010     1.445
   241.00      -1.574     0.028    -1.800   178.967     1.456
   244.00      -1.574     0.030    -1.801   178.924     1.466
   247.00      -1.574     0.031    -1.801   178.882     1.475
   250.00      -1.573     0.032    -1.801   178.839     1.483
   253.00      -1.571     0.033    -1.800   178.796     1.490
   256.00      -1.570     0.034    -1.799   178.753     1.496
   259.00      -1.568     0.035    -1.798   178.710     1.501
   262.00      -1.566     0.036    -1.796   178.667     1.505
   265.00      -1.564     0.038    -1.794   178.623     1.509
   268.00      -1.562     0.039    -1.792   178.580     1.511
   271.00      -1.559     0.040    -1.789   178.537     1.513
   274.00      -1.556     0.041    -1.786   178.494     1.515
   277.00      -1.553     0.042    -1.783   178.451     1.515
   280.00      -1.550     0.043    -1.780   178.408     1.516
   283.00      -1.547     0.044    -1.777   178.365     1.515
   286.00      -1.543     0.045    -1.773   178.322     1.515
   289.00      -1.540     0.046    -1.769   178.279     1.514
   292.00      -1.536     0.047    -1.765   178.236     1.512
   295.00      -1.533     0.048    -1.761   178.194     1.511
   298.00      -1.529     0.049    -1.757   178.151     1.508
                    GWU    Single energy values
     EG      EMr-(  Err  )      EMi-(Err)
    192.00   -1.76(  0.40)    0.01(  0.00)
    212.00   -1.61(  0.38)    0.02(  0.00)
    222.00   -2.21(  0.35)    0.03(  0.00)
    227.00   -2.32(  0.25)    0.03(  0.00)
    232.00   -1.83(  0.41)    0.03(  0.01)
    237.00   -2.10(  0.35)    0.04(  0.01)
    242.00   -2.16(  0.39)    0.04(  0.01)
    247.00   -2.35(  0.26)    0.05(  0.01)
    265.00   -2.04(  0.38)    0.05(  0.01)
    285.00   -2.30(  0.13)    0.07(  0.00)


SM22 2700 MEV P(200) CHI/DP=51634/25553                SM05    1/23/25  
        PI0P P13  nM        1/23/25  
     EG        EMreal    EMimag    BORN      Phs     X-sect
   145.00       0.203     0.000     0.223     0.014     0.001
   148.00       0.737     0.000     0.809     0.009     0.027
   151.00       1.012    -0.000     1.112    -0.000     0.071
   154.00       1.218    -0.000     1.340    -0.013     0.123
   157.00       1.388    -0.001     1.527    -0.029     0.181
   160.00       1.533    -0.001     1.688    -0.048     0.243
   163.00       1.660    -0.002     1.829    -0.070     0.308
   166.00       1.773    -0.003     1.955    -0.095     0.374
   169.00       1.875    -0.004     2.069    -0.122     0.441
   172.00       1.967    -0.005     2.173    -0.150     0.509
   175.00       2.052    -0.006     2.268    -0.180     0.576
   178.00       2.130    -0.008     2.356    -0.212     0.643
   181.00       2.202    -0.009     2.437    -0.244     0.709
   184.00       2.269    -0.011     2.513    -0.278     0.775
   187.00       2.331    -0.013     2.583    -0.313     0.839
   190.00       2.389    -0.015     2.649    -0.348     0.901
   193.00       2.443    -0.016     2.711    -0.385     0.963
   196.00       2.493    -0.018     2.769    -0.422     1.023
   199.00       2.541    -0.020     2.823    -0.460     1.081
   202.00       2.585    -0.022     2.874    -0.498     1.138
   205.00       2.627    -0.025     2.922    -0.537     1.194
   208.00       2.666    -0.027     2.968    -0.576     1.247
   211.00       2.703    -0.029     3.011    -0.616     1.299
   214.00       2.738    -0.031     3.051    -0.657     1.350
   217.00       2.771    -0.034     3.089    -0.697     1.398
   220.00       2.802    -0.036     3.125    -0.738     1.446
   223.00       2.831    -0.039     3.159    -0.780     1.491
   226.00       2.858    -0.041     3.192    -0.821     1.535
   229.00       2.884    -0.043     3.222    -0.863     1.578
   232.00       2.909    -0.046     3.251    -0.905     1.619
   235.00       2.932    -0.048     3.278    -0.948     1.658
   238.00       2.953    -0.051     3.304    -0.990     1.696
   241.00       2.974    -0.054     3.328    -1.033     1.732
   244.00       2.993    -0.056     3.351    -1.076     1.767
   247.00       3.011    -0.059     3.372    -1.118     1.801
   250.00       3.029    -0.061     3.393    -1.161     1.833
   253.00       3.044    -0.064     3.412    -1.204     1.864
   256.00       3.060    -0.067     3.430    -1.247     1.894
   259.00       3.074    -0.069     3.447    -1.290     1.922
   262.00       3.087    -0.072     3.463    -1.333     1.949
   265.00       3.100    -0.074     3.478    -1.377     1.975
   268.00       3.112    -0.077     3.492    -1.420     2.000
   271.00       3.122    -0.080     3.505    -1.463     2.024
   274.00       3.133    -0.082     3.518    -1.506     2.046
   277.00       3.142    -0.085     3.529    -1.549     2.068
   280.00       3.151    -0.088     3.540    -1.592     2.088
   283.00       3.159    -0.090     3.550    -1.635     2.107
   286.00       3.166    -0.093     3.559    -1.678     2.126
   289.00       3.174    -0.095     3.568    -1.721     2.143
   292.00       3.180    -0.098     3.575    -1.764     2.160
   295.00       3.186    -0.100     3.583    -1.806     2.175
   298.00       3.191    -0.103     3.589    -1.849     2.190
                    GWU    Single energy values
     EG      EMr-(  Err  )      EMi-(Err)
    192.00    2.97(  0.75)   -0.02(  0.00)
    212.00    2.69(  0.70)   -0.03(  0.01)
    222.00    1.52(  0.72)   -0.02(  0.01)
    227.00    1.85(  0.50)   -0.03(  0.01)
    232.00    4.02(  0.88)   -0.06(  0.01)
    237.00    3.08(  0.56)   -0.05(  0.01)
    242.00    3.13(  0.63)   -0.06(  0.01)
    247.00    4.49(  0.83)   -0.09(  0.02)
    265.00    3.83(  0.55)   -0.09(  0.01)
    285.00    2.35(  0.43)   -0.07(  0.01)


 SM22 2700 MEV P(200) CHI/DP=51634/25553                SM05    1/23/25  
        PI0P P31  pM        1/23/25  
     EG        EMreal    EMimag    BORN      Phs     X-sect
   145.00      -0.460    -0.000    -0.533  -179.976     0.001
   148.00      -1.719    -0.000    -1.921  -179.986     0.075
   151.00      -2.394     0.000    -2.626   179.999     0.198
   154.00      -2.911     0.001    -3.149   179.978     0.351
   157.00      -3.341     0.003    -3.571   179.952     0.525
   160.00      -3.713     0.005    -3.926   179.920     0.714
   163.00      -4.041     0.008    -4.232   179.883     0.913
   166.00      -4.335     0.012    -4.499   179.841     1.119
   169.00      -4.601     0.016    -4.735   179.796     1.330
   172.00      -4.844     0.021    -4.945   179.748     1.543
   175.00      -5.067     0.027    -5.132   179.697     1.757
   178.00      -5.272     0.033    -5.300   179.643     1.971
   181.00      -5.462     0.039    -5.451   179.587     2.183
   184.00      -5.638     0.046    -5.587   179.529     2.392
   187.00      -5.802     0.054    -5.709   179.469     2.598
   190.00      -5.954     0.062    -5.819   179.407     2.800
   193.00      -6.096     0.070    -5.917   179.344     2.998
   196.00      -6.228     0.078    -6.005   179.278     3.192
   199.00      -6.351     0.087    -6.083   179.212     3.379
   202.00      -6.466     0.097    -6.153   179.143     3.561
   205.00      -6.573     0.106    -6.214   179.073     3.737
   208.00      -6.674     0.116    -6.268   179.002     3.908
   211.00      -6.767     0.126    -6.315   178.930     4.073
   214.00      -6.855     0.137    -6.355   178.856     4.231
   217.00      -6.936     0.148    -6.388   178.782     4.383
   220.00      -7.012     0.158    -6.416   178.706     4.529
   223.00      -7.082     0.170    -6.439   178.629     4.669
   226.00      -7.147     0.181    -6.456   178.551     4.802
   229.00      -7.208     0.192    -6.468   178.472     4.929
   232.00      -7.263     0.204    -6.475   178.392     5.049
   235.00      -7.315     0.216    -6.478   178.311     5.164
   238.00      -7.363     0.228    -6.477   178.229     5.273
   241.00      -7.406     0.240    -6.472   178.147     5.376
   244.00      -7.446     0.252    -6.463   178.063     5.473
   247.00      -7.482     0.264    -6.451   177.979     5.564
   250.00      -7.515     0.276    -6.435   177.894     5.650
   253.00      -7.545     0.289    -6.415   177.808     5.730
   256.00      -7.571     0.301    -6.393   177.722     5.805
   259.00      -7.595     0.314    -6.367   177.635     5.875
   262.00      -7.616     0.326    -6.339   177.547     5.939
   265.00      -7.634     0.339    -6.308   177.459     5.998
   268.00      -7.649     0.351    -6.274   177.370     6.052
   271.00      -7.662     0.364    -6.238   177.280     6.102
   274.00      -7.672     0.377    -6.200   177.189     6.147
   277.00      -7.680     0.389    -6.159   177.099     6.188
   280.00      -7.686     0.402    -6.116   177.008     6.224
   283.00      -7.689     0.414    -6.071   176.916     6.256
   286.00      -7.691     0.427    -6.024   176.824     6.283
   289.00      -7.690     0.439    -5.975   176.731     6.307
   292.00      -7.688     0.452    -5.924   176.637     6.326
   295.00      -7.684     0.464    -5.871   176.544     6.343
   298.00      -7.678     0.476    -5.817   176.451     6.356
                    GWU    Single energy values
     EG      EMr-(  Err  )      EMi-(Err)
    162.00   -3.62(  0.12)    0.01(  0.00)
    167.00   -5.31(  1.70)    0.02(  0.01)
    172.00   -6.42(  1.09)    0.03(  0.00)
    177.00   -5.69(  1.58)    0.03(  0.01)
    182.00   -6.42(  1.69)    0.05(  0.01)
    187.00   -5.14(  1.29)    0.05(  0.01)
    192.00   -4.42(  1.56)    0.05(  0.02)
    197.00   -5.85(  1.72)    0.08(  0.02)
    202.00   -4.87(  1.94)    0.07(  0.03)
    207.00   -3.21(  1.44)    0.05(  0.02)
    212.00   -6.97(  0.70)    0.13(  0.01)
    217.00   -7.23(  1.68)    0.15(  0.04)
    222.00   -6.99(  0.51)    0.16(  0.01)
    227.00   -6.43(  0.46)    0.17(  0.01)
    232.00   -7.89(  0.17)    0.22(  0.00)
    237.00   -8.06(  0.17)    0.24(  0.01)
    242.00   -8.37(  0.16)    0.27(  0.01)
    247.00   -8.30(  0.22)    0.29(  0.01)
    265.00   -8.58(  0.11)    0.38(  0.01)
    285.00   -7.92(  0.15)    0.44(  0.01)


SM22 2700 MEV P(200) CHI/DP=51634/25553                SM05    1/23/25  
        PI0P P31  pM        1/23/25  
     EG        EMreal    EMimag    BORN      Phs     X-sect
   145.00      -0.460    -0.000    -0.533  -179.976     0.001
   148.00      -1.719    -0.000    -1.921  -179.986     0.075
   151.00      -2.394     0.000    -2.626   179.999     0.198
   154.00      -2.911     0.001    -3.149   179.978     0.351
   157.00      -3.341     0.003    -3.571   179.952     0.525
   160.00      -3.713     0.005    -3.926   179.920     0.714
   163.00      -4.041     0.008    -4.232   179.883     0.913
   166.00      -4.335     0.012    -4.499   179.841     1.119
   169.00      -4.601     0.016    -4.735   179.796     1.330
   172.00      -4.844     0.021    -4.945   179.748     1.543
   175.00      -5.067     0.027    -5.132   179.697     1.757
   178.00      -5.272     0.033    -5.300   179.643     1.971
   181.00      -5.462     0.039    -5.451   179.587     2.183
   184.00      -5.638     0.046    -5.587   179.529     2.392
   187.00      -5.802     0.054    -5.709   179.469     2.598
   190.00      -5.954     0.062    -5.819   179.407     2.800
   193.00      -6.096     0.070    -5.917   179.344     2.998
   196.00      -6.228     0.078    -6.005   179.278     3.192
   199.00      -6.351     0.087    -6.083   179.212     3.379
   202.00      -6.466     0.097    -6.153   179.143     3.561
   205.00      -6.573     0.106    -6.214   179.073     3.737
   208.00      -6.674     0.116    -6.268   179.002     3.908
   211.00      -6.767     0.126    -6.315   178.930     4.073
   214.00      -6.855     0.137    -6.355   178.856     4.231
   217.00      -6.936     0.148    -6.388   178.782     4.383
   220.00      -7.012     0.158    -6.416   178.706     4.529
   223.00      -7.082     0.170    -6.439   178.629     4.669
   226.00      -7.147     0.181    -6.456   178.551     4.802
   229.00      -7.208     0.192    -6.468   178.472     4.929
   232.00      -7.263     0.204    -6.475   178.392     5.049
   235.00      -7.315     0.216    -6.478   178.311     5.164
   238.00      -7.363     0.228    -6.477   178.229     5.273
   241.00      -7.406     0.240    -6.472   178.147     5.376
   244.00      -7.446     0.252    -6.463   178.063     5.473
   247.00      -7.482     0.264    -6.451   177.979     5.564
   250.00      -7.515     0.276    -6.435   177.894     5.650
   253.00      -7.545     0.289    -6.415   177.808     5.730
   256.00      -7.571     0.301    -6.393   177.722     5.805
   259.00      -7.595     0.314    -6.367   177.635     5.875
   262.00      -7.616     0.326    -6.339   177.547     5.939
   265.00      -7.634     0.339    -6.308   177.459     5.998
   268.00      -7.649     0.351    -6.274   177.370     6.052
   271.00      -7.662     0.364    -6.238   177.280     6.102
   274.00      -7.672     0.377    -6.200   177.189     6.147
   277.00      -7.680     0.389    -6.159   177.099     6.188
   280.00      -7.686     0.402    -6.116   177.008     6.224
   283.00      -7.689     0.414    -6.071   176.916     6.256
   286.00      -7.691     0.427    -6.024   176.824     6.283
   289.00      -7.690     0.439    -5.975   176.731     6.307
   292.00      -7.688     0.452    -5.924   176.637     6.326
   295.00      -7.684     0.464    -5.871   176.544     6.343
   298.00      -7.678     0.476    -5.817   176.451     6.356
                    GWU    Single energy values
     EG      EMr-(  Err  )      EMi-(Err)
    162.00   -3.62(  0.12)    0.01(  0.00)
    167.00   -5.31(  1.70)    0.02(  0.01)
    172.00   -6.42(  1.09)    0.03(  0.00)
    177.00   -5.69(  1.58)    0.03(  0.01)
    182.00   -6.42(  1.69)    0.05(  0.01)
    187.00   -5.14(  1.29)    0.05(  0.01)
    192.00   -4.42(  1.56)    0.05(  0.02)
    197.00   -5.85(  1.72)    0.08(  0.02)
    202.00   -4.87(  1.94)    0.07(  0.03)
    207.00   -3.21(  1.44)    0.05(  0.02)
    212.00   -6.97(  0.70)    0.13(  0.01)
    217.00   -7.23(  1.68)    0.15(  0.04)
    222.00   -6.99(  0.51)    0.16(  0.01)
    227.00   -6.43(  0.46)    0.17(  0.01)
    232.00   -7.89(  0.17)    0.22(  0.00)
    237.00   -8.06(  0.17)    0.24(  0.01)
    242.00   -8.37(  0.16)    0.27(  0.01)
    247.00   -8.30(  0.22)    0.29(  0.01)
    265.00   -8.58(  0.11)    0.38(  0.01)
    285.00   -7.92(  0.15)    0.44(  0.01)

  SM22 2700 MEV P(200) CHI/DP=51634/25553                SM05    1/23/25  
        PI0P P33  pE        1/23/25  
     EG        EMreal    EMimag    BORN      Phs     X-sect
   145.00      -0.253    -0.000    -0.254  -180.000     0.003
   148.00      -0.892    -0.000    -0.908  -179.996     0.121
   151.00      -1.206    -0.001    -1.232  -179.971     0.301
   154.00      -1.434    -0.002    -1.467  -179.904     0.511
   157.00      -1.616    -0.006    -1.652  -179.775     0.737
   160.00      -1.768    -0.014    -1.805  -179.561     0.972
   163.00      -1.903    -0.022    -1.934  -179.340     1.215
   166.00      -2.021    -0.032    -2.046  -179.088     1.460
   169.00      -2.127    -0.044    -2.143  -178.806     1.706
   172.00      -2.223    -0.058    -2.228  -178.495     1.951
   175.00      -2.311    -0.074    -2.303  -178.155     2.194
   178.00      -2.391    -0.092    -2.370  -177.786     2.434
   181.00      -2.464    -0.112    -2.430  -177.389     2.671
   184.00      -2.533    -0.134    -2.484  -176.963     2.904
   187.00      -2.596    -0.158    -2.532  -176.508     3.133
   190.00      -2.655    -0.185    -2.575  -176.024     3.357
   193.00      -2.710    -0.213    -2.615  -175.509     3.578
   196.00      -2.762    -0.243    -2.651  -174.963     3.794
   199.00      -2.810    -0.276    -2.683  -174.385     4.005
   202.00      -2.854    -0.311    -2.713  -173.773     4.212
   205.00      -2.896    -0.349    -2.739  -173.128     4.415
   208.00      -2.935    -0.389    -2.764  -172.447     4.614
   211.00      -2.971    -0.432    -2.786  -171.729     4.807
   214.00      -3.004    -0.477    -2.806  -170.973     4.996
   217.00      -3.034    -0.525    -2.825  -170.177     5.181
   220.00      -3.061    -0.576    -2.842  -169.340     5.360
   223.00      -3.085    -0.630    -2.857  -168.459     5.534
   226.00      -3.106    -0.687    -2.871  -167.532     5.703
   229.00      -3.123    -0.746    -2.884  -166.558     5.866
   232.00      -3.137    -0.809    -2.896  -165.535     6.022
   235.00      -3.147    -0.875    -2.907  -164.459     6.172
   238.00      -3.152    -0.944    -2.916  -163.329     6.314
   241.00      -3.153    -1.016    -2.925  -162.142     6.447
   244.00      -3.149    -1.091    -2.933  -160.895     6.571
   247.00      -3.140    -1.169    -2.941  -159.587     6.685
   250.00      -3.125    -1.249    -2.947  -158.214     6.787
   253.00      -3.103    -1.332    -2.953  -156.773     6.877
   256.00      -3.075    -1.417    -2.959  -155.262     6.952
   259.00      -3.039    -1.503    -2.964  -153.680     7.011
   262.00      -2.995    -1.591    -2.968  -152.022     7.053
   265.00      -2.943    -1.679    -2.972  -150.288     7.075
   268.00      -2.881    -1.767    -2.976  -148.475     7.076
   271.00      -2.810    -1.854    -2.979  -146.582     7.054
   274.00      -2.729    -1.939    -2.981  -144.609     7.007
   277.00      -2.638    -2.020    -2.984  -142.555     6.933
   280.00      -2.537    -2.097    -2.986  -140.420     6.832
   283.00      -2.426    -2.168    -2.988  -138.207     6.700
   286.00      -2.304    -2.232    -2.989  -135.918     6.539
   289.00      -2.174    -2.286    -2.991  -133.556     6.347
   292.00      -2.035    -2.330    -2.992  -131.126     6.125
   295.00      -1.888    -2.362    -2.993  -128.633     5.873
   298.00      -1.735    -2.381    -2.993  -126.085     5.595
                    GWU    Single energy values
     EG      EMr-(  Err  )      EMi-(Err)
    162.00   -1.90(  0.04)   -0.02(  0.00)
    167.00   -2.38(  0.41)   -0.04(  0.01)
    172.00   -2.71(  0.30)   -0.07(  0.01)
    177.00   -2.63(  0.41)   -0.10(  0.02)
    182.00   -2.86(  0.53)   -0.14(  0.03)
    187.00   -2.37(  0.37)   -0.14(  0.02)
    192.00   -2.20(  0.47)   -0.17(  0.04)
    197.00   -2.42(  0.49)   -0.22(  0.04)
    202.00   -2.18(  0.57)   -0.24(  0.06)
    207.00   -1.87(  0.40)   -0.24(  0.05)
    212.00   -2.95(  0.24)   -0.44(  0.04)
    217.00   -2.71(  0.46)   -0.47(  0.08)
    222.00   -2.61(  0.22)   -0.52(  0.04)
    227.00   -2.37(  0.16)   -0.54(  0.04)
    232.00   -2.77(  0.10)   -0.71(  0.03)
    237.00   -3.00(  0.13)   -0.88(  0.04)
    242.00   -2.88(  0.13)   -0.95(  0.04)
    247.00   -2.66(  0.11)   -0.99(  0.04)
    265.00   -2.68(  0.05)   -1.53(  0.03)
    285.00   -2.56(  0.17)   -2.41(  0.16)


 SM22 2700 MEV P(200) CHI/DP=51634/25553                SM05    1/23/25  
        PI0P P33  pM        1/23/25  
     EG        EMreal    EMimag    BORN      Phs     X-sect
   145.00       0.768     0.000     0.738     0.000     0.008
   148.00       3.125     0.000     2.701     0.004     0.494
   151.00       4.591     0.002     3.749     0.029     1.457
   154.00       5.851     0.010     4.564     0.096     2.839
   157.00       7.016     0.028     5.255     0.225     4.632
   160.00       8.128     0.062     5.866     0.439     6.843
   163.00       9.087     0.105     6.420     0.660     9.235
   166.00       9.990     0.159     6.931     0.912    11.889
   169.00      10.855     0.226     7.408     1.194    14.807
   172.00      11.692     0.307     7.857     1.505    17.990
   175.00      12.511     0.403     8.283     1.845    21.446
   178.00      13.317     0.515     8.689     2.214    25.181
   181.00      14.115     0.644     9.077     2.611    29.209
   184.00      14.908     0.791     9.450     3.037    33.540
   187.00      15.700     0.958     9.810     3.492    38.192
   190.00      16.492     1.146    10.158     3.976    43.181
   193.00      17.288     1.358    10.495     4.491    48.526
   196.00      18.088     1.594    10.822     5.037    54.250
   199.00      18.894     1.858    11.141     5.615    60.374
   202.00      19.707     2.150    11.451     6.227    66.926
   205.00      20.527     2.474    11.754     6.872    73.931
   208.00      21.356     2.832    12.050     7.553    81.419
   211.00      22.194     3.226    12.339     8.271    89.424
   214.00      23.041     3.660    12.622     9.027    97.978
   217.00      23.896     4.137    12.900     9.823   107.117
   220.00      24.759     4.660    13.172    10.660   116.878
   223.00      25.629     5.233    13.440    11.541   127.303
   226.00      26.504     5.860    13.703    12.468   138.432
   229.00      27.384     6.545    13.961    13.442   150.307
   232.00      28.265     7.291    14.215    14.465   162.973
   235.00      29.144     8.105    14.465    15.541   176.472
   238.00      30.018     8.989    14.712    16.671   190.848
   241.00      30.883     9.950    14.954    17.858   206.143
   244.00      31.733    10.991    15.194    19.105   222.396
   247.00      32.562    12.118    15.430    20.413   239.641
   250.00      33.362    13.335    15.663    21.786   257.907
   253.00      34.125    14.645    15.893    23.227   277.214
   256.00      34.842    16.053    16.120    24.738   297.570
   259.00      35.501    17.561    16.344    26.320   318.969
   262.00      36.090    19.172    16.565    27.978   341.388
   265.00      36.596    20.884    16.784    29.712   364.783
   268.00      37.003    22.698    17.000    31.525   389.082
   271.00      37.296    24.609    17.214    33.418   414.186
   274.00      37.459    26.612    17.426    35.391   439.960
   277.00      37.473    28.697    17.635    37.445   466.234
   280.00      37.323    30.854    17.843    39.580   492.797
   283.00      36.991    33.065    18.048    41.793   519.398
   286.00      36.463    35.313    18.251    44.082   545.752
   289.00      35.727    37.575    18.452    46.444   571.529
   292.00      34.773    39.825    18.651    48.874   596.380
   295.00      33.596    42.035    18.848    51.367   619.931
   298.00      32.195    44.174    19.043    53.915   641.799
                    GWU    Single energy values
     EG      EMr-(  Err  )      EMi-(Err)
    162.00    8.80(  0.06)    0.09(  0.00)
    167.00    9.98(  0.48)    0.17(  0.01)
    172.00   10.30(  0.41)    0.27(  0.01)
    177.00   12.49(  0.36)    0.46(  0.01)
    182.00   13.39(  0.74)    0.64(  0.04)
    187.00   14.26(  0.46)    0.87(  0.03)
    192.00   16.02(  0.50)    1.21(  0.04)
    197.00   17.07(  0.51)    1.56(  0.05)
    202.00   18.68(  0.52)    2.04(  0.06)
    207.00   20.80(  0.46)    2.67(  0.06)
    212.00   21.77(  0.36)    3.26(  0.05)
    217.00   23.55(  0.39)    4.08(  0.07)
    222.00   25.07(  0.23)    4.98(  0.05)
    227.00   26.14(  0.21)    5.94(  0.05)
    232.00   27.26(  0.22)    7.03(  0.06)
    237.00   29.74(  0.22)    8.69(  0.07)
    242.00   31.01(  0.24)   10.24(  0.08)
    247.00   31.79(  0.23)   11.83(  0.09)
    265.00   36.20(  0.13)   20.66(  0.07)
    285.00   36.04(  0.14)   33.97(  0.13)



 SM22 2700 MEV P(200) CHI/DP=51634/25553                SM05    1/23/25  
        PI0P P33  pE        1/23/25  
     EG        EMreal    EMimag    BORN      Phs     X-sect
   145.00      -0.253    -0.000    -0.254  -180.000     0.003
   148.00      -0.892    -0.000    -0.908  -179.996     0.121
   151.00      -1.206    -0.001    -1.232  -179.971     0.301
   154.00      -1.434    -0.002    -1.467  -179.904     0.511
   157.00      -1.616    -0.006    -1.652  -179.775     0.737
   160.00      -1.768    -0.014    -1.805  -179.561     0.972
   163.00      -1.903    -0.022    -1.934  -179.340     1.215
   166.00      -2.021    -0.032    -2.046  -179.088     1.460
   169.00      -2.127    -0.044    -2.143  -178.806     1.706
   172.00      -2.223    -0.058    -2.228  -178.495     1.951
   175.00      -2.311    -0.074    -2.303  -178.155     2.194
   178.00      -2.391    -0.092    -2.370  -177.786     2.434
   181.00      -2.464    -0.112    -2.430  -177.389     2.671
   184.00      -2.533    -0.134    -2.484  -176.963     2.904
   187.00      -2.596    -0.158    -2.532  -176.508     3.133
   190.00      -2.655    -0.185    -2.575  -176.024     3.357
   193.00      -2.710    -0.213    -2.615  -175.509     3.578
   196.00      -2.762    -0.243    -2.651  -174.963     3.794
   199.00      -2.810    -0.276    -2.683  -174.385     4.005
   202.00      -2.854    -0.311    -2.713  -173.773     4.212
   205.00      -2.896    -0.349    -2.739  -173.128     4.415
   208.00      -2.935    -0.389    -2.764  -172.447     4.614
   211.00      -2.971    -0.432    -2.786  -171.729     4.807
   214.00      -3.004    -0.477    -2.806  -170.973     4.996
   217.00      -3.034    -0.525    -2.825  -170.177     5.181
   220.00      -3.061    -0.576    -2.842  -169.340     5.360
   223.00      -3.085    -0.630    -2.857  -168.459     5.534
   226.00      -3.106    -0.687    -2.871  -167.532     5.703
   229.00      -3.123    -0.746    -2.884  -166.558     5.866
   232.00      -3.137    -0.809    -2.896  -165.535     6.022
   235.00      -3.147    -0.875    -2.907  -164.459     6.172
   238.00      -3.152    -0.944    -2.916  -163.329     6.314
   241.00      -3.153    -1.016    -2.925  -162.142     6.447
   244.00      -3.149    -1.091    -2.933  -160.895     6.571
   247.00      -3.140    -1.169    -2.941  -159.587     6.685
   250.00      -3.125    -1.249    -2.947  -158.214     6.787
   253.00      -3.103    -1.332    -2.953  -156.773     6.877
   256.00      -3.075    -1.417    -2.959  -155.262     6.952
   259.00      -3.039    -1.503    -2.964  -153.680     7.011
   262.00      -2.995    -1.591    -2.968  -152.022     7.053
   265.00      -2.943    -1.679    -2.972  -150.288     7.075
   268.00      -2.881    -1.767    -2.976  -148.475     7.076
   271.00      -2.810    -1.854    -2.979  -146.582     7.054
   274.00      -2.729    -1.939    -2.981  -144.609     7.007
   277.00      -2.638    -2.020    -2.984  -142.555     6.933
   280.00      -2.537    -2.097    -2.986  -140.420     6.832
   283.00      -2.426    -2.168    -2.988  -138.207     6.700
   286.00      -2.304    -2.232    -2.989  -135.918     6.539
   289.00      -2.174    -2.286    -2.991  -133.556     6.347
   292.00      -2.035    -2.330    -2.992  -131.126     6.125
   295.00      -1.888    -2.362    -2.993  -128.633     5.873
   298.00      -1.735    -2.381    -2.993  -126.085     5.595
                    GWU    Single energy values
     EG      EMr-(  Err  )      EMi-(Err)
    162.00   -1.90(  0.04)   -0.02(  0.00)
    167.00   -2.38(  0.41)   -0.04(  0.01)
    172.00   -2.71(  0.30)   -0.07(  0.01)
    177.00   -2.63(  0.41)   -0.10(  0.02)
    182.00   -2.86(  0.53)   -0.14(  0.03)
    187.00   -2.37(  0.37)   -0.14(  0.02)
    192.00   -2.20(  0.47)   -0.17(  0.04)
    197.00   -2.42(  0.49)   -0.22(  0.04)
    202.00   -2.18(  0.57)   -0.24(  0.06)
    207.00   -1.87(  0.40)   -0.24(  0.05)
    212.00   -2.95(  0.24)   -0.44(  0.04)
    217.00   -2.71(  0.46)   -0.47(  0.08)
    222.00   -2.61(  0.22)   -0.52(  0.04)
    227.00   -2.37(  0.16)   -0.54(  0.04)
    232.00   -2.77(  0.10)   -0.71(  0.03)
    237.00   -3.00(  0.13)   -0.88(  0.04)
    242.00   -2.88(  0.13)   -0.95(  0.04)
    247.00   -2.66(  0.11)   -0.99(  0.04)
    265.00   -2.68(  0.05)   -1.53(  0.03)
    285.00   -2.56(  0.17)   -2.41(  0.16)

