1076.	-22.58292939610608
1076.5	-22.52654774091639
1077.	-22.470488920054528
1077.5	-22.41475720334043
1078.	-22.35935686059403
1078.5	-22.304292161635264
1079.	-22.249567376284066
1079.5	-22.195186774360373
1080.	-22.141154625684113
1080.5	-22.087475200075225
1081.	-22.034152767353643
1081.5	-21.9811915973393
1082.	-21.928595959852135
1082.5	-21.87638720128987
1083.	-21.82454568426353
1083.5	-21.773068847961937
1084.	-21.721954131573902
1084.5	-21.67120147644104
1085.	-21.620804818738257
1085.5	-21.570760596793253
1086.	-21.521065248933724
1086.5	-21.471708733641474
1087.	-21.422696561028463
1087.5	-21.374027761360736
1088.	-21.32570136490436
1088.5	-21.27772792279548
1089.	-21.230090336082025
1089.5	-21.182783026682017
1090.	-21.135800416513476
1090.5	-21.0891275045755
1091.	-21.04277190487261
1091.5	-20.99673180849038
1092.	-20.951005406514415
1092.5	-20.90559348026736
1093.	-20.860490594502917
1093.5	-20.815693904211855
1094.	-20.771200564384937
1094.5	-20.72700734867676
1095.	-20.683111945948728
1095.5	-20.639511663726072
1096.	-20.596203809534032
1096.5	-20.553185320314636
1097.	-20.5104540224096
1097.5	-20.468007371577443
1098.	-20.425842823576673
1098.5	-20.38396069211804
1099.	-20.34235443182694
1099.5	-20.301020355280986
1100.	-20.2599547750578
1100.5	-20.219147358387204
1101.	-20.17860372133374
1101.5	-20.138322834614158
1102.	-20.098303668945192
1102.5	-20.058554535129932
1103.	-20.01906132776424
1103.5	-19.979819281530325
1104.	-19.940823631110394
1104.5	-19.902056425908203
1105.	-19.86353135999579
1105.5	-19.82524894216674
1106.	-19.787209681214645
1106.5	-19.74942351877881
1107.	-19.711877757668812
1107.5	-19.674569133539954
1108.	-19.63749438204753
1108.5	-19.60064676023627
1109.	-19.564027873816272
1109.5	-19.527635849887066
1110.	-19.491468815548185
1110.5	-19.455528059541955
1111.	-19.419807282667986
1111.5	-19.38430334736869
1112.	-19.349013116086468
1112.5	-19.31392648799819
1113.	-19.279050074118032
1113.5	-19.244383522194607
1114.	-19.20992647997655
1114.5	-19.17568517907909
1115.	-19.141650049837597
1115.5	-19.10781810645406
1116.	-19.074186363130462
1116.5	-19.040744750198122
1117.	-19.007500199277942
1117.5	-18.97445255812017
1118.	-18.94160167447504
1118.5	-18.90895771855588
1119.	-18.876506086664627
1119.5	-18.84424249756629
1120.	-18.81216267002589
1120.5	-18.780248047474586
1121.	-18.748514334144787
1121.5	-18.71696295893505
1122.	-18.685595350743938
1122.5	-18.65442336975534
1123.	-18.62343384106834
1123.5	-18.592624021067376
1124.	-18.561991166136863
1124.5	-18.531532537455817
1125.	-18.501245384696244
1125.5	-18.47112696232473
1126.	-18.441174524807863
1126.5	-18.411377853824078
1127.	-18.381744665743387
1127.5	-18.35227520414764
1128.	-18.3229697126187
1128.5	-18.293831886397214
1129.	-18.26485713674272
1129.5	-18.23604432657354
1130.	-18.20739231880802
1130.5	-18.17890368028395
1131.	-18.15057208843241
1131.5	-18.12239492460395
1132.	-18.09436957014911
1132.5	-18.066489545887265
1133.	-18.038757637912603
1133.5	-18.011172771788143
1134.	-17.983733873076897
1134.5	-17.956435813158894
1135.	-17.929283193453337
1135.5	-17.902276561196434
1136.	-17.875416463624397
1136.5	-17.8487150826667
1137.	-17.822156676988993
1137.5	-17.79573713995018
1138.	-17.76945236490917
1138.5	-17.74328234977239
1139.	-17.717245241532222
1139.5	-17.69134329172856
1140.	-17.665578751901307
1140.5	-17.63996563913876
1141.	-17.614489733213066
1141.5	-17.589148579444753
1142.	-17.56393972315437
1142.5	-17.53886080393362
1143.	-17.513909235123407
1143.5	-17.489082524335807
1144.	-17.464378179182884
1144.5	-17.439781176911236
1145.	-17.415306567644603
1145.5	-17.39095687114125
1146.	-17.366734607159433
1146.5	-17.342303382420855
1147.	-17.318140194934973
1147.5	-17.29438312967467
1148.	-17.271170271612842
1148.5	-17.24856343324191
1149.	-17.226807481007416
1149.5	-17.20607100887444
1150.	-17.18652261080805
1150.5	-17.169518182244023
1151.	-17.153564095088466
1151.5	-17.138354022718183
1152.	-17.123581638509968
1152.5	-17.10818511216839
1153.	-17.092915822211378
1153.5	-17.077769643484636
1154.	-17.06274245083386
1154.5	-17.04782149370599
1155.	-17.033014722504976
1155.5	-17.01832146223603
1156.	-17.003741037904344
1156.5	-16.989268105347538
1157.	-16.974908526405425
1157.5	-16.960663493750243
1158.	-16.946534200054227
1158.5	-16.932521523330987
1159.	-16.91862709677483
1159.5	-16.904852238921432
1160.	-16.891198268306475
1160.5	-16.87768511348325
1161.	-16.864288038962783
1161.5	-16.851000919273723
1162.	-16.837817628944705
1162.5	-16.82470397158322
1163.	-16.811693121007515
1163.5	-16.79879018011469
1164.	-16.78600025180184
1164.5	-16.773351944789567
1165.	-16.76081745382207
1165.5	-16.74839247946705
1166.	-16.736072722292203
1166.5	-16.723844504368763
1167.	-16.71171665615948
1167.5	-16.699688629630646
1168.	-16.687759876748547
1168.5	-16.67591973498231
1169.	-16.66418181659424
1169.5	-16.652549619349493
1170.	-16.641026641013216
1170.5	-16.62963618108424
1171.	-16.61835401490056
1171.5	-16.607175719533856
1172.	-16.596096872055803
1172.5	-16.585098036928336
1173.	-16.574195808876773
1173.5	-16.563391770016683
1174.	-16.55268750246364
1174.5	-16.54209480424848
1175.	-16.531600955205413
1175.5	-16.521203451083906
1176.	-16.510899787633424
1176.5	-16.500677014324648
1177.	-16.490547251697357
1177.5	-16.48051217401253
1178.	-16.47057345553116
1178.5	-16.460737865077483
1179.	-16.45099994452393
1179.5	-16.441359330306177
1180.	-16.431815658859914
1180.5	-16.42236852225188
1181.	-16.41301761903427
1181.5	-16.403762603390348
1182.	-16.39460312950337
1182.5	-16.385538816616563
1183.	-16.376569367829227
1183.5	-16.367694451300633
1184.	-16.358913735190043
1184.5	-16.350232573004757
1185.	-16.341642673416803
1185.5	-16.33314143044625
1186.	-16.32472623811315
1186.5	-16.31638322022204
1187.	-16.30812554909471
1187.5	-16.299955126837443
1188.	-16.291873855556503
1188.5	-16.28388914197972
1189.	-16.275995181743184
1189.5	-16.26819167510454
1190.	-16.26047832232143
1190.5	-16.25285479835871
1191.	-16.24532083888394
1191.5	-16.23787615427187
1192.	-16.230520454897267
1192.5	-16.223253423210405
1193.	-16.21607480868032
1193.5	-16.208984332851575
1194.	-16.201981717268723
1194.5	-16.195072852081537
1195.	-16.188248822787266
1195.5	-16.181506883488375
1196.	-16.174844288287325
1196.5	-16.168239804804145
1197.	-16.161716568216715
1197.5	-16.155279227220483
1198.	-16.148932430510886
1198.5	-16.142699165630354
1199.	-16.13655840688855
1199.5	-16.130507467442122
1200.	-16.124543660447717
1200.5	-16.118664705376666
1201.	-16.112867346545066
1201.5	-16.107148734583692
1202.	-16.10150602012332
1202.5	-16.095916929092827
1203.	-16.09040580670565
1203.5	-16.084977573473324
1204.	-16.07963714990739
1204.5	-16.0744087281006
1205.	-16.069270248350787
1205.5	-16.064218922537002
1206.	-16.059251962538298
1206.5	-16.054360176962003
1207.	-16.04954974226758
1207.5	-16.04482043164276
1208.	-16.04017201827528
1208.5	-16.035604259688316
1209.	-16.031116950999994
1209.5	-16.026709871663876
1210.	-16.022382801133528
1210.5	-16.01813550404844
1211.	-16.013967780601874
1211.5	-16.009879416173018
1212.	-16.005870196141064
1212.5	-16.0019327082917
1213.	-15.998076814635015
1213.5	-15.994305179587602
1214.	-15.99062046756605
1214.5	-15.987039466485848
1215.	-15.983545067865128
1215.5	-15.980134286720919
1216.	-15.976804138070252
1216.5	-15.97354466742649
1217.	-15.970362647111797
1217.5	-15.967257879944668
1218.	-15.9642301687436
1218.5	-15.961279320195816
1219.	-15.958405131703595
1219.5	-15.95560740453794
1220.	-15.952885939969857
1220.5	-15.950232828982042
1221.	-15.947658667249131
1221.5	-15.945166340157451
1222.	-15.942758733093328
1222.5	-15.940453849938175
1223.	-15.938233410185202
1223.5	-15.936094251822698
1224.	-15.93403321283896
1224.5	-15.932039687849047
1225.	-15.930120935563778
1225.5	-15.92827677132074
1226.	-15.926507010457517
1226.5	-15.92480337710705
1227.	-15.923177014293431
1227.5	-15.9216309738361
1228.	-15.920168307554503
1228.5	-15.918799730551374
1229.	-15.91751756604955
1229.5	-15.916321800555158
1230.	-15.915212420574324
1230.5	-15.91419776786122
1231.	-15.913266131574712
1231.5	-15.91241415612171
1232.	-15.911638485909123
1232.5	-15.910927812534473
1233.	-15.910289914337813
1233.5	-15.90972461684981
1234.	-15.909231745601122
1234.5	-15.908793794921992
1235.	-15.908434854023684
1235.5	-15.908161680917027
1236.	-15.907981033612861
1236.5	-15.907942530822963
1237.	-15.907992925576849
1237.5	-15.908121831604976
1238.	-15.908318862637806
1238.5	-15.908521653738683
1239.	-15.908792588772021
1239.5	-15.909142072935126
1240.	-15.909580511425297
1240.5	-15.910162046074092
1241.	-15.910835850790859
1241.5	-15.911594836119198
1242.	-15.91243191260271
1242.5	-15.913313399734005
1243.	-15.91426943552807
1243.5	-15.915303566948905
1244.	-15.916419340960505
1244.5	-15.917638538117902
1245.	-15.918939178357647
1245.5	-15.920317515207325
1246.	-15.921769802194518
1246.5	-15.923264136219919
1247.	-15.92483619008876
1247.5	-15.926493479979387
1248.	-15.92824352207014
1248.5	-15.930131555210721
1249.	-15.932112283839569
1249.5	-15.934178135066484
1250.	-15.93632153600126
1250.5	-15.938506449302157
1251.	-15.940765152311132
1251.5	-15.9431014579186
1252.	-15.945519179014976
1252.5	-15.948041640964973
1253.	-15.950645339194994
1253.5	-15.953326281605735
1254.	-15.956080476097895
1254.5	-15.958873787146363
1255.	-15.961744423447971
1255.5	-15.964700450273739
1256.	-15.96774993289469
1256.5	-15.970930898961841
1257.	-15.97420946641422
1257.5	-15.977581715570855
1258.	-15.98104372675077
1258.5	-15.984592250009202
1259.	-15.98822242803448
1259.5	-15.99193007325114
1260.	-15.995710998083723
1260.5	-15.999540118599686
1261.	-16.003442502123484
1261.5	-16.007422319622485
1262.	-16.011483742064065
1262.5	-16.015630192798188
1263.	-16.01986688945659
1263.5	-16.02419830205361
1264.	-16.02862890060358
1264.5	-16.033195974200673
1265.	-16.03785804614745
1265.5	-16.0426064588263
1266.	-16.047432554619622
1266.5	-16.052295014801935
1267.	-16.05723090730666
1267.5	-16.062244638959353
1268.	-16.06734061658555
1268.5	-16.072522492423932
1269.	-16.077795729721664
1269.5	-16.08316503713905
1270.	-16.08863512333639
1270.5	-16.09424521999251
1271.	-16.09995170354176
1271.5	-16.105745473437025
1272.	-16.111617429131186
1272.5	-16.117512126160708
1273.	-16.123485345461464
1273.5	-16.129546524052905
1274.	-16.135705098954485
1274.5	-16.142017632263105
1275.	-16.148427585889788
1275.5	-16.15492554682301
1276.	-16.161502102051237
1276.5	-16.168099893563607
1277.	-16.17477663134767
1277.5	-16.181542080391633
1278.	-16.188406005683706
1278.5	-16.195414305565198
1279.	-16.20252615832998
1279.5	-16.20973687562503
1280.	-16.217041769097314
1280.5	-16.224424162873255
1281.	-16.231896151128595
1281.5	-16.239457840518533
1282.	-16.24710933769826
1282.5	-16.2548507346712
1283.	-16.262682158605028
1283.5	-16.270603722015633
1284.	-16.27861553741892
1284.5	-16.286717722415865
1285.	-16.294910382403256
1285.5	-16.30319362786296
1286.	-16.311567569276846
1286.5	-16.320032291160643
1287.	-16.328587940348807
1287.5	-16.337234637709667
1288.	-16.345972504111543
1288.5	-16.35478795886775
1289.	-16.363700305023624
1289.5	-16.37271514406948
1290.	-16.381838077495654
1290.5	-16.391101642142136
1291.	-16.400473730009715
1291.5	-16.40994916844884
1292.	-16.419522784809974
1292.5	-16.429176146661014
1293.	-16.438922645048
1293.5	-16.4487624112344
1294.	-16.458695576483706
1294.5	-16.468722262450942
1295.	-16.478842613851416
1295.5	-16.489056765791982
1296.	-16.499364853379497
1296.5	-16.509767010093768
1297.	-16.520263373319523
1297.5	-16.53085407881444
1298.	-16.541539262336187
1298.5	-16.552319059642446
1299.	-16.563193606490895
1299.5	-16.574163038639206
1300.	-16.58522749184506