1076.	-0.10268224119761715
1076.5	-0.15533619882996946
1077.	-0.2035684361046099
1077.5	-0.24767008986276579
1078.	-0.2879322969456646
1078.5	-0.3246461941945338
1079.	-0.3581029184506007
1079.5	-0.38859360655509295
1080.	-0.4164093953492379
1080.5	-0.44184142167426294
1081.	-0.4651808223713955
1081.5	-0.48671873428186313
1082.	-0.5067462942468932
1082.5	-0.5260121711911163
1083.	-0.5441669570389954
1083.5	-0.5613187757983968
1084.	-0.5775757514771868
1084.5	-0.5931784367224345
1085.	-0.6080495554471219
1085.5	-0.6222442602034336
1086.	-0.6358177035435547
1086.5	-0.6488804559585575
1087.	-0.6614100848861845
1087.5	-0.6734395757030653
1088.	-0.6850019137858302
1088.5	-0.6961583060391507
1089.	-0.7069022277003982
1089.5	-0.7172553755349858
1090.	-0.7272394463083265
1090.5	-0.7368921437782059
1091.	-0.7462127549207159
1091.5	-0.7552165737043207
1092.	-0.7639188940974845
1092.5	-0.7723452287012234
1093.	-0.7804965653984289
1093.5	-0.7883841107045444
1094.	-0.7960190711350134
1094.5	-0.8034188797110128
1095.	-0.810586025839959
1095.5	-0.817529225435002
1096.	-0.8242571944092915
1096.5	-0.8307836937788173
1097.	-0.8371103763127539
1097.5	-0.8432439398831151
1098.	-0.849191082361915
1098.5	-0.8549614872865592
1099.	-0.8605576725975135
1099.5	-0.8659851419006356
1100.	-0.8712493988017828
1100.5	-0.8763585536994707
1101.	-0.8813144606898353
1101.5	-0.886121580661671
1102.	-0.890784374503772
1102.5	-0.8953091681695051
1103.	-0.8996978114572629
1103.5	-0.9039540192300103
1104.	-0.9080815063507125
1104.5	-0.9120854538410674
1105.	-0.9159675239418144
1105.5	-0.9197308450524252
1106.	-0.9233785455723722
1106.5	-0.9269148875755073
1107.	-0.9303414123171706
1107.5	-0.9336607947270819
1108.	-0.9368757097349614
1108.5	-0.9399898842015604
1109.	-0.9430045203531549
1109.5	-0.9459218723470526
1110.	-0.9487441943405608
1110.5	-0.9514742492282107
1111.	-0.9541135789351965
1111.5	-0.9566642341239366
1112.	-0.9591282654568488
1112.5	-0.9615085902161034
1113.	-0.9638060457964652
1113.5	-0.9660223362124517
1114.	-0.9681591654785799
1114.5	-0.9702187426645543
1115.	-0.9722020647076299
1115.5	-0.974110633600249
1116.	-0.9759459513348537
1116.5	-0.9777099908720881
1117.	-0.9794035948489122
1117.5	-0.9810280768704872
1118.	-0.9825847505419749
1118.5	-0.9840750008114665
1119.	-0.9855000414040221
1119.5	-0.9868611573876315
1120.	-0.9881596338302843
1120.5	-0.9893974837695694
1121.	-0.9905749731160377
1121.5	-0.9916930957498394
1122.	-0.9927528455511248
1122.5	-0.9937553652504674
1123.	-0.9947014403374241
1123.5	-0.9955920051519758
1124.	-0.9964279940341029
1124.5	-0.9972105715556149
1125.	-0.997940349731932
1125.5	-0.9986181708103035
1126.	-0.9992448770379783
1126.5	-0.9998213592434096
1127.	-1.000348391660161
1127.5	-1.0008267971029994
1128.	-1.0012573983866928
1128.5	-1.0016415076735987
1129.	-1.001979262691858
1129.5	-1.0022712905172022
1130.	-1.0025182182253625
1130.5	-1.0027205017831915
1131.	-1.0028790078188508
1131.5	-1.0029944318516224
1132.	-1.0030674694007897
1132.5	-1.0030991089903125
1133.	-1.003089635932925
1133.5	-1.003039628546039
1134.	-1.0029496651470662
1134.5	-1.0028208184141512
1135.	-1.0026529745596795
1135.5	-1.002446514156769
1136.	-1.0022018177785388
1136.5	-1.0019186437851306
1137.	-1.0015982438478293
1137.5	-1.001241247424944
1138.	-1.0008482839747834
1138.5	-1.0004208125677678
1139.	-0.99995830120525
1139.5	-0.9994610475006942
1140.	-0.9989293490675646
1140.5	-0.9983629897581607
1141.	-0.9977629864515775
1141.5	-0.997129842265745
1142.	-0.9964640603185932
1142.5	-0.9957664208249443
1143.	-0.9950370389670797
1143.5	-0.9942763070241728
1144.	-0.9934846172753969
1144.5	-0.9926444233494155
1145.	-0.991781231636116
1145.5	-0.9909026098748758
1146.	-0.9900161258050723
1146.5	-0.989185146925166
1147.	-0.9883391213118181
1147.5	-0.9874632968007727
1148.	-0.986542921227774
1148.5	-0.985568953358678
1149.	-0.9845186457270724
1149.5	-0.9833749617966565
1150.	-0.9821208650311299
1150.5	-0.980633902697561
1151.	-0.9790446209349325
1151.5	-0.9773781496855964
1152.	-0.9756596188919046
1152.5	-0.9739761236478109
1153.	-0.9722660426834244
1153.5	-0.9705297198804559
1154.	-0.9687674991206165
1154.5	-0.9669802744864905
1155.	-0.9651676195785661
1155.5	-0.9633296581982054
1156.	-0.9614665141467696
1156.5	-0.9595781266659474
1157.	-0.9576648779406431
1157.5	-0.9557269655960877
1158.	-0.9537645872575125
1158.5	-0.9517776974524365
1159.	-0.9497668341428873
1159.5	-0.9477322921931808
1160.	-0.9456743664676326
1160.5	-0.94359364432918
1161.	-0.9414900111440687
1161.5	-0.9393636447771656
1162.	-0.937214723093338
1162.5	-0.9350434672405179
1163.	-0.9328499944872815
1163.5	-0.9306344653852698
1164.	-0.9283970404861239
1164.5	-0.9261379051765702
1165.	-0.9238571852391305
1165.5	-0.9215550312914117
1166.	-0.9192315939510206
1166.5	-0.9168870695532687
1167.	-0.9145215447109768
1167.5	-0.9121351517546702
1168.	-0.9097280230148741
1168.5	-0.9073003107846561
1169.	-0.9048521194469821
1169.5	-0.9023835733473603
1170.	-0.8998947968312991
1170.5	-0.8973859438194046
1171.	-0.894857097252048
1171.5	-0.8923083696446984
1172.	-0.889739873512825
1172.5	-0.8871513857483374
1173.	-0.884543488739688
1173.5	-0.8819164292517697
1174.	-0.8792704540494755
1174.5	-0.8766069022133166
1175.	-0.8739244912663202
1175.5	-0.8712230310471316
1176.	-0.8685023313943963
1176.5	-0.8657607889593804
1177.	-0.8630001920430604
1177.5	-0.8602209157590338
1178.	-0.8574233352208975
1178.5	-0.8546089304250329
1179.	-0.8517765296491397
1179.5	-0.8489260660537014
1180.	-0.8460574727992015
1180.5	-0.8431699428421455
1181.	-0.8402644456285866
1181.5	-0.8373412104005996
1182.	-0.8344004664002596
1182.5	-0.831443658468571
1183.	-0.8284693140091073
1183.5	-0.8254771760243713
1184.	-0.8224669875168661
1184.5	-0.8194364715864371
1185.	-0.8163881990993078
1185.5	-0.8133227210190446
1186.	-0.8102405883092134
1186.5	-0.8071444091190187
1187.	-0.804031854352133
1187.5	-0.8009026520978668
1188.	-0.797756530445531
1188.5	-0.7945924416843742
1189.	-0.791411200023794
1189.5	-0.7882128438731261
1190.	-0.7849974116417061
1190.5	-0.7817644775589675
1191.	-0.7785147298861089
1191.5	-0.7752483927044267
1192.	-0.7719656900952174
1192.5	-0.7686677756791482
1193.	-0.7653535721823965
1193.5	-0.7620229318705105
1194.	-0.7586757070090383
1194.5	-0.7553108192777537
1195.	-0.751929423762289
1195.5	-0.7485317449625024
1196.	-0.7451180073782516
1196.5	-0.7416889065736275
1197.	-0.7382440075585621
1197.5	-0.7347833464072205
1198.	-0.7313069591937674
1198.5	-0.7278154149143826
1199.	-0.7243080035524102
1199.5	-0.7207845480132092
1200.	-0.7172448712021385
1200.5	-0.7136877892889804
1201.	-0.7101145346089012
1201.5	-0.7065253327614905
1202.	-0.7029204093463384
1202.5	-0.6993004904880294
1203.	-0.6956651010511601
1203.5	-0.6920142664253219
1204.	-0.6883480120001066
1204.5	-0.6846663827089928
1205.	-0.6809693765801301
1205.5	-0.6772570111855554
1206.	-0.6735293040973054
1206.5	-0.6697868427365128
1207.	-0.6660288468864801
1207.5	-0.6622551061796059
1208.	-0.6584654102482885
1208.5	-0.6546584423501455
1209.	-0.6508355410422686
1209.5	-0.6469969385069686
1210.	-0.6431428669265564
1210.5	-0.6392741157590903
1211.	-0.6353901370008347
1211.5	-0.6314909399238016
1212.	-0.6275765338000026
1212.5	-0.623647551199793
1213.	-0.619703128777504
1213.5	-0.6157430264858104
1214.	-0.6117670042773866
1214.5	-0.6077729802018942
1215.	-0.6037632928762261
1215.5	-0.5997384390142619
1216.	-0.5956989153298817
1216.5	-0.5916477200503892
1217.	-0.5875818477708705
1217.5	-0.5835007945998357
1218.	-0.5794040566457951
1218.5	-0.5752892484068237
1219.	-0.5711585002460408
1219.5	-0.5670120609161304
1220.	-0.5628501791697769
1220.5	-0.558673733577141
1221.	-0.5544820911464396
1221.5	-0.5502752487033663
1222.	-0.5460532030736145
1222.5	-0.5418159556284791
1223.	-0.5375634968298117
1223.5	-0.5332958216850655
1224.	-0.5290129252016933
1224.5	-0.5247148105846997
1225.	-0.5204014613649657
1225.5	-0.5160728692709234
1226.	-0.5117290260310053
1226.5	-0.5073706657081498
1227.	-0.5029967407624808
1227.5	-0.49860694598862837
1228.	-0.4942009761812225
1228.5	-0.48977633855892666
1229.	-0.48533579052272396
1229.5	-0.4808799018976311
1230.	-0.47640924250866457
1230.5	-0.47192656158337826
1231.	-0.4674293777832367
1231.5	-0.46291738917224157
1232.	-0.4583902938143947
1232.5	-0.45384707444894457
1233.	-0.44928843059454737
1233.5	-0.4447143464451063
1234.	-0.44012480619452443
1234.5	-0.4355206136841919
1235.	-0.43090060560152976
1235.5	-0.4262644382814462
1236.	-0.4216117680588494
1236.5	-0.41693984027453684
1237.	-0.41225168665517165
1237.5	-0.4075479279333064
1238.	-0.4028291848414936
1238.5	-0.3980984755494439
1239.	-0.39335306437768824
1239.5	-0.38859261308391596
1240.	-0.3838167834258162
1240.5	-0.3790253219453564
1241.	-0.37421777170223625
1241.5	-0.3693937605404337
1242.	-0.3645529163039267
1242.5	-0.3596922835083086
1243.	-0.3548151066572958
1243.5	-0.34992204692622
1244.	-0.3450137654904129
1244.5	-0.3400934884986571
1245.	-0.3351582861634533
1245.5	-0.3302077936707529
1246.	-0.32524164620650753
1246.5	-0.32025864927090764
1247.	-0.31525959960996996
1247.5	-0.31024446428395036
1248.	-0.3052132103531046
1248.5	-0.300165791477333
1249.	-0.2951021934773892
1249.5	-0.2900223887736712
1250.	-0.2849263497865771
1250.5	-0.2798130940156491
1251.	-0.2746839307704834
1251.5	-0.26953921443982043
1252.	-0.26437929941240057
1252.5	-0.2592074287979478
1253.	-0.2540199127758254
1253.5	-0.24881595024638045
1254.	-0.2435947401099598
1254.5	-0.2383526237916036
1255.	-0.23309280065708834
1255.5	-0.22781561259688363
1256.	-0.2225214015014591
1256.5	-0.21721040950111423
1257.	-0.21188311815055694
1257.5	-0.206539909244325
1258.	-0.20118116457695617
1258.5	-0.1958093184339431
1259.	-0.19042187912248665
1259.5	-0.18501840744074258
1260.	-0.1795984641868667
1260.5	-0.17416060396793112
1261.	-0.1687057962496087
1261.5	-0.16323400430648874
1262.	-0.15774519141316046
1262.5	-0.1522393380062794
1263.	-0.14671638333354195
1263.5	-0.14117628380471087
1264.	-0.13561899582954884
1264.5	-0.13004446946158565
1265.	-0.12445267000931017
1265.5	-0.11884355642497821
1266.	-0.1132170876608457
1266.5	-0.1075720756103212
1267.	-0.10191008510804683
1267.5	-0.09623153392981743
1268.	-0.0905368398514278
1268.5	-0.08482868367126815
1269.	-0.07910431493349979
1269.5	-0.07336324620487933
1270.	-0.06760499005216347
1270.5	-0.061827958711101826
1271.	-0.05603320521186092
1271.5	-0.050220682253600234
1272.	-0.044390342535479244
1272.5	-0.03854213991788356
1273.	-0.03267602547425608
1273.5	-0.026791951439265858
1274.	-0.020889870047581915
1274.5	-0.014968476814061934
1275.	-0.009029483381110842
1275.5	-0.0030733446713222153
1276.	0.002899484392710372
1276.5	0.008884790050376956
1277.	0.014887379752306903
1277.5	0.0209083021111132
1278.	0.026948605739408826
1278.5	0.033014381259217664
1279.	0.039099618469977435
1279.5	0.045203349180536756
1280.	0.051324605199744244
1280.5	0.057459940880160806
1281.	0.06361185646943787
1281.5	0.06978037475893913
1282.	0.07596551854002831
1282.5	0.08216459102559404
1283.	0.08838142241686514
1283.5	0.09461712333659532
1284.	0.10087280440753832
1284.5	0.10715491142693838
1285.	0.11345708577326254
1285.5	0.11977830399946832
1286.	0.12611754265851327
1286.5	0.13246974635635977
1287.	0.13883953637175858
1287.5	0.14522750203646526
1288.	0.15163423268223541
1288.5	0.15806310216706557
1289.	0.164510801485974
1289.5	0.17097680616021993
1290.	0.17746059171106254
1290.5	0.18395877762937723
1291.	0.1904748378789606
1291.5	0.19700939039322543
1292.	0.20356305310558442
1292.5	0.21013784580176667
1293.	0.2167324238219421
1293.5	0.22334684435859697
1294.	0.22998116460421747
1294.5	0.2366354335198266
1295.	0.24330971982195918
1295.5	0.2500040839956867
1296.	0.2567185865260807
1296.5	0.2634548578669344
1297.	0.270210760547109
1297.5	0.2769857270641874
1298.	0.28377918991575246
1298.5	0.29059058159938705
1299.	0.297419334612674
1299.5	0.3042648814531963
1300.	0.3111266546185367