1076.	-12.133118053572392
1076.5	-12.086887557192394
1077.	-12.040792838843332
1077.5	-11.99483145651582
1078.	-11.949000968200476
1078.5	-11.903298931887914
1079.	-11.857722905568748
1079.5	-11.812270447233596
1080.	-11.766939114873074
1080.5	-11.721726466477795
1081.	-11.676630060038377
1081.5	-11.631647453545435
1082.	-11.586776204989585
1082.5	-11.54201719361879
1083.	-11.497363327663377
1083.5	-11.452810836611025
1084.	-11.40835594994941
1084.5	-11.363990694950079
1085.	-11.31971718420329
1085.5	-11.275533328083167
1086.	-11.23143703696384
1086.5	-11.187427435483428
1087.	-11.14350073404647
1087.5	-11.099654357321494
1088.	-11.055885729977033
1088.5	-11.012193046722459
1089.	-10.96857265416912
1089.5	-10.925021668969217
1090.	-10.881537207774938
1090.5	-10.83811231730902
1091.	-10.7947498121249
1091.5	-10.751448436846555
1092.	-10.708206936097966
1092.5	-10.665026995051598
1093.	-10.621903241563542
1093.5	-10.578833244038385
1094.	-10.535814570880706
1094.5	-10.492841092061845
1095.	-10.449915553792925
1095.5	-10.407037003851828
1096.	-10.364204490016435
1096.5	-10.321420151398451
1097.	-10.278678707908401
1097.5	-10.235977970790643
1098.	-10.193315751289521
1098.5	-10.150684252606126
1099.	-10.108089137245381
1099.5	-10.065530459668942
1100.	-10.02300827433847
1100.5	-9.980523429063753
1101.	-9.938074867619065
1101.5	-9.895662327126809
1102.	-9.853285544709388
1102.5	-9.81047397884116
1103.	-9.767885756751797
1103.5	-9.725708727022923
1104.	-9.684130738236163
1104.5	-9.644281939998429
1105.	-9.605030959455943
1105.5	-9.566188724780217
1106.	-9.527566164142758
1106.5	-9.488502370947792
1107.	-9.449468842041028
1107.5	-9.410465239500896
1108.	-9.371491225405816
1108.5	-9.332542588355972
1109.	-9.29362441329933
1109.5	-9.254737911705613
1110.	-9.21588429504454
1110.5	-9.177069205815442
1111.	-9.138287652046593
1111.5	-9.09953907279587
1112.	-9.060822907121157
1112.5	-9.022135829126317
1113.	-8.983481148804849
1113.5	-8.944859411196237
1114.	-8.90627116133997
1114.5	-8.867716350070301
1115.	-8.829196354314035
1115.5	-8.79071195679275
1116.	-8.75226394022802
1116.5	-8.71385769471322
1117.	-8.675487552649408
1117.5	-8.637152453809438
1118.	-8.598851337966172
1118.5	-8.560576496418857
1119.	-8.5223361768034
1119.5	-8.484131978282093
1120.	-8.445965500017241
1120.5	-8.407843741176526
1121.	-8.369760740914703
1121.5	-8.331715938391921
1122.	-8.29370877276832
1122.5	-8.255737330569868
1123.	-8.217802944644555
1123.5	-8.179905595206197
1124.	-8.142045262468606
1124.5	-8.104220504652037
1125.	-8.066433292761285
1125.5	-8.028684175807594
1126.	-7.990973702802198
1126.5	-7.953306837361664
1127.	-7.915677948049772
1127.5	-7.878085818035628
1128.	-7.8405292304883405
1128.5	-7.803000188259634
1129.	-7.765506966962951
1129.5	-7.7280510618943525
1130.	-7.690633968349901
1130.5	-7.653261920976269
1131.	-7.61592977997866
1131.5	-7.578637144912886
1132.	-7.541383615334764
1132.5	-7.504168041770309
1133.	-7.466991072417056
1133.5	-7.429852606442737
1134.	-7.39275254301509
1134.5	-7.355690000702789
1135.	-7.318665971512251
1135.5	-7.281680666850837
1136.	-7.2447342981259055
1136.5	-7.2078332839022705
1137.	-7.170969145566853
1137.5	-7.134139611664029
1138.	-7.0973424107381735
1138.5	-7.0605644777744345
1139.	-7.023818652300109
1139.5	-6.987106980283266
1140.	-6.95043150769197
1140.5	-6.9138004547889444
1141.	-6.877207223529742
1141.5	-6.840651390164569
1142.	-6.804132530943633
1142.5	-6.767649797691589
1143.	-6.731203360854415
1143.5	-6.694792966452538
1144.	-6.658418360506387
1144.5	-6.622082875108545
1145.	-6.585781235778421
1145.5	-6.549511754107577
1146.	-6.5132727416875795
1146.5	-6.477297629970243
1147.	-6.441255562742781
1147.5	-6.405050803652657
1148.	-6.368587616347336
1148.5	-6.331829296891018
1149.	-6.294597463547737
1149.5	-6.256772766998257
1150.	-6.218235857923349
1150.5	-6.178046835753999
1151.	-6.13723512292067
1151.5	-6.0960095906040435
1152.	-6.054579109984802
1152.5	-6.0136807804873085
1153.	-5.972783953751089
1153.5	-5.9318862096593525
1154.	-5.890985128095307
1154.5	-5.85006949578423
1155.	-5.809149203030434
1155.5	-5.768225346980301
1156.	-5.727299024780211
1156.5	-5.686375550160092
1157.	-5.645450117049361
1157.5	-5.604522135960985
1158.	-5.563591017407926
1158.5	-5.522661062190205
1159.	-5.481724834418907
1159.5	-5.440779788492176
1160.	-5.399823378808152
1160.5	-5.358843471317338
1161.	-5.317850944244573
1161.5	-5.276847087367055
1162.	-5.235833190461982
1162.5	-5.194809960410358
1163.	-5.153779503044054
1163.5	-5.112743341298746
1164.	-5.071702998110112
1164.5	-5.030675434610447
1165.	-4.989640560260161
1165.5	-4.948593722716281
1166.	-4.9075302696358385
1166.5	-4.86642471491779
1167.	-4.8253015734804645
1167.5	-4.784164526484117
1168.	-4.743017255089008
1168.5	-4.701884795605935
1169.	-4.660740931984396
1169.5	-4.619580803324431
1170.	-4.578399548726079
1170.5	-4.53717033955985
1171.	-4.495919069747126
1171.5	-4.45464966547976
1172.	-4.413366052949604
1172.5	-4.3720887309542
1173.	-4.330798424037432
1173.5	-4.289492429348878
1174.	-4.2481680440381115
1174.5	-4.206817076570894
1175.	-4.165444508254141
1175.5	-4.124049831710954
1176.	-4.082632539564434
1176.5	-4.041185855655624
1177.	-3.999718048902507
1177.5	-3.9582311194410082
1178.	-3.916727067407052
1178.5	-3.875220051032039
1179.	-3.833695049118228
1179.5	-3.7921491985633526
1180.	-3.7505796362651473
1180.5	-3.70897755279195
1181.	-3.6673484099026497
1181.5	-3.6256917230267396
1182.	-3.5840070075937125
1182.5	-3.542293759479256
1183.	-3.50055152148819
1183.5	-3.4587798168715307
1184.	-3.4169781688802927
1184.5	-3.3751392110654335
1185.	-3.3332721122580486
1185.5	-3.291379151589177
1186.	-3.249462608189856
1186.5	-3.207538184894253
1187.	-3.1655893676490257
1187.5	-3.1236130661039607
1188.	-3.0816061899088454
1188.5	-3.0395518623403395
1189.	-2.9974662939706067
1189.5	-2.955351908998685
1190.	-2.913211131623611
1190.5	-2.871060471586584
1191.	-2.8288826333276154
1191.5	-2.7866744068288782
1192.	-2.744432582072545
1192.5	-2.7021395002106257
1193.	-2.659812179587522
1193.5	-2.6174531897174713
1194.	-2.575065100114712
1194.5	-2.532665239242855
1195.	-2.4902355140870167
1195.5	-2.4477725905816867
1196.	-2.405273134661354
1196.5	-2.362718681299381
1197.	-2.3201270797758347
1197.5	-2.2775010484096554
1198.	-2.234843305519782
1198.5	-2.1921720172714902
1199.	-2.149468274998851
1199.5	-2.10672861788227
1200.	-2.0639495851021534
1200.5	-2.021111906524809
1201.	-1.97823425437038
1201.5	-1.9353194915449117
1202.	-1.8923704809544497
1202.5	-1.8494062143141625
1203.	-1.8064069741973223
1203.5	-1.7633691719863256
1204.	-1.720289219063568
1204.5	-1.6771470194976534
1205.	-1.6339620949102864
1205.5	-1.5907374596093797
1206.	-1.5474761279028462
1206.5	-1.5041891737608815
1207.	-1.4608683279642016
1207.5	-1.417513380955806
1208.	-1.374124123178694
1208.5	-1.3307092998145125
1209.	-1.2872561646721539
1209.5	-1.2437609262991585
1210.	-1.2002197932430665
1210.5	-1.1566205582179432
1211.	-1.1129712119381938
1211.5	-1.0692713292847482
1212.	-1.0255204851385367
1212.5	-0.9816995148275628
1213.	-0.937834228606854
1213.5	-0.8939316971785106
1214.	-0.8499989912446337
1214.5	-0.806079864307458
1215.	-0.7621300311488965
1215.5	-0.7181418893509965
1216.	-0.6741078364958049
1216.5	-0.6300023010796085
1217.	-0.5858428374045189
1217.5	-0.5416290306868874
1218.	-0.49736046614306506
1218.5	-0.45302678377976857
1219.	-0.40864149210683764
1219.5	-0.3642081544244773
1220.	-0.31973033403289275
1220.5	-0.2752209463179724
1221.	-0.23067046165996458
1221.5	-0.18607870252480105
1222.	-0.14144549137841356
1222.5	-0.09677063208154993
1223.	-0.052053973147399346
1223.5	-0.007295344483967098
1224.	0.03750542400074153
1224.5	0.0823379659301317
1225.	0.1272172024522235
1225.5	0.17214751824644745
1226.	0.21713329799223402
1226.5	0.2621996121862297
1227.	0.30732188536376276
1227.5	0.3524962278773772
1228.	0.3977187500796173
1228.5	0.4429644821598865
1229.	0.4882590466991258
1229.5	0.5336069861151356
1230.	0.5790128428257164
1230.5	0.6245026646820588
1231.	0.6700508864952169
1231.5	0.7156534485096349
1232.	0.761306290969757
1232.5	0.8069948123511724
1233.	0.8527297113747225
1233.5	0.8985111449923937
1234.	0.9443392701561719
1234.5	0.9902026782975363
1235.	1.0361177180971834
1235.5	1.0820891727153024
1236.	1.1281218253120824
1236.5	1.1742550026005505
1237.	1.2204451267669232
1237.5	1.2666831635502545
1238.	1.3129600786895983
1238.5	1.3592204983746217
1239.	1.405520263713521
1239.5	1.451868876265105
1240.	1.4982758375881837
1240.5	1.5447734031638463
1241.	1.5913392190597089
1241.5	1.637973685265669
1242.	1.6846772017716232
1242.5	1.7314626136285498
1243.	1.778312897740832
1243.5	1.825223476073934
1244.	1.8721897705933208
1244.5	1.9192080816622368
1245.	1.966272601489254
1245.5	2.013378400680725
1246.	2.0605205498430017
1246.5	2.1076434352331046
1247.	2.154813085546451
1247.5	2.202044845129126
1248.	2.249354058327215
1248.5	2.2968321231811095
1249.	2.3443879088648663
1249.5	2.3920063382468464
1250.	2.439672334195414
1250.5	2.4873067753884612
1251.	2.5349842465610077
1251.5	2.5827152882576043
1252.	2.6305104410228006
1252.5	2.6784191736470935
1253.	2.726397527130708
1253.5	2.7744404707198154
1254.	2.822542973660588
1254.5	2.8706732965148736
1255.	2.9188638006868963
1255.5	2.967120138896558
1256.	3.0154479638637586
1256.5	3.0638941491080147
1257.	3.112406638229766
1257.5	3.160974595629068
1258.	3.209587185705975
1258.5	3.2581783090892134
1259.	3.3068144994586985
1259.5	3.3555070267230183
1260.	3.4042671607907584
1260.5	3.453133333391777
1261.	3.502078787884882
1261.5	3.5511039294501514
1262.	3.600209163267664
1262.5	3.649424431157104
1263.	3.698708787003102
1263.5	3.7480508213298935
1264.	3.7974391246617154
1264.5	3.8468041677374374
1265.	3.8962159087808077
1265.5	3.9456861862302093
1266.	3.9952268385240237
1266.5	4.044893545084208
1267.	4.094636766972141
1267.5	4.144450806232775
1268.	4.194329964911062
1268.5	4.244254010873116
1269.	4.294237594014264
1269.5	4.344280830050994
1270.	4.394383834699793
1270.5	4.444530982310541
1271.	4.494744426512979
1271.5	4.545030579570238
1272.	4.59539585374545
1272.5	4.645893677596767
1273.	4.696464640574294
1273.5	4.747096348423156
1274.	4.797776406888477
1274.5	4.848413144896199
1275.	4.899105155738303
1275.5	4.949871755887587
1276.	5.000732261816849
1276.5	5.051802025539449
1277.	5.102965913771399
1277.5	5.154204828769272
1278.	5.2054996727896405
1278.5	5.256767336619375
1279.	5.308078338572634
1279.5	5.359439185493873
1280.	5.410856384227546
1280.5	5.462335418299175
1281.	5.513884227199723
1281.5	5.565509727101216
1282.	5.6172188341756835
1282.5	5.669052007556587
1283.	5.720969203269947
1283.5	5.7729639203032175
1284.	5.825029657643852
1284.5	5.877125851650519
1285.	5.929293688990975
1285.5	5.981540293704186
1286.	6.033872789829122
1286.5	6.086350695689983
1287.	6.138907783326413
1287.5	6.191530219063288
1288.	6.244204169225483
1288.5	6.296845600559945
1289.	6.349538958800651
1289.5	6.4022984901036475
1290.	6.4551384406249825
1290.5	6.508107610739774
1291.	6.561171870697371
1291.5	6.6143316449661915
1292.	6.667587358014657
1292.5	6.720976691549764
1293.	6.774447909905923
1293.5	6.82798653465612
1294.	6.881578087373344
1294.5	6.935134670986032
1295.	6.988744593169542
1295.5	7.042422742954683
1296.	7.096184009372262
1296.5	7.150098600991382
1297.	7.204103959489239
1297.5	7.258192846081323
1298.	7.312358021983124
1298.5	7.366592248410133
1299.	7.420888286577839
1299.5	7.475238897701734
1300.	7.5296368429973075