1076.	-0.10661750824773653
1076.5	-0.16290201480358962
1077.	-0.21474508274316606
1077.5	-0.2624430226859811
1078.	-0.3062921452515499
1078.5	-0.34658876105938785
1079.	-0.3836291807290102
1079.5	-0.4177097148799322
1080.	-0.44912667413166907
1080.5	-0.4781763691037361
1081.	-0.5051551104156486
1081.5	-0.5303592086869219
1082.	-0.5540849745370711
1082.5	-0.5770993468228913
1083.	-0.5990397566317062
1083.5	-0.6200142632881189
1084.	-0.640130926116733
1084.5	-0.659632371163255
1085.	-0.6784382643427437
1085.5	-0.6966028382913608
1086.	-0.7141803256452686
1086.5	-0.7312810986340861
1087.	-0.747880794463135
1087.5	-0.7640111899311947
1088.	-0.7797040618370439
1088.5	-0.7950186649257301
1089.	-0.809948306871257
1089.5	-0.8245137732938959
1090.	-0.8387358498139187
1090.5	-0.8526513532722232
1091.	-0.8662586255802046
1091.5	-0.8795720398698844
1092.	-0.892605969273284
1092.5	-0.9053846694714148
1093.	-0.917908678027712
1093.5	-0.9301884150546007
1094.	-0.942234300664506
1094.5	-0.9540629822625056
1095.	-0.9656761617513114
1095.5	-0.9770817683262876
1096.	-0.9882877311827982
1096.5	-0.999306017365532
1097.	-1.010138903080799
1097.5	-1.0207927023842338
1098.	-1.0312737293314709
1098.5	-1.041591707344453
1099.	-1.0517481773659827
1099.5	-1.0617480897051716
1100.	-1.0715963946711309
1100.5	-1.0813005193982559
1101.	-1.0908619466402596
1101.5	-1.1002846359761393
1102.	-1.109572546984893
1102.5	-1.1187308546134438
1103.	-1.1277618169256924
1103.5	-1.1366689073534657
1104.	-1.1454555993285909
1104.5	-1.1541270545700004
1105.	-1.162684382907573
1105.5	-1.171130382458293
1106.	-1.1794678513391452
1106.5	-1.1877006356793645
1107.	-1.1958300663787844
1107.5	-1.2038585223494893
1108.	-1.2117883825035631
1108.5	-1.2196225193643122
1109.	-1.22736262078811
1109.5	-1.2350108682425518
1110.	-1.2425694431952328
1110.5	-1.250056575047795
1111.	-1.2574519781601685
1111.5	-1.2647514148263308
1112.	-1.2719506473402582
1112.5	-1.2790193505470555
1113.	-1.2859898091691206
1113.5	-1.2928682204799795
1114.	-1.299660781753158
1114.5	-1.3063832921776781
1115.	-1.313028506345371
1115.5	-1.3195987807635639
1116.	-1.3260964719395836
1116.5	-1.3325266204060695
1117.	-1.3388878250349125
1117.5	-1.345181368723315
1118.	-1.3514085343684794
1118.5	-1.3575707554474021
1119.	-1.3636691040455746
1119.5	-1.3697048028282814
1120.	-1.375679074460808
1120.5	-1.3815936361201482
1121.	-1.3874490181551944
1121.5	-1.393246245426548
1122.	-1.3989863427948104
1122.5	-1.4046706033182175
1123.	-1.4102996763806823
1123.5	-1.415874479563753
1124.	-1.421395930448977
1124.5	-1.4268649868534706
1125.	-1.4322825100289853
1125.5	-1.4376494014628416
1126.	-1.4429665626423593
1126.5	-1.4482353176724652
1127.	-1.4534559763758306
1127.5	-1.458629271192733
1128.	-1.46375593456345
1128.5	-1.4688365976657363
1129.	-1.4738721347074017
1129.5	-1.4788633186337339
1130.	-1.4838109223900198
1130.5	-1.4887157687926185
1131.	-1.4935785609673162
1131.5	-1.498400051910971
1132.	-1.503180994620441
1132.5	-1.5079227401797262
1133.	-1.5126252042636863
1133.5	-1.5172889006343235
1134.	-1.5219143430536395
1134.5	-1.5265017483642291
1135.	-1.5310520460152632
1135.5	-1.5355658685365066
1136.	-1.5400438484577235
1136.5	-1.5444869593571084
1137.	-1.5488953562966234
1137.5	-1.5532695353866608
1138.	-1.5576099927376124
1138.5	-1.5619168377210595
1139.	-1.5661911078817299
1139.5	-1.5704334540255402
1140.	-1.5746445269584073
1140.5	-1.5788258055638422
1141.	-1.5829767813391296
1141.5	-1.587097773859148
1142.	-1.5911891026987768
1142.5	-1.5952504282087399
1143.	-1.5992829928777326
1143.5	-1.6032873799702958
1144.	-1.6072641727509702
1144.5	-1.6112145392784494
1145.	-1.61513824410546
1145.5	-1.6190356365788814
1146.	-1.6229070660455933
1146.5	-1.6267188832634787
1147.	-1.630519035604012
1147.5	-1.6343214718496717
1148.	-1.6381401407829357
1148.5	-1.6419799606133563
1149.	-1.645867522925508
1149.5	-1.6498203887310392
1150.	-1.6538561190415988
1150.5	-1.6581075526859723
1151.	-1.6624308617318162
1151.5	-1.6667974960639242
1152.	-1.6711789055670898
1152.5	-1.6754737478840163
1153.	-1.6797553820384241
1153.5	-1.6840243748119426
1154.	-1.688281292986202
1154.5	-1.692527673468198
1155.	-1.6967627248640478
1155.5	-1.7009866259052353
1156.	-1.7051995553232442
1156.5	-1.7094014520296648
1157.	-1.7135928305038306
1157.5	-1.7177739654051827
1158.	-1.7219451313931617
1158.5	-1.726106669286617
1159.	-1.730258761121817
1159.5	-1.7344016550944392
1160.	-1.738535599400161
1160.5	-1.742660886510509
1161.	-1.7467777026349713
1161.5	-1.7508862782588852
1162.	-1.7549868438675882
1162.5	-1.7590793166313754
1163.	-1.7631643656766436
1163.5	-1.7672423468147471
1164.	-1.7713136158570408
1164.5	-1.7753793110366878
1165.	-1.77943869277451
1165.5	-1.7834918039131387
1166.	-1.7875386872952044
1166.5	-1.7915786937886333
1167.	-1.7956128350006433
1167.5	-1.7996414305637467
1168.	-1.803664800110457
1168.5	-1.8076832611233071
1169.	-1.8116971362447811
1169.5	-1.8157067459673837
1170.	-1.8197124107836193
1170.5	-1.823715314783048
1171.	-1.8277145694222967
1171.5	-1.8317101497550476
1172.	-1.8357020308349834
1172.5	-1.8396894132793113
1173.	-1.8436733563527787
1173.5	-1.847654144883658
1174.	-1.8516320637002215
1174.5	-1.8556074110542595
1175.	-1.859580452981119
1175.5	-1.8635514689396655
1176.	-1.8675207383887638
1176.5	-1.8714894593588298
1177.	-1.8754566253085576
1177.5	-1.879422148268192
1178.	-1.883385940267978
1178.5	-1.8873466043354892
1179.	-1.89130588510471
1179.5	-1.8952642182069532
1180.	-1.8992220392735322
1180.5	-1.903180704471306
1181.	-1.9071393606818237
1181.5	-1.9110980753221798
1182.	-1.9150569158094695
1182.5	-1.9190160098640001
1183.	-1.9229753404783685
1183.5	-1.9269349509483846
1184.	-1.930894884569858
1184.5	-1.9348547246193637
1185.	-1.93881515841964
1185.5	-1.9427764132741898
1186.	-1.9467387164865169
1186.5	-1.950702303359567
1187.	-1.954667389997624
1187.5	-1.958634200504414
1188.	-1.9626029589836635
1188.5	-1.9665744281115287
1189.	-1.9705480779903342
1189.5	-1.974523917294834
1190.	-1.9785019546997822
1190.5	-1.9824811586997069
1191.	-1.9864629942216796
1191.5	-1.9904478860125452
1192.	-1.9944362588191484
1192.5	-1.998430168500386
1193.	-2.0024277562462305
1193.5	-2.0064287943587065
1194.	-2.0104330551398384
1194.5	-2.01443927739946
1195.	-2.0184486803286625
1195.5	-2.022461449626346
1196.	-2.026477770991411
1196.5	-2.030497237532513
1197.	-2.0345208645748953
1197.5	-2.038549074853556
1198.	-2.0425822911034928
1198.5	-2.046622092999411
1199.	-2.0506672835607196
1199.5	-2.0547178227465333
1200.	-2.0587736705159676
1200.5	-2.0628348378604406
1201.	-2.066901213293844
1201.5	-2.0709727363623722
1202.	-2.0750493466122197
1202.5	-2.0791297959307937
1203.	-2.0832156865865903
1203.5	-2.087307433189319
1204.	-2.09140545034869
1204.5	-2.095510722444771
1205.	-2.0996228664087684
1205.5	-2.103742068942248
1206.	-2.107868516746775
1206.5	-2.112003735466552
1207.	-2.116146037283453
1207.5	-2.1202950733219885
1208.	-2.1244504947066694
1208.5	-2.128609361480644
1209.	-2.1327749522823307
1209.5	-2.1369479546687846
1210.	-2.1411290561970615
1210.5	-2.1453215874020986
1211.	-2.149522535671917
1211.5	-2.153731531372421
1212.	-2.1579482048695127
1212.5	-2.1621701963978905
1213.	-2.166399922507145
1213.5	-2.1706378096156613
1214.	-2.174884284141824
1214.5	-2.179140438343966
1215.	-2.1834057664645456
1215.5	-2.18768042858597
1216.	-2.1919645847906453
1216.5	-2.1962591154260114
1217.	-2.2005631722034273
1217.5	-2.2048766270992854
1218.	-2.209199352089979
1218.5	-2.2135305407322643
1219.	-2.217871014790024
1219.5	-2.222220917607506
1220.	-2.2265803925289567
1220.5	-2.230949591745973
1221.	-2.2353286462165123
1221.5	-2.239717695745882
1222.	-2.2441168801393885
1222.5	-2.2485263204860844
1223.	-2.252946182794034
1223.5	-2.2573766143550458
1224.	-2.2618177624609306
1224.5	-2.266269798448383
1225.	-2.2707328359463714
1225.5	-2.275207012628751
1226.	-2.279692466169377
1226.5	-2.2841893112157905
1227.	-2.2886977176786854
1227.5	-2.293217832442442
1228.	-2.297749802391441
1228.5	-2.302293794166938
1229.	-2.306849926993688
1229.5	-2.3114183398533203
1230.	-2.3159991717274653
1230.5	-2.3205933975852497
1231.	-2.3251999860258077
1231.5	-2.3298187416357696
1232.	-2.3344494690017674
1232.5	-2.33909117571908
1233.	-2.343744782162231
1233.5	-2.3484104117143914
1234.	-2.3530881877587335
1234.5	-2.357777362310657
1235.	-2.362479278668214
1235.5	-2.367194408761684
1236.	-2.371923224521349
1236.5	-2.3766670177664198
1237.	-2.3814251125826726
1237.5	-2.386197652944815
1238.	-2.390984782827554
1238.5	-2.3957884815775947
1239.	-2.400606323648848
1239.5	-2.4054377188672227
1240.	-2.410282077058626
1240.5	-2.415136151098668
1241.	-2.4200030705436757
1241.5	-2.424883307999677
1242.	-2.429777336072701
1242.5	-2.4346855523216266
1243.	-2.4396085344184897
1243.5	-2.444546784988178
1244.	-2.4495008066555783
1244.5	-2.454473933126623
1245.	-2.459462703512737
1245.5	-2.46446648800639
1246.	-2.46948465680005
1246.5	-2.4745127938638394
1247.	-2.479555570101514
1247.5	-2.484613870194483
1248.	-2.4896885788241545
1248.5	-2.49478443496426
1249.	-2.4998969272869562
1249.5	-2.5050253987567217
1250.	-2.5101691923380365
1250.5	-2.5153257551826114
1251.	-2.520497084392801
1251.5	-2.5256832812581926
1252.	-2.530884447068373
1252.5	-2.536099654387503
1253.	-2.541330444720765
1253.5	-2.546577330847916
1254.	-2.5518408255487115
1254.5	-2.5571224166882303
1255.	-2.562421251926779
1255.5	-2.5677374540099867
1256.	-2.573071145683482
1256.5	-2.5784235301558485
1257.	-2.5837932175245766
1257.5	-2.589179898350112
1258.	-2.594583263192902
1258.5	-2.600000879864376
1259.	-2.605435410773602
1259.5	-2.6108873955806313
1260.	-2.616357373945516
1260.5	-2.6218480439462377
1261.	-2.6273569234577465
1261.5	-2.6328836887729232
1262.	-2.6384280161846476
1262.5	-2.6439885293868746
1263.	-2.64956637831098
1263.5	-2.655161660289414
1264.	-2.6607744726546265
1264.5	-2.666404903033039
1265.	-2.672053062345543
1265.5	-2.6777190518069998
1266.	-2.683402972632272
1266.5	-2.6891049357889023
1267.	-2.694825028838
1267.5	-2.7005633490933545
1268.	-2.7063199938687563
1268.5	-2.7120938553175233
1269.	-2.7178867179781063
1269.5	-2.7236991612284833
1270.	-2.7295317644466333
1270.5	-2.735388675221135
1271.	-2.7412654774351264
1271.5	-2.7471613231823464
1272.	-2.7530753645565333
1272.5	-2.759003208517168
1273.	-2.7649489703459498
1273.5	-2.770913220190321
1274.	-2.7768965281977227
1274.5	-2.782900649789156
1275.	-2.78892449572908
1275.5	-2.7949681620555133
1276.	-2.8010317448064734
1276.5	-2.807115326016394
1277.	-2.8132190213283117
1277.5	-2.8193429323816788
1278.	-2.8254871608159466
1278.5	-2.8316518098360017
1279.	-2.837836978889688
1279.5	-2.8440427689902856
1280.	-2.8502692811510713
1280.5	-2.856517934303318
1281.	-2.8627869843751133
1281.5	-2.8690760052125377
1282.	-2.875384570661673
1282.5	-2.881709673997582
1283.	-2.888054501865771
1283.5	-2.894419660340727
1284.	-2.9008057554969393
1284.5	-2.907216004194689
1285.	-2.9136473574083532
1285.5	-2.9200993768981016
1286.	-2.9265716244241053
1286.5	-2.933061006859862
1287.	-2.939570802806883
1287.5	-2.9461016359800087
1288.	-2.9526541300940776
1288.5	-2.959231617212919
1289.	-2.965830929362787
1289.5	-2.9724516069189257
1290.	-2.979093190256578
1290.5	-2.9857524593061773
1291.	-2.9924328190657024
1291.5	-2.99913491408832
1292.	-3.0058593889271985
1292.5	-3.0126096940548504
1293.	-3.0193825457373604
1293.5	-3.0261774661601586
1294.	-3.0329939775086747
1294.5	-3.0398302203472136
1295.	-3.0466876511307803
1295.5	-3.053566344693253
1296.	-3.0604663758685127
1296.5	-3.067386336267894
1297.	-3.0743283772368386
1297.5	-3.0812931668982437
1298.	-3.088281373375006
1298.5	-3.095293664790023
1299.	-3.1023307092661914
1299.5	-3.109393174926409
1300.	-3.116481729893573