1076.	-14.893589253953296
1076.5	-14.853292385438372
1077.	-14.813225267615174
1077.5	-14.773384146187732
1078.	-14.733765266860077
1078.5	-14.694364875336241
1079.	-14.655179217320253
1079.5	-14.616204538516143
1080.	-14.577437084627945
1080.5	-14.538873101359687
1081.	-14.500508834415403
1081.5	-14.46234052949912
1082.	-14.42436443231487
1082.5	-14.38657414889832
1083.	-14.34896962048921
1083.5	-14.31154814865892
1084.	-14.274307034978824
1084.5	-14.237246544673601
1085.	-14.200359830200005
1085.5	-14.163643007668094
1086.	-14.127092193187924
1086.5	-14.090699981536964
1087.	-14.054467418690892
1087.5	-14.0183920292928
1088.	-13.982471337985775
1088.5	-13.946704095333072
1089.	-13.911086109689554
1089.5	-13.875614415330249
1090.	-13.84028604653018
1090.5	-13.805098465823423
1091.	-13.770048107922337
1091.5	-13.735131835798322
1092.	-13.700346512422785
1092.5	-13.6656863522641
1093.	-13.631151926197916
1093.5	-13.596741156596849
1094.	-13.562451965833516
1094.5	-13.528285959560838
1095.	-13.494235903559007
1095.5	-13.460298246888522
1096.	-13.426469438609875
1096.5	-13.392741132792356
1097.	-13.359116491484153
1097.5	-13.325593881742243
1098.	-13.292171670623608
1098.5	-13.258852130275727
1099.	-13.22562816062888
1099.5	-13.19249656670384
1100.	-13.159454153521388
1100.5	-13.126496271458574
1101.	-13.093621762037396
1101.5	-13.060828012136124
1102.	-13.028112408633026
1102.5	-12.9954707416652
1103.	-12.962902633548557
1103.5	-12.930406109857838
1104.	-12.89797919616778
1104.5	-12.865623146941791
1105.	-12.833331467310476
1105.5	-12.801100891293105
1106.	-12.768928152908948
1106.5	-12.736806035853695
1107.	-12.704736804599634
1107.5	-12.672718773295472
1108.	-12.640750256089913
1108.5	-12.608832967985995
1109.	-12.576960461936357
1109.5	-12.545129691747974
1110.	-12.513337611227817
1110.5	-12.481579694957276
1111.	-12.449854967659139
1111.5	-12.418160974830611
1112.	-12.386495261968902
1112.5	-12.354853795789593
1113.	-12.32323633208416
1113.5	-12.291641047862457
1114.	-12.260066120134338
1114.5	-12.228514855497469
1115.	-12.196978249538764
1115.5	-12.165452427432953
1116.	-12.133933514354766
1116.5	-12.10241212516415
1117.	-12.070892099476525
1117.5	-12.039371766592529
1118.	-12.007849455812803
1118.5	-11.976324564402631
1119.	-11.944793926512148
1119.5	-11.913255444256137
1120.	-11.881707019749378
1120.5	-11.850147790670167
1121.	-11.818573929344367
1121.5	-11.786982843661349
1122.	-11.75537194151049
1122.5	-11.723738506115296
1123.	-11.692080119897357
1123.5	-11.660394240612396
1124.	-11.628678326016136
1124.5	-11.596926661020916
1125.	-11.565141145363192
1125.5	-11.53332050593604
1126.	-11.501463469632533
1126.5	-11.469569959878894
1127.	-11.437637028421793
1127.5	-11.405662923541044
1128.	-11.373645893516462
1128.5	-11.341585541215728
1129.	-11.309478218495647
1129.5	-11.277321631800888
1130.	-11.24511348757612
1130.5	-11.212844860021018
1131.	-11.180522740723244
1131.5	-11.148147489025467
1132.	-11.115719464270352
1132.5	-11.083241718892188
1133.	-11.050710841905374
1133.5	-11.018126115415928
1134.	-10.985486821529868
1134.5	-10.952791858130473
1135.	-10.9200410452356
1135.5	-10.887233818640365
1136.	-10.854369614139882
1136.5	-10.821444030706882
1137.	-10.788461875687823
1137.5	-10.755424119606772
1138.	-10.7223317329878
1138.5	-10.689046740417453
1139.	-10.655764636732334
1139.5	-10.62254197083153
1140.	-10.58943529161412
1140.5	-10.556308534085646
1141.	-10.523487906596145
1141.5	-10.491107003602112
1142.	-10.459299419560043
1142.5	-10.429001908252971
1143.	-10.399223641080242
1143.5	-10.36977694876774
1144.	-10.340474162041346
1144.5	-10.310656993177721
1145.	-10.280796638731658
1145.5	-10.25089367680873
1146.	-10.220948685514504
1146.5	-10.191216580904417
1147.	-10.161341867954231
1147.5	-10.131223389589573
1148.	-10.10075998873607
1148.5	-10.069893220450185
1149.	-10.038462130674374
1149.5	-10.006348477481927
1150.	-9.973434018946136
1150.5	-9.938748751621343
1151.	-9.903366899707372
1151.5	-9.867510925885096
1152.	-9.831403292835386
1152.5	-9.795820446657178
1153.	-9.760209273246058
1153.5	-9.72457064191567
1154.	-9.688905421979667
1154.5	-9.653223777360516
1155.	-9.617513564919511
1155.5	-9.581771936126772
1156.	-9.545996042452419
1156.5	-9.510170715241914
1157.	-9.47431035413989
1157.5	-9.438417038666332
1158.	-9.402492848341215
1158.5	-9.366546912067916
1159.	-9.330571440229665
1159.5	-9.29456569259308
1160.	-9.258528928924786
1160.5	-9.222462819944699
1161.	-9.186363250084828
1161.5	-9.150228514730479
1162.	-9.114056909266955
1162.5	-9.07783605617295
1163.	-9.041579192903026
1163.5	-9.00528888400513
1164.	-8.968967694027214
1164.5	-8.932634000952868
1165.	-8.896268230520143
1165.5	-8.859866621902725
1166.	-8.823425414274308
1166.5	-8.786926654295497
1167.	-8.750386450658304
1167.5	-8.713806719541653
1168.	-8.677189377124467
1168.5	-8.640546351964137
1169.	-8.603865542909737
1169.5	-8.567144861188808
1170.	-8.530382218028887
1170.5	-8.49356354652367
1171.	-8.456703527288079
1171.5	-8.419804862803188
1172.	-8.382870255550074
1172.5	-8.345917427558984
1173.	-8.308928053942157
1173.5	-8.271898829361001
1174.	-8.234826448476923
1174.5	-8.197695287165264
1175.	-8.160519286387927
1175.5	-8.12330006832075
1176.	-8.086039255139568
1176.5	-8.048750796197677
1177.	-8.011419055622467
1177.5	-7.974040724718789
1178.	-7.936612494791493
1178.5	-7.899113127871188
1179.	-7.861564416246663
1179.5	-7.823970222932468
1180.	-7.78633441094315
1180.5	-7.748678259062203
1181.	-7.71098124822765
1181.5	-7.673240275146461
1182.	-7.635452236525605
1182.5	-7.59760475857056
1183.	-7.559707716690382
1183.5	-7.52176171579264
1184.	-7.483767360784897
1184.5	-7.445729803648989
1185.	-7.407643283388507
1185.5	-7.369506586081309
1186.	-7.331318497805256
1186.5	-7.293072516887855
1187.	-7.254774832257455
1187.5	-7.216426345092059
1188.	-7.1780279565696645
1188.5	-7.139590937427306
1189.	-7.101101671460335
1189.5	-7.0625569120231395
1190.	-7.023953412470103
1190.5	-6.985271601411007
1191.	-6.946531086842686
1191.5	-6.907735152017369
1192.	-6.8688870801872834
1192.5	-6.830000514414921
1193.	-6.791064234218143
1193.5	-6.7520773789250725
1194.	-6.713039087863834
1194.5	-6.673954568120049
1195.	-6.634814464161343
1195.5	-6.595615488212839
1196.	-6.55635435249966
1196.5	-6.517009818346478
1197.	-6.47760372923905
1197.5	-6.438139977762682
1198.	-6.398622456502677
1198.5	-6.359079307195537
1199.	-6.3194804736148935
1199.5	-6.279820148685571
1200.	-6.240092525332399
1200.5	-6.2002602417385475
1201.	-6.160361667467161
1201.5	-6.120403617339725
1202.	-6.080392906177728
1202.5	-6.040374931538206
1203.	-6.000302492412881
1203.5	-5.960166970529022
1204.	-5.919959747613899
1204.5	-5.8796325193231915
1205.	-5.839232227884395
1205.5	-5.798766129453416
1206.	-5.758241480186159
1206.5	-5.717699221952325
1207.	-5.677099450908506
1207.5	-5.636435948925093
1208.	-5.595702497872472
1208.5	-5.554864858964279
1209.	-5.513956042990356
1209.5	-5.472981040083794
1210.	-5.431944840377684
1210.5	-5.39087366788618
1211.	-5.349742785308882
1211.5	-5.308548689226454
1212.	-5.267287876219562
1212.5	-5.2259498468849035
1213.	-5.184540892180697
1213.5	-5.143060307081193
1214.	-5.101507386560643
1214.5	-5.059881449717966
1215.	-5.018181757752879
1215.5	-4.97640759598977
1216.	-4.93455824975302
1216.5	-4.892624771231551
1217.	-4.8506179721394
1217.5	-4.808540431055137
1218.	-4.766394726557333
1218.5	-4.72419950930517
1219.	-4.681934856964364
1219.5	-4.639596919281243
1220.	-4.597181846002135
1220.5	-4.5546693203974415
1221.	-4.512078545279785
1221.5	-4.469412256985861
1222.	-4.426673191852369
1222.5	-4.383880995224587
1223.	-4.3410147308271965
1223.5	-4.29807037139346
1224.	-4.255043889656642
1224.5	-4.211904824072628
1225.	-4.168686155363009
1225.5	-4.125394429972003
1226.	-4.082036194343823
1226.5	-4.038653557183667
1227.	-3.9952032777703756
1227.5	-3.95167767764377
1228.	-3.908069078343673
1228.5	-3.8643429148782316
1229.	-3.8205291499316134
1229.5	-3.776630859656311
1230.	-3.7326511202048165
1230.5	-3.68860191066894
1231.	-3.64447384308613
1231.5	-3.6002664324331506
1232.	-3.5559791936867686
1232.5	-3.5116116389047525
1233.	-3.4671632871504627
1233.5	-3.422633654568263
1234.	-3.3780222573025176
1234.5	-3.3333286206730537
1235.	-3.2885522479785863
1235.5	-3.2436926516932942
1236.	-3.1987493442913557
1236.5	-3.1537218399703946
1237.	-3.1086096487917656
1237.5	-3.06341228254027
1238.	-3.0181292530007076
1238.5	-2.972760081839764
1239.	-2.9273042670076004
1239.5	-2.8817613163362634
1240.	-2.8361307376577995
1240.5	-2.79041205292446
1241.	-2.744604750200004
1241.5	-2.698708331668398
1242.	-2.6527222995136057
1242.5	-2.60663488910872
1243.	-2.5604613761729267
1243.5	-2.514205769614539
1244.	-2.4678720783418697
1244.5	-2.4214863494460843
1245.	-2.3750217383795045
1245.5	-2.328473438777303
1246.	-2.2818366442746534
1246.5	-2.2351075479213223
1247.	-2.188279944172051
1247.5	-2.141348626896175
1248.	-2.0943083899630297
1248.5	-2.047106972251773
1249.	-1.9998050446179894
1249.5	-1.952416222927085
1250.	-1.9049541230444662
1250.5	-1.8575029740858728
1251.	-1.8099775333662453
1251.5	-1.7623631714508565
1252.	-1.71464525890498
1252.5	-1.6667495532429761
1253.	-1.6187448833013962
1253.5	-1.5706404648658792
1254.	-1.5224455137220634
1254.5	-1.4742055937934262
1255.	-1.4258790334726321
1255.5	-1.377460509290184
1256.	-1.3289446977765849
1256.5	-1.2803142566543335
1257.	-1.2315806887851393
1257.5	-1.1827434782227069
1258.	-1.133802109020741
1258.5	-1.0847427185324336
1259.	-1.0355834761922078
1259.5	-0.9863292047339739
1260.	-0.9369847268916418
1260.5	-0.8875810384535912
1261.	-0.8380863198774748
1261.5	-0.7884949246754152
1262.	-0.7388012063595344
1262.5	-0.6889728088992795
1263.	-0.6390414791665182
1263.5	-0.5890122544904434
1264.	-0.5388901722002473
1264.5	-0.48872173216476866
1265.	-0.43845392415769535
1265.5	-0.3880752004923614
1266.	-0.3375740134821008
1266.5	-0.286868684429513
1267.	-0.2360458490629605
1267.5	-0.1851220121000711
1268.	-0.13411367825847265
1268.5	-0.08310777612487891
1269.	-0.03202221700019753
1269.5	0.019154663945578
1270.	0.07043453154245416
1270.5	0.1218568687536431
1271.	0.1733943950226634
1271.5	0.22504764792623927
1272.	0.2768171650410949
1272.5	0.32871882533615515
1273.	0.3807316884390634
1273.5	0.43285015536966354
1274.	0.4850686271477995
1274.5	0.5373513772634797
1275.	0.589734985278318
1275.5	0.6422259032240923
1276.	0.694830583132581
1276.5	0.747586185277437
1277.	0.8004561701518138
1277.5	0.8534347064907394
1278.	0.9065159630292419
1278.5	0.9596628048655527
1279.	1.0129132258262155
1279.5	1.0662739161009769
1280.	1.119751565879584
1280.5	1.1733847568733353
1281.	1.2271355311418053
1281.5	1.2809978222661198
1282.	1.3349655638274056
1282.5	1.3890001745296128
1283.	1.4431411087819137
1283.5	1.4973953061163046
1284.	1.551769706064782
1284.5	1.6063043776699426
1285.	1.6609598791489426
1285.5	1.7157298982295375
1286.	1.7706081226394836
1286.5	1.8255719749474717
1287.	1.8806379141039495
1287.5	1.9358061339002997
1288.	1.9910768281279045
1288.5	2.0464323901291985
1289.	2.1018979343240916
1289.5	2.1574807746835445
1290.	2.21318822517852
1290.5	2.269044451545842
1291.	2.325033175284265
1291.5	2.3811549696584033
1292.	2.437410407932875
1292.5	2.493818512669886
1293.	2.550354028117426
1293.5	2.607010147821076
1294.	2.6637800653264154
1294.5	2.7206394780438865
1295.	2.777606074108262
1295.5	2.8346800455191787
1296.	2.8918615842762714
1296.5	2.9491317650341777
1297.	3.0065175440755296
1297.5	3.0640267603379616
1298.	3.1216672527591083
1298.5	3.179446860276604
1299.	3.2373734218280834
1299.5	3.2954547763511806
1300.	3.35369876278353