1076.	-0.18816154814837116
1076.5	-0.2860807576154091
1077.	-0.37604025788598494
1077.5	-0.45856879313507753
1078.	-0.534195107537666
1078.5	-0.6034479452687292
1079.	-0.6668560505032464
1079.5	-0.7249481674161964
1080.	-0.7782530401825581
1080.5	-0.8272994129773108
1081.	-0.8726160299754333
1081.5	-0.9147316353519046
1082.	-0.9541749732817039
1082.5	-0.9923092484660314
1083.	-1.0284949603431561
1083.5	-1.0629270688775687
1084.	-1.0958005340337593
1084.5	-1.127550923522141
1085.	-1.1580363464629126
1085.5	-1.1873555197221957
1086.	-1.2156071601661111
1086.5	-1.2429898509787602
1087.	-1.269462496181093
1087.5	-1.2950838661120385
1088.	-1.3199127311105265
1088.5	-1.344058547922012
1089.	-1.3675091259162886
1089.5	-1.3903029608696758
1090.	-1.4124785485584923
1090.5	-1.4341030554359375
1091.	-1.4551748383306988
1091.5	-1.475720924748344
1092.	-1.49576834219444
1092.5	-1.5153620181061727
1093.	-1.534503920084844
1093.5	-1.553213915663374
1094.	-1.571511872374683
1094.5	-1.5894290502732569
1095.	-1.606969367361824
1095.5	-1.6241481341646777
1096.	-1.6409806612061122
1096.5	-1.6574908079367965
1097.	-1.6736819163840992
1097.5	-1.6895658775017643
1098.	-1.7051545822435354
1098.5	-1.7204652661743784
1099.	-1.7355023377923264
1099.5	-1.750275550206635
1100.	-1.7647946565265586
1100.5	-1.7790742314439163
1101.	-1.7931172778523743
1101.5	-1.8069316202281624
1102.	-1.8205250830475106
1102.5	-1.8339080741213263
1103.	-1.8470848012572905
1103.5	-1.8600620555977614
1104.	-1.872846628285098
1104.5	-1.885448584808738
1105.	-1.8978701322251292
1105.5	-1.9101167519377984
1106.	-1.9221939253502724
1106.5	-1.9341087211544807
1107.	-1.945864398550187
1107.5	-1.957465804025557
1108.	-1.968917784068757
1108.5	-1.9802266177025407
1109.	-1.9913951458666517
1109.5	-2.0024276420354203
1110.	-2.0133283796831782
1110.5	-2.0241036562793457
1111.	-2.0347549117051282
1111.5	-2.0452856098368213
1112.	-2.0556992145507196
1112.5	-2.0659994155804564
1113.	-2.0761893606020543
1113.5	-2.0862724231488725
1114.	-2.0962519767542718
1114.5	-2.106133059684683
1115.	-2.1159167148471663
1115.5	-2.1256056498818534
1116.	-2.135202572428876
1116.5	-2.1447104128703907
1117.	-2.1541315670076933
1117.5	-2.1634686533841054
1118.	-2.1727242905429485
1118.5	-2.1819023787778633
1119.	-2.191003742181724
1119.5	-2.2000304865977234
1120.	-2.2089847178690554
1120.5	-2.2178685413790786
1121.	-2.2266840636147545
1121.5	-2.235433390603211
1122.	-2.2441186283715755
1122.5	-2.2527428287143683
1123.	-2.2613067735843657
1123.5	-2.269812190701738
1124.	-2.278260807786655
1124.5	-2.2866543876104486
1125.	-2.294994608821662
1125.5	-2.303283185119999
1126.	-2.3115218302051646
1126.5	-2.319713401597182
1127.	-2.3278580116473107
1127.5	-2.335956916527127
1128.	-2.3440113724082097
1128.5	-2.35202232366663
1129.	-2.3599914629876735
1129.5	-2.3679201712611193
1130.	-2.3758098293767462
1130.5	-2.383662442094157
1131.	-2.391478516885379
1131.5	-2.399259185092263
1132.	-2.4070055780566597
1132.5	-2.414719737865095
1133.	-2.4224015208168734
1133.5	-2.430051693955974
1134.	-2.4376710243263777
1134.5	-2.445259577065691
1135.	-2.4528191018868157
1135.5	-2.460350646596281
1136.	-2.4678552590006158
1136.5	-2.4753352137004097
1137.	-2.482789840990507
1137.5	-2.4902196979598124
1138.	-2.497625341697231
1138.5	-2.5050074593644465
1139.	-2.5123664259484735
1139.5	-2.5197027465091053
1140.	-2.5270169261061355
1140.5	-2.534309926701893
1141.	-2.541581613692621
1141.5	-2.548832309377099
1142.	-2.5560623360541066
1142.5	-2.563272293461625
1143.	-2.5704621154835507
1143.5	-2.577632013442981
1144.	-2.584782198663014
1144.5	-2.591913333427917
1145.	-2.5990249977151523
1145.5	-2.606117222463349
1146.	-2.6131900386111386
1146.5	-2.6202284701257916
1147.	-2.6272535577058425
1147.5	-2.6342713350784654
1148.	-2.641287835970835
1148.5	-2.6483122164395954
1149.	-2.6553461389506636
1149.5	-2.6623943882994268
1150.	-2.6694617492812713
1150.5	-2.676598302495129
1151.	-2.6837454186114242
1151.5	-2.690889764104125
1152.	-2.6980180054472007
1152.5	-2.7050807442835634
1153.	-2.712115137850661
1153.5	-2.7191222785548845
1154.	-2.726103258802625
1154.5	-2.7330639806926427
1155.	-2.7399988030620124
1155.5	-2.746906894440178
1156.	-2.753787423356583
1156.5	-2.760641133542728
1157.	-2.767464988245177
1157.5	-2.774257525912552
1158.	-2.781017284993474
1158.5	-2.7877436521854544
1159.	-2.7944339783886676
1159.5	-2.801086462752179
1160.	-2.8076993044250536
1160.5	-2.8142710843767453
1161.	-2.820799467207775
1161.5	-2.8272824993390517
1162.	-2.833718227191485
1162.5	-2.840106145263332
1163.	-2.846442272667215
1163.5	-2.852724076593104
1164.	-2.85894902423097
1164.5	-2.8651145069774553
1165.	-2.871218098133188
1165.5	-2.87725729520547
1166.	-2.883229595701602
1166.5	-2.88913524258512
1167.	-2.894967889724597
1167.5	-2.900723936444839
1168.	-2.9063997820706544
1168.5	-2.9119912622201025
1169.	-2.9174955654074366
1169.5	-2.9229093164401627
1170.	-2.928229140125788
1170.5	-2.9334534004964956
1171.	-2.9385762874452426
1171.5	-2.9435937300896637
1172.	-2.9485016575473946
1172.5	-2.953298539445452
1173.	-2.9579767481883352
1173.5	-2.9625311966899264
1174.	-2.966956797864107
1174.5	-2.971247166775177
1175.	-2.975399033326433
1175.5	-2.97940782957159
1176.	-2.9832689875643617
1176.5	-2.986981145798439
1177.	-2.9905352473115707
1177.5	-2.99392544158148
1178.	-2.9971458780858917
1178.5	-3.000191292033291
1179.	-3.0030550128783355
1179.5	-3.005730955806445
1180.	-3.008213036003039
1180.5	-3.0104948998728256
1181.	-3.012570838894219
1181.5	-3.014434875764924
1182.	-3.0160810331826435
1182.5	-3.017505754450132
1183.	-3.018699673418022
1183.5	-3.019655844541997
1184.	-3.0203673222777403
1184.5	-3.02082806558284
1185.	-3.0210298626103125
1185.5	-3.02096540601508
1186.	-3.020627388452064
1186.5	-3.0200069721614033
1187.	-3.019098992378715
1187.5	-3.017896753924834
1188.	-3.0163935616205952
1188.5	-3.014584550327603
1189.	-3.012460462809615
1189.5	-3.010013871871156
1190.	-3.0072373503167538
1190.5	-3.00412137683672
1191.	-3.0006614559954814
1191.5	-2.9968509982432505
1192.	-2.9926834140302394
1192.5	-2.9881518987858358
1193.	-2.9832501639894065
1193.5	-2.977971706099494
1194.	-2.9723100215746414
1194.5	-2.9662567176805252
1195.	-2.9598079357456992
1195.5	-2.9529579279058518
1196.	-2.945700946296672
1196.5	-2.9380271662954773
1197.	-2.929936547499675
1197.5	-2.9214249727483033
1198.	-2.912488324880398
1198.5	-2.9031182278827243
1199.	-2.8933165269875003
1199.5	-2.883080808574672
1200.	-2.872408659024186
1200.5	-2.8613176255678336
1201.	-2.849777349392977
1201.5	-2.837777432538823
1202.	-2.825307477044579
1202.5	-2.812309737256852
1203.	-2.7988401019844904
1203.5	-2.784907112343742
1204.	-2.7705193094508545
1204.5	-2.7556982528677723
1205.	-2.740434257886768
1205.5	-2.72473065824581
1206.	-2.708590787682867
1206.5	-2.6920140093386604
1207.	-2.675009215787306
1207.5	-2.657581329005672
1208.	-2.639735270970627
1208.5	-2.621472234469346
1209.	-2.602802362344267
1209.5	-2.583732068248136
1210.	-2.564267765833698
1210.5	-2.5444135119267655
1211.	-2.5241790197377902
1211.5	-2.5035716456502906
1212.	-2.482598746047785
1212.5	-2.461262261987383
1213.	-2.4395771313095764
1213.5	-2.4175528765284473
1214.	-2.3951990201580786
1214.5	-2.3725227112830227
1215.	-2.349536795218704
1215.5	-2.326251743851016
1216.	-2.3026780290658544
1216.5	-2.278822986545282
1217.	-2.254701478860557
1217.5	-2.230325232379105
1218.	-2.205705973468354
1218.5	-2.180852328300575
1219.	-2.155780363516412
1219.5	-2.1305030455613543
1220.	-2.10503334088089
1220.5	-2.0793811888429223
1221.	-2.05356379380156
1221.5	-2.0275953330333265
1222.	-2.001489983814744
1222.5	-1.9752589844094475
1223.	-1.9489206267120038
1223.5	-1.9224902636040917
1224.	-1.89598324796739
1224.5	-1.8694135293762995
1225.	-1.8427984253426875
1225.5	-1.816153850071143
1226.	-1.7894957177662556
1226.5	-1.7628409114073669
1227.	-1.7362039889144136
1227.5	-1.7096004769820845
1228.	-1.683045902305068
1228.5	-1.6565560803322543
1229.	-1.6301461335024503
1229.5	-1.603831473008664
1230.	-1.5776275100439032
1230.5	-1.5515521916124695
1231.	-1.5256173787715603
1231.5	-1.4998374683896667
1232.	-1.474226857335279
1232.5	-1.4488086662679718
1233.	-1.423585078748719
1233.5	-1.3985670021295775
1234.	-1.3737653437626052
1234.5	-1.3492346635781687
1235.	-1.3249247553186922
1235.5	-1.3008290653049088
1236.	-1.2769410398575525
1236.5	-1.2532072011905835
1237.	-1.2296866893742175
1237.5	-1.206391720371897
1238.	-1.1833345101470647
1238.5	-1.1605522362105078
1239.	-1.1380221683593865
1239.5	-1.115746537938205
1240.	-1.0937275762914682
1240.5	-1.071973851517893
1241.	-1.0504787235060868
1241.5	-1.0292418888988693
1242.	-1.0082630443390603
1242.5	-0.9875407851085043
1243.	-0.9670763497553863
1243.5	-0.9468698754669161
1244.	-0.9269214994303038
1244.5	-0.9072273937308624
1245.	-0.887793246698457
1245.5	-0.8686207815610562
1246.	-0.8497117215466282
1246.5	-0.8310762518412361
1247.	-0.812704248931516
1247.5	-0.7945940512621986
1248.	-0.7767439972780145
1248.5	-0.7591494375099037
1249.	-0.7418128934819038
1249.5	-0.7247338988042616
1250.	-0.7079119870872241
1250.5	-0.6913457731879844
1251.	-0.6750360769710646
1251.5	-0.658982799547933
1252.	-0.643185842030058
1252.5	-0.6276530697815375
1253.	-0.6123732339601584
1253.5	-0.5973430499763374
1254.	-0.582559233240491
1254.5	-0.5680122051953594
1255.	-0.5537074928061062
1255.5	-0.5396443290702183
1256.	-0.525821946985183
1256.5	-0.5122446617352944
1257.	-0.49890459125650977
1257.5	-0.4857989356715933
1258.	-0.4729248951033095
1258.5	-0.46027912838328744
1259.	-0.4478595934418806
1259.5	-0.43566370691830725
1260.	-0.4236888854517858
1260.5	-0.41193345925306757
1261.	-0.4003935659612246
1261.5	-0.389066256786862
1262.	-0.3779485829405849
1262.5	-0.3670360711968377
1263.	-0.3563279069768504
1263.5	-0.3458217512656925
1264.	-0.3355152650484332
1264.5	-0.32541098415005576
1265.	-0.31549974477975024
1265.5	-0.30577725798662053
1266.	-0.2962392348197706
1266.5	-0.286872445373505
1267.	-0.2776851180336466
1267.5	-0.268676540231219
1268.	-0.2598459993972459
1268.5	-0.25120207827161695
1269.	-0.24273105085294322
1269.5	-0.23442848644870184
1270.	-0.22628995436636998
1270.5	-0.21830637419450633
1271.	-0.21047982484707387
1271.5	-0.20280773551911713
1272.	-0.1952875354056807
1272.5	-0.18791384332442104
1273.	-0.18068802299872594
1273.5	-0.17360862777459515
1274.	-0.16667421099802845
1274.5	-0.15989087062543297
1275.	-0.1532465975482381
1275.5	-0.14673692726828066
1276.	-0.14035739528739744
1276.5	-0.13409553922697587
1277.	-0.12795809162148186
1277.5	-0.12194378712493194
1278.	-0.11605136039134262
1278.5	-0.1102845976616588
1279.	-0.1046351613681973
1279.5	-0.0990997655302033
1280.	-0.09367512416692203
1280.5	-0.08835215354640957
1281.	-0.08313568453957584
1281.5	-0.07802475026614161
1282.	-0.0730183838458277
1282.5	-0.06811798437319243
1283.	-0.06331927260318411
1283.5	-0.05862033526558857
1284.	-0.05401925909019162
1284.5	-0.049516788857138075
1285.	-0.04510729002571117
1285.5	-0.040787786105553114
1286.	-0.03655530060630613
1286.5	-0.03240373857658314
1287.	-0.02833448937146737
1287.5	-0.024345823885012777
1288.	-0.02043601301127329
1288.5	-0.016599933030908204
1289.	-0.012840607296723965
1289.5	-0.009157664548132369
1290.	-0.005550733524545215
1290.5	-0.0020252089239427597
1291.	0.0014273528562590392
1291.5	0.004809629460075772
1292.	0.008124298531523022
1292.5	0.01137728476478186
1293.	0.014566719933636195
1293.5	0.01769398286203542
1294.	0.020760452373928928
1294.5	0.023771027622823095
1295.	0.026722158971287536
1295.5	0.029613817111448854
1296.	0.03244597273543365
1296.5	0.03520916273434081
1297.	0.03791656512173573
1297.5	0.040571924110156095
1298.	0.04317898391213959
1298.5	0.04574148874022389
1299.	0.04826318280694669
1299.5	0.05074781032484567
1300.	0.053199115506458505