1076.	-0.40135084972303714
1076.5	-0.6125166318909001
1077.	-0.8068925565151096
1077.5	-0.9855967682264151
1078.	-1.149747411655566
1078.5	-1.3004626314333114
1079.	-1.4388605721904004
1079.5	-1.5660593785575827
1080.	-1.6831771951656076
1080.5	-1.791332166645224
1081.	-1.8916424376271816
1081.5	-1.9852261527422295
1082.	-2.073201456621117
1082.5	-2.1584601366158247
1083.	-2.2396372375473783
1083.5	-2.317141446958034
1084.	-2.391381452390049
1084.5	-2.463274864774136
1085.	-2.5325178789087133
1085.5	-2.599315612980655
1086.	-2.663873185176836
1086.5	-2.726605649765302
1087.	-2.787424214419288
1087.5	-2.846450022893197
1088.	-2.903804218941436
1088.5	-2.959714204137428
1089.	-3.014152361288953
1089.5	-3.06719733102281
1090.	-3.118927753965797
1090.5	-3.169482158884186
1091.	-3.218855343009513
1091.5	-3.2671019917127864
1092.	-3.3142767903650165
1092.5	-3.3604715636570726
1093.	-3.4056890019121595
1093.5	-3.449968934773342
1094.	-3.493351191883685
1094.5	-3.5358989257494224
1095.	-3.577619314005183
1095.5	-3.6185428571487646
1096.	-3.658700055677964
1096.5	-3.698138447721679
1097.	-3.7368646810941675
1097.5	-3.7749024412407874
1098.	-3.812275413606896
1098.5	-3.849019764615066
1099.	-3.8851417063425546
1099.5	-3.9206599318438324
1100.	-3.955593134173372
1100.5	-3.9899674269656673
1101.	-4.023791114463157
1101.5	-4.057079921488306
1102.	-4.0898495728635735
1102.5	-4.1221233088788685
1103.	-4.153906332702229
1103.5	-4.1852113629691425
1104.	-4.216051118315091
1104.5	-4.246443057462363
1105.	-4.276393262924918
1105.5	-4.305912557303521
1106.	-4.335011763198934
1106.5	-4.363705651835529
1107.	-4.391999517741018
1107.5	-4.419902604066722
1108.	-4.447424153963962
1108.5	-4.474577020746713
1109.	-4.5013653933385775
1109.5	-4.527797070825815
1110.	-4.553879852294685
1110.5	-4.57962417409645
1111.	-4.605034143146362
1111.5	-4.630116503624679
1112.	-4.6548779997116565
1112.5	-4.679326039193237
1113.	-4.703466437201717
1113.5	-4.727305672475081
1114.	-4.7508502237513115
1114.5	-4.774110204224275
1115.	-4.797087004393718
1115.5	-4.819785649215269
1116.	-4.842211163644558
1116.5	-4.864369642233416
1117.	-4.88626461250279
1117.5	-4.907900671569832
1118.	-4.929282416551691
1118.5	-4.950415148343467
1119.	-4.971302478773177
1119.5	-4.991948723446793
1120.	-5.012358197970281
1120.5	-5.0325356239747565
1121.	-5.052484748630986
1121.5	-5.072209725134878
1122.	-5.091714706682346
1122.5	-5.111007122094012
1123.	-5.13008653869119
1123.5	-5.148955799419903
1124.	-5.167617747226178
1124.5	-5.18607363170467
1125.	-5.204328526493323
1125.5	-5.222385911878709
1126.	-5.240249268147401
1126.5	-5.257924642484219
1127.	-5.27541192151819
1127.5	-5.2927135587765894
1128.	-5.3098320077866905
1128.5	-5.32676832181167
1129.	-5.34352691474854
1129.5	-5.360110800230213
1130.	-5.376522991889605
1130.5	-5.392768329431702
1131.	-5.408847269988515
1131.5	-5.424762096764128
1132.	-5.440515092962624
1132.5	-5.4561098280901215
1133.	-5.471546784527858
1133.5	-5.486827730959105
1134.	-5.501954436067131
1134.5	-5.516926803185196
1135.	-5.531749212486589
1135.5	-5.5464241787945845
1136.	-5.56095421693246
1136.5	-5.575344523737006
1137.	-5.589593859212578
1137.5	-5.603703665377046
1138.	-5.61767538424828
1138.5	-5.631509193546605
1139.	-5.645208305306454
1139.5	-5.658774667264715
1140.	-5.672210227158275
1140.5	-5.685518043813975
1141.	-5.698698509442769
1141.5	-5.711753127345565
1142.	-5.7246834008232685
1142.5	-5.737491124889204
1143.	-5.7501773944468955
1143.5	-5.7627435961122835
1144.	-5.775191116501308
1144.5	-5.787520638645938
1145.	-5.799734534179674
1145.5	-5.8118344711520455
1146.	-5.823822117612583
1146.5	-5.83574500843592
1147.	-5.847540598116439
1147.5	-5.859192207973626
1148.	-5.870683159326969
1148.5	-5.882006061126129
1149.	-5.893131232008348
1149.5	-5.904038278241045
1150.	-5.914706806091636
1150.5	-5.92496829667766
1151.	-5.935009731476365
1151.5	-5.944869966815118
1152.	-5.95458785902129
1152.5	-5.964297767583436
1153.	-5.973904844403261
1153.5	-5.983409744543658
1154.	-5.992813123067519
1154.5	-6.0021136784227185
1155.	-6.011314804933175
1155.5	-6.020417940307788
1156.	-6.029424522255458
1156.5	-6.038337147839514
1157.	-6.047155631672656
1157.5	-6.055880947722011
1158.	-6.064514069954709
1158.5	-6.07305732321249
1159.	-6.081509790238025
1159.5	-6.0898719046485965
1160.	-6.098144100061488
1160.5	-6.1063245958426
1161.	-6.114416925561152
1161.5	-6.122422408534978
1162.	-6.130342364081916
1162.5	-6.138180637854292
1163.	-6.145935012301656
1163.5	-6.1536057962080495
1164.	-6.161193298357513
1164.5	-6.168695458638407
1165.	-6.176115902288723
1165.5	-6.1834558856507735
1166.	-6.190716665066872
1166.5	-6.197902147613831
1167.	-6.2050098786056616
1167.5	-6.212040054090874
1168.	-6.218992870117982
1168.5	-6.225865990682368
1169.	-6.232663156706923
1169.5	-6.239385577061411
1170.	-6.246034460615594
1170.5	-6.252612380152132
1171.	-6.259118635062734
1171.5	-6.265553888652006
1172.	-6.271918804224552
1172.5	-6.27821559068004
1173.	-6.284442747489989
1173.5	-6.290600319720978
1174.	-6.296688352439588
1174.5	-6.302705614584349
1175.	-6.308653937801112
1175.5	-6.314533877607675
1176.	-6.320345989521839
1176.5	-6.32608781759524
1177.	-6.331764133398307
1177.5	-6.337376697035307
1178.	-6.342927268610505
1178.5	-6.3484252837017445
1179.	-6.353861756750282
1179.5	-6.359235377670953
1180.	-6.364544836378593
1180.5	-6.369781232437995
1181.	-6.374953882254051
1181.5	-6.380064511881611
1182.	-6.385114847375524
1182.5	-6.390109684724546
1183.	-6.395046452076063
1183.5	-6.399925647511361
1184.	-6.404747769111729
1184.5	-6.4095150884398056
1185.	-6.41422562070299
1185.5	-6.418879154590035
1186.	-6.4234754787896895
1186.5	-6.428011081942517
1187.	-6.432490372804729
1187.5	-6.436914460084347
1188.	-6.4412844524893975
1188.5	-6.4456031439858545
1189.	-6.449869283920611
1189.5	-6.45408330689851
1190.	-6.458245647524395
1190.5	-6.462358633843271
1191.	-6.466420049643756
1191.5	-6.470429572154627
1192.	-6.474386878604663
1192.5	-6.478289974607516
1193.	-6.482140877653141
1193.5	-6.485939933616366
1194.	-6.489687488372021
1194.5	-6.493381991150645
1195.	-6.497026443129073
1195.5	-6.500621948839848
1196.	-6.504169612815515
1196.5	-6.507674371206694
1197.	-6.511131964280622
1197.5	-6.514541963922617
1198.	-6.517903942017989
1198.5	-6.5212136281410205
1199.	-6.524475973412474
1199.5	-6.527692086642076
1200.	-6.530863076639556
1200.5	-6.533991969707749
1201.	-6.537077190166033
1201.5	-6.540119079826894
1202.	-6.543117980502817
1202.5	-6.546076415337745
1203.	-6.548991672280124
1203.5	-6.551863220609856
1204.	-6.554690529606844
1204.5	-6.557471103682091
1205.	-6.560207162931959
1205.5	-6.562898962583911
1206.	-6.565546757865409
1206.5	-6.568148607105278
1207.	-6.570707841189074
1207.5	-6.573225594103713
1208.	-6.575702999836114
1208.5	-6.578143314325688
1209.	-6.580544700825861
1209.5	-6.5829074445425535
1210.	-6.585231830681685
1210.5	-6.587520483782119
1211.	-6.589770413983654
1211.5	-6.591980970759034
1212.	-6.594151503581003
1212.5	-6.596279227314301
1213.	-6.598366479882872
1213.5	-6.600413464602658
1214.	-6.602420384789605
1214.5	-6.604385026695364
1215.	-6.606310977525885
1215.5	-6.608199407422826
1216.	-6.610051486527846
1216.5	-6.611870701159629
1217.	-6.613654978811999
1217.5	-6.615404563155805
1218.	-6.617119697861899
1218.5	-6.618803164367976
1219.	-6.620451653471298
1219.5	-6.622064393735974
1220.	-6.623640613726115
1220.5	-6.625177203768698
1221.	-6.626676665959817
1221.5	-6.628139164158434
1222.	-6.629564862223514
1222.5	-6.630951299674548
1223.	-6.632302314445757
1223.5	-6.633619120131891
1224.	-6.6349029303277005
1224.5	-6.636160153708837
1225.	-6.637384730756792
1225.5	-6.638575797033954
1226.	-6.639732488102715
1226.5	-6.6408486806393485
1227.	-6.6419308726468085
1227.5	-6.6429803032419334
1228.	-6.643998211541561
1228.5	-6.644991248856113
1229.	-6.645953077231408
1229.5	-6.646882770906852
1230.	-6.647779404121847
1230.5	-6.6486365602139
1231.	-6.649461000685072
1231.5	-6.650253996135527
1232.	-6.651016817165428
1232.5	-6.651756367761957
1233.	-6.652466031783451
1233.5	-6.653144826475264
1234.	-6.653791769082754
1234.5	-6.654400173627692
1235.	-6.65497704186845
1235.5	-6.655523672339816
1236.	-6.656041363576582
1236.5	-6.656537268846104
1237.	-6.657004490057574
1237.5	-6.657441983852754
1238.	-6.657848706873407
1238.5	-6.658220762858274
1239.	-6.658561102513344
1239.5	-6.658869823641587
1240.	-6.659147024045971
1240.5	-6.659389674615608
1241.	-6.659602250832868
1241.5	-6.659786101266266
1242.	-6.659942574484314
1242.5	-6.660076008785233
1243.	-6.660183567115946
1243.5	-6.660265402153082
1244.	-6.660321666573274
1244.5	-6.660359056953546
1245.	-6.660368564509974
1245.5	-6.660347724359029
1246.	-6.660294071617185
1246.5	-6.660192329341562
1247.	-6.660057969531722
1247.5	-6.659893652127875
1248.	-6.65970203707023
1248.5	-6.659492088960267
1249.	-6.659257641212422
1249.5	-6.658998831902399
1250.	-6.658715799105902
1250.5	-6.658412137459455
1251.	-6.658083145853613
1251.5	-6.657727579739756
1252.	-6.657344194569259
1252.5	-6.656928510525232
1253.	-6.656483812434624
1253.5	-6.6560101498561215
1254.	-6.655507572348406
1254.5	-6.654972542236648
1255.	-6.654410131206451
1255.5	-6.653821823709903
1256.	-6.6532091041990915
1256.5	-6.652580521852551
1257.	-6.651927670505347
1257.5	-6.651249208718993
1258.	-6.650543795054999
1258.5	-6.6498029219666215
1259.	-6.649035280566929
1259.5	-6.648242395860734
1260.	-6.64742579285285
1260.5	-6.646598072278248
1261.	-6.645745253119519
1261.5	-6.644864430089413
1262.	-6.643952697900678
1262.5	-6.642992343850528
1263.	-6.642001193033463
1263.5	-6.640982263128449
1264.	-6.639938571814449
1264.5	-6.638880418880489
1265.	-6.6378006270514485
1265.5	-6.636699301162268
1266.	-6.635576546047888
1266.5	-6.634436443661831
1267.	-6.633273530873021
1267.5	-6.632086321668969
1268.	-6.63087333003718
1268.5	-6.629629324136976
1269.	-6.628358062115327
1269.5	-6.627059556291014
1270.	-6.625733818982821
1270.5	-6.624380854684763
1271.	-6.623000686670298
1271.5	-6.621593330388114
1272.	-6.620158801286901
1272.5	-6.618692966099799
1273.	-6.617201648477268
1273.5	-6.615686523354217
1274.	-6.614149265665556
1274.5	-6.612599764657506
1275.	-6.6110281952291405
1275.5	-6.609432946590845
1276.	-6.607812407953002
1276.5	-6.606156635718732
1277.	-6.604475685028592
1277.5	-6.602771278215873
1278.	-6.601045137613868
1278.5	-6.599311840015275
1279.	-6.597555111510215
1279.5	-6.595771532648215
1280.	-6.593957683978802
1280.5	-6.592092937787313
1281.	-6.590197966193144
1281.5	-6.588276233051499
1282.	-6.586331202217582
1282.5	-6.584374812661791
1283.	-6.582398663078059
1283.5	-6.580402827275515
1284.	-6.578387379063285
1284.5	-6.576361582003844
1285.	-6.574312644251633
1285.5	-6.572236963714441
1286.	-6.570130938300056
1286.5	-6.567972893753613
1287.	-6.565784529010616
1287.5	-6.563569470843914
1288.	-6.561331346026361
1288.5	-6.559087423822567
1289.	-6.556822231516917
1289.5	-6.554533938885555
1290.	-6.552220715704629
1290.5	-6.549876217810259
1291.	-6.547504934494626
1291.5	-6.545106841109884
1292.	-6.542681913008188
1292.5	-6.540225259864549
1293.	-6.537743668979126
1293.5	-6.535239061974933
1294.	-6.532713360474986
1294.5	-6.530178096819882
1295.	-6.527621737628017
1295.5	-6.525042360235371
1296.	-6.522438041977926
1296.5	-6.519802142622965
1297.	-6.5171393441026435
1297.5	-6.514449610780419
1298.	-6.51173290701975
1298.5	-6.508989197184096
1299.	-6.506218445636915
1299.5	-6.503420616741667
1300.	-6.500595674861808