1076.	0.1597143653753501
1076.5	0.24393428350587332
1077.	0.32149126633519887
1077.5	0.39282951969229063
1078.	0.4583932494061126
1078.5	0.5186266613056287
1079.	0.5739739612198032
1079.5	0.6248793549775996
1080.	0.6717870484079822
1080.5	0.7151412473399149
1081.	0.7553861576023616
1081.5	0.7929659850242864
1082.	0.8283249354346531
1082.5	0.8626123681869688
1083.	0.8952852741758374
1083.5	0.9265057978204053
1084.	0.9564360835398196
1084.5	0.9854404399224812
1085.	1.013397981550581
1085.5	1.0403899871755633
1086.	1.0664977355488738
1086.5	1.0918860029235846
1087.	1.1165191715488625
1087.5	1.140445121175501
1088.	1.1637117315542942
1088.5	1.1864087630983193
1089.	1.2085254626311739
1089.5	1.2300929576387387
1090.	1.251142375606894
1090.5	1.271729186570711
1091.	1.291850438447204
1091.5	1.3115275217025777
1092.	1.3307818268030362
1092.5	1.3496481994321663
1093.	1.3681291927518378
1093.5	1.3862408151413026
1094.	1.4039990749798126
1094.5	1.421430625686174
1095.	1.4385365725842623
1095.5	1.4553286660375075
1096.	1.47181865640934
1096.5	1.4880243907760597
1097.	1.5039490841030787
1097.5	1.5196020480686787
1098.	1.5349925943511415
1098.5	1.5501343349474286
1099.	1.5650305610896709
1099.5	1.5796888643286786
1100.	1.5941168362152622
1100.5	1.608326390531106
1101.	1.6223190677037969
1101.5	1.6361007303917952
1102.	1.6496772412535616
1102.5	1.66305645117356
1103.	1.676241439293847
1103.5	1.6892372729824818
1104.	1.7020490196075244
1104.5	1.714683689961656
1105.	1.7271436306184655
1105.5	1.7394331315761637
1106.	1.7515564828329615
1106.5	1.7635194843230464
1107.	1.7753243121342617
1107.5	1.7869746522904275
1108.	1.798474190815364
1108.5	1.8098286453821268
1109.	1.821038857705606
1109.5	1.8321077011499278
1110.	1.8430380490792182
1110.5	1.8538325726826996
1111.	1.8644944283693625
1111.5	1.875026570373294
1112.	1.8854319529285817
1112.5	1.8957156086330453
1113.	1.9058775820115463
1113.5	1.9159199959526785
1114.	1.9258449733450358
1114.5	1.935654447848571
1115.	1.9453508072719763
1115.5	1.9549362501953018
1116.	1.9644129751985986
1116.5	1.9737847119681873
1117.	1.98305151553534
1117.5	1.9922149720375995
1118.	2.0012766676125078
1118.5	2.010237185747588
1119.	2.01909951629041
1119.5	2.0278656464385243
1120.	2.036537563389481
1120.5	2.0451186185001085
1121.	2.053608889144968
1121.5	2.062009816857899
1122.	2.0703228431727396
1122.5	2.078550349635813
1123.	2.0866924617634814
1123.5	2.0947502450845907
1124.	2.1027247651279866
1124.5	2.1106157038788202
1125.	2.11842606382711
1125.5	2.1261574639191796
1126.	2.1338115231013526
1126.5	2.1413924429720725
1127.	2.1488982267646946
1127.5	2.156329460364695
1128.	2.1636867296575493
1128.5	2.170968473044489
1129.	2.1781782828889313
1129.5	2.1853176040700486
1130.	2.1923878814670146
1130.5	2.19939259015893
1131.	2.2063303327450687
1131.5	2.2132017420246317
1132.	2.2200074507968215
1132.5	2.2267469956037855
1133.	2.233422544004601
1133.5	2.24003516730129
1134.	2.2465859367958765
1134.5	2.253077439099991
1135.	2.259508624082205
1135.5	2.2658799569206995
1136.	2.2721919027936544
1136.5	2.2784436739538974
1137.	2.2846374896751014
1137.5	2.2907743163055865
1138.	2.2968551201936744
1138.5	2.302880923247853
1139.	2.3088526140322077
1139.5	2.314771136670993
1140.	2.3206374352884627
1140.5	2.3264548435836083
1141.	2.33222096027605
1141.5	2.3379357736601465
1142.	2.343599272030256
1142.5	2.34920930965397
1143.	2.3547688624631204
1143.5	2.3602787723627725
1144.	2.365739881257991
1144.5	2.371153019444164
1145.	2.3765190450799043
1145.5	2.3818388047141483
1146.	2.3871131448958316
1146.5	2.3923647664329932
1147.	2.3975639199118253
1147.5	2.402702710177622
1148.	2.4077732420756788
1148.5	2.4127702518151675
1149.	2.417682160331954
1149.5	2.4225000199257827
1150.	2.4272148828963966
1150.5	2.4317527265636354
1151.	2.436195708199109
1151.5	2.440560910094523
1152.	2.4448654145415825
1152.5	2.449167960806635
1153.	2.4534273114168874
1153.5	2.4576438858741896
1154.	2.46181810368039
1154.5	2.4659514184885745
1155.	2.470042801988861
1155.5	2.474092260022604
1156.	2.4780997984311584
1156.5	2.4820635654523935
1157.	2.485986167572542
1157.5	2.4898683536743538
1158.	2.4937108726405763
1158.5	2.4975154628002274
1159.	2.5012814878112786
1159.5	2.5050093007779712
1160.	2.5086992548045455
1160.5	2.5123517430737423
1161.	2.515967062579903
1161.5	2.519545550395868
1162.	2.523087543594479
1162.5	2.526593427392333
1163.	2.530063471461012
1163.5	2.5334979936158555
1164.	2.5368973116722007
1164.5	2.540261780476815
1165.	2.5435916660010367
1165.5	2.5468872712476345
1166.	2.5501488992193746
1166.5	2.553376890869249
1167.	2.556571496069712
1167.5	2.5597330026434397
1168.	2.5628616984131103
1168.5	2.565959090034599
1169.	2.5690237589641076
1169.5	2.5720555054910332
1170.	2.5750541299047747
1170.5	2.5780171566753705
1171.	2.580947572239323
1171.5	2.583846087213775
1172.	2.5867134122158695
1172.5	2.589551413390939
1173.	2.5923591836166597
1173.5	2.595136971298898
1174.	2.59788502484352
1174.5	2.6006036211336427
1175.	2.603292968706982
1175.5	2.605953304578504
1176.	2.6085848657631754
1176.5	2.611187919783436
1177.	2.6137626609437885
1177.5	2.6163093140562106
1178.	2.618828103932679
1178.5	2.621320600579566
1179.	2.623785145536695
1179.5	2.6262214255382847
1180.	2.628629127318554
1180.5	2.6310040077902674
1181.	2.6333512554376797
1181.5	2.6356721289235905
1182.	2.637967886910801
1182.5	2.6402451224142633
1183.	2.6424976260037654
1183.5	2.6447245226012455
1184.	2.646924937128644
1184.5	2.649094007210758
1185.	2.6512364399855257
1185.5	2.653352955293743
1186.	2.655444272976206
1186.5	2.657512452468428
1187.	2.6595563381786014
1187.5	2.661576114109635
1188.	2.663571964264438
1188.5	2.6655440907889187
1189.	2.6674926522857882
1189.5	2.669417825500757
1190.	2.6713197871795344
1190.5	2.6731987311568677
1191.	2.6750548102538145
1191.5	2.676888194380471
1192.	2.678699053446932
1192.5	2.680489120350911
1193.	2.682256376819838
1193.5	2.6840003675687605
1194.	2.685720637312726
1194.5	2.6874137186298555
1195.	2.689083373226895
1195.5	2.6907303506736637
1196.	2.692355400539981
1196.5	2.693959161761136
1197.	2.695542538795289
1197.5	2.69710632546607
1198.	2.6986513155971092
1198.5	2.7001847345637966
1199.	2.7016983720173
1199.5	2.703190449160546
1200.	2.704659187196461
1200.5	2.706093202994917
1201.	2.707504163825118
1201.5	2.7088941326232123
1202.	2.7102651723253497
1202.5	2.7116257564804584
1203.	2.712968973166795
1203.5	2.7142943210753967
1204.	2.7156012988973
1204.5	2.716889557490004
1205.	2.7181583825114983
1205.5	2.7194072117862347
1206.	2.7206354831386657
1206.5	2.721837477373822
1207.	2.723019852143345
1207.5	2.724184108079455
1208.	2.7253317458143718
1208.5	2.726471209969587
1209.	2.727594279592342
1209.5	2.728699677719148
1210.	2.729786127386518
1210.5	2.73084711932058
1211.	2.731888701792382
1211.5	2.7329116907625908
1212.	2.7339169021918703
1212.5	2.734908770807169
1213.	2.735883046296357
1213.5	2.7368390971135854
1214.	2.737776291713007
1214.5	2.7386884449843745
1215.	2.7395827003719995
1215.5	2.7404606477557936
1216.	2.7413238770156685
1216.5	2.74218143575807
1217.	2.7430244730457627
1217.5	2.743851595668045
1218.	2.744661410414215
1218.5	2.745444950148094
1219.	2.7462114251546486
1219.5	2.746962471793368
1220.	2.7476997264237415
1220.5	2.7484325479766847
1221.	2.74915176121169
1221.5	2.749855913459676
1222.	2.7505435520515618
1222.5	2.7512094426275553
1223.	2.7518574268855702
1223.5	2.752487564832809
1224.	2.7530999164764745
1224.5	2.7536904238602804
1225.	2.7542649121403144
1225.5	2.754825088509175
1226.	2.7553726601594613
1226.5	2.7559153566291825
1227.	2.756446453827362
1227.5	2.756965250008434
1228.	2.757471043426832
1228.5	2.7579632793841493
1229.	2.758441050268798
1229.5	2.758903595516349
1230.	2.7593501545623726
1230.5	2.759775773764222
1231.	2.760185562866973
1231.5	2.7605804385374837
1232.	2.760961317442612
1232.5	2.7613311885298795
1233.	2.761688067273215
1233.5	2.7620320414272115
1234.	2.7623631987464616
1234.5	2.762683863077074
1235.	2.762990991645519
1235.5	2.7632837777697836
1236.	2.763561414767855
1236.5	2.7638164333736097
1237.	2.7640573545227873
1237.5	2.764286036567019
1238.	2.7645043378579346
1238.5	2.7647230633125686
1239.	2.7649315460909856
1239.5	2.7651280659186543
1240.	2.765310902521044
1240.5	2.7654715944753887
1241.	2.7656178591146854
1241.5	2.7657506726236973
1242.	2.7658710111871874
1242.5	2.7659820979203382
1243.	2.7660817633053245
1243.5	2.766170084754741
1244.	2.766247139681182
1244.5	2.7663154084854917
1245.	2.766371604396716
1245.5	2.7664148436321496
1246.	2.7664442424090874
1246.5	2.7664517455318745
1247.	2.7664465091959354
1247.5	2.766430518183746
1248.	2.7664057572777803
1248.5	2.766383828736764
1249.	2.7663532528764216
1249.5	2.7663121674887283
1250.	2.766258710365659
1250.5	2.766183785048229
1251.	2.766095657279757
1251.5	2.7659953585526003
1252.	2.765883920359119
1252.5	2.7657673116590793
1253.	2.765639651490468
1253.5	2.7654999963586806
1254.	2.7653474027691116
1254.5	2.765173345014281
1255.	2.764987494697609
1255.5	2.7647919412096416
1256.	2.7645887739409236
1256.5	2.7643902499272435
1257.	2.7641842238558056
1257.5	2.763968718059059
1258.	2.763741754869451
1258.5	2.763493707723281
1259.	2.7632333074076048
1259.5	2.7629616358133315
1260.	2.7626797748313683
1260.5	2.7623913409214325
1261.	2.762093867578098
1261.5	2.7617874228647494
1262.	2.7614720748447703
1262.5	2.7611506174338047
1263.	2.760819302502073
1263.5	2.7604771077720542
1264.	2.760123010966229
1264.5	2.759750629604693
1265.	2.7593664456932636
1265.5	2.758971581035374
1266.	2.7585671574344572
1266.5	2.758156936379759
1267.	2.7577383441145757
1267.5	2.7573114465680155
1268.	2.7568763096691873
1268.5	2.756433013926255
1269.	2.75598160485765
1269.5	2.755522142560857
1270.	2.755054687133362
1270.5	2.754579289712223
1271.	2.7540960229395264
1271.5	2.7536049504969293
1272.	2.75310613606609
1272.5	2.7526025483332677
1273.	2.752090183973677
1273.5	2.751567944667135
1274.	2.7510347320934576
1274.5	2.750483731750117
1275.	2.7499218479722125
1275.5	2.749350268912499
1276.	2.7487701827237307
1276.5	2.74818856128717
1277.	2.7475984955356605
1277.5	2.746998860130555
1278.	2.7463885297332045
1278.5	2.745760525929406
1279.	2.7451219176862884
1279.5	2.744473920895425
1280.	2.7438177514483892
1280.5	2.743157522079524
1281.	2.7424903931005264
1281.5	2.7418164216658636
1282.	2.7411356649300007
1282.5	2.7404481822806974
1283.	2.73975402774581
1283.5	2.739053257586488
1284.	2.73834592806388
1284.5	2.7376320936912273
1285.	2.73691181317675
1285.5	2.7361851434807622
1286.	2.7354521415635755
1286.5	2.7347160110032513
1287.	2.7339724034952546
1287.5	2.733220117352799
1288.	2.732457950889097
1288.5	2.7316784856849723
1289.	2.730889223478985
1289.5	2.730091449277304
1290.	2.7292864480860994
1290.5	2.728481792019318
1291.	2.7276699641322413
1291.5	2.7268497345879266
1292.	2.7260198735494328
1292.5	2.725172805411684
1293.	2.724316184413127
1293.5	2.7234513190240732
1294.	2.7225795177148346
1294.5	2.721705223595467
1295.	2.7208253566406415
1295.5	2.719939971464773
1296.	2.719049122682276
1296.5	2.718152870582604
1297.	2.7172512618351172
1297.5	2.716344348784215
1298.	2.7154321837742965
1298.5	2.7145148191497603
1299.	2.713592307255006
1299.5	2.712664700434433
1300.	2.7117320510324396