1076.	-13.91159048513407
1076.5	-13.866737763446132
1077.	-13.822243694811615
1077.5	-13.778105717487316
1078.	-13.734321269730035
1078.5	-13.69088778979657
1079.	-13.647802715943719
1079.5	-13.605063486428284
1080.	-13.562667539507059
1080.5	-13.520612313436846
1081.	-13.478895246474442
1081.5	-13.437513776876646
1082.	-13.396465342900258
1082.5	-13.355744016819411
1083.	-13.315351949266637
1083.5	-13.275287924891794
1084.	-13.235550728344752
1084.5	-13.196141204034433
1085.	-13.15705525294802
1085.5	-13.118290835831747
1086.	-13.079845913431857
1086.5	-13.041721649292775
1087.	-13.00391152024328
1087.5	-12.96641220591034
1088.	-12.929220385920917
1088.5	-12.892328521911072
1089.	-12.85573919869504
1089.5	-12.81945078309615
1090.	-12.783461641937729
1090.5	-12.747841560641007
1091.	-12.712488919992253
1091.5	-12.677373519375635
1092.	-12.642465158175321
1092.5	-12.60805799844174
1093.	-12.5736677318263
1093.5	-12.539134412646659
1094.	-12.504298095220486
1094.5	-12.468146588796682
1095.	-12.431713090789177
1095.5	-12.395178553543145
1096.	-12.358723929403753
1096.5	-12.322989262286239
1097.	-12.287512776337678
1097.5	-12.252291787275217
1098.	-12.217323610815997
1098.5	-12.1826102400232
1099.	-12.148142442329519
1099.5	-12.113915662513678
1100.	-12.07992534535441
1100.5	-12.046159029989735
1101.	-12.01262322909537
1101.5	-11.979316549706327
1102.	-11.94623759885762
1102.5	-11.91339235750677
1103.	-11.88076910919727
1103.5	-11.848363511395126
1104.	-11.816171221566343
1104.5	-11.784182374207226
1105.	-11.75240035894136
1105.5	-11.720823042422628
1106.	-11.689448291304915
1106.5	-11.658276430664328
1107.	-11.62730188536364
1107.5	-11.596521538687844
1108.	-11.565932273921934
1108.5	-11.535528448746717
1109.	-11.505310482293051
1109.5	-11.47527626808761
1110.	-11.445423699657061
1110.5	-11.415749902553822
1111.	-11.386253845468516
1111.5	-11.35693372911752
1112.	-11.327787754217205
1112.5	-11.298818470023196
1113.	-11.27001798929691
1113.5	-11.24138277333902
1114.	-11.212909283450193
1114.5	-11.184587437716313
1115.	-11.156422857938756
1115.5	-11.128414622704105
1116.	-11.100561810598947
1116.5	-11.07286737731932
1117.	-11.045324973498579
1117.5	-11.017932126879527
1118.	-10.990686365204972
1118.5	-10.963580368729021
1119.	-10.936618451678658
1119.5	-10.909800080792165
1120.	-10.88312472280783
1120.5	-10.856598885295275
1121.	-10.83021217782891
1121.5	-10.803961250814485
1122.	-10.777842754657751
1122.5	-10.751844772484816
1123.	-10.725975948892925
1123.5	-10.700236361199684
1124.	-10.674626086722698
1124.5	-10.649152351294173
1125.	-10.62380522431127
1125.5	-10.59858192368576
1126.	-10.573479667329403
1126.5	-10.548489627014867
1127.	-10.523617485248655
1127.5	-10.498862878398171
1128.	-10.47422544283082
1128.5	-10.449705034787147
1129.	-10.42530098281216
1129.5	-10.401012835324007
1130.	-10.376840140740835
1130.5	-10.35279044873817
1131.	-10.328852105973834
1131.5	-10.30502146036302
1132.	-10.281294859820928
1132.5	-10.257657973730993
1133.	-10.234122099952879
1133.5	-10.210687857814488
1134.	-10.18735586664372
1134.5	-10.16413066457127
1135.	-10.141007384601131
1135.5	-10.117985078540093
1136.	-10.095062798194942
1136.5	-10.072239939429364
1137.	-10.049515072370486
1137.5	-10.026887111202331
1138.	-10.004354970108926
1138.5	-9.981917906612145
1139.	-9.959574354223024
1139.5	-9.937323089790452
1140.	-9.915162890163314
1140.5	-9.893088386348644
1141.	-9.871104159373923
1141.5	-9.84921064442478
1142.	-9.82740827668684
1142.5	-9.805706680375126
1143.	-9.784093426034117
1143.5	-9.762565273237684
1144.	-9.741118981559696
1144.5	-9.719742654630112
1145.	-9.698445170344284
1145.5	-9.677226750653649
1146.	-9.656087617509648
1146.5	-9.634759288674411
1147.	-9.613618171964404
1147.5	-9.592771971006789
1148.	-9.572328389428725
1148.5	-9.552337503284852
1149.	-9.53298769480386
1149.5	-9.514409718641916
1150.	-9.496734329455188
1150.5	-9.480994348002385
1151.	-9.46605763639612
1151.5	-9.451694122851547
1152.	-9.437673735583818
1152.5	-9.4231972288707
1153.	-9.408831374439687
1153.5	-9.394573770080886
1154.	-9.380422013584402
1154.5	-9.366363116774236
1155.	-9.352409497793044
1155.5	-9.338562988817376
1156.	-9.324825422023784
1156.5	-9.311203693987107
1157.	-9.297692546726287
1157.5	-9.284291786658558
1158.	-9.271001220201157
1158.5	-9.257820610621069
1159.	-9.244749824745872
1159.5	-9.231788686252898
1160.	-9.218937018819478
1160.5	-9.206200643767232
1161.	-9.193570988071489
1161.5	-9.181045476351864
1162.	-9.168621533227972
1162.5	-9.156284762294426
1163.	-9.144049137605847
1163.5	-9.131916812191852
1164.	-9.119889939082057
1164.5	-9.107976355746928
1165.	-9.096170256998894
1165.5	-9.084471522091233
1166.	-9.072880030277222
1166.5	-9.061402163138116
1167.	-9.050028696668026
1167.5	-9.038756909189036
1168.	-9.027584079023237
1168.5	-9.016494687446146
1169.	-9.005503928645044
1169.5	-8.994614199760646
1170.	-8.983827897933661
1170.5	-8.973160487876289
1171.	-8.962596072129164
1171.5	-8.952131820804409
1172.	-8.941764904014143
1172.5	-8.931479017744088
1173.	-8.921290195883325
1173.5	-8.911200998194529
1174.	-8.901213984440382
1174.5	-8.891345456309585
1175.	-8.881578734868388
1175.5	-8.871910883109061
1176.	-8.862338964023877
1176.5	-8.852845896962334
1177.	-8.843448546016585
1177.5	-8.834149631636013
1178.	-8.824951874269997
1178.5	-8.815864828382157
1179.	-8.80688164680194
1179.5	-8.798002316373037
1180.	-8.789226823939131
1180.5	-8.780570682806525
1181.	-8.772012142771246
1181.5	-8.76354498009193
1182.	-8.755162971027225
1182.5	-8.746829493509747
1183.	-8.738580881454567
1183.5	-8.730423070450733
1184.	-8.722361996087296
1184.5	-8.71441838407308
1185.	-8.706577463829447
1185.5	-8.698839254897534
1186.	-8.69120377681848
1186.5	-8.683679347967209
1187.	-8.676254369517556
1187.5	-8.668925541477147
1188.	-8.661689563853606
1188.5	-8.654535346504183
1189.	-8.647470495647022
1189.5	-8.640494827349896
1190.	-8.633608157680575
1190.5	-8.626801560251367
1191.	-8.620087090567697
1191.5	-8.61346806167952
1192.	-8.606947786636795
1192.5	-8.600546614160084
1193.	-8.594244007360498
1193.5	-8.588036465019755
1194.	-8.58192048591957
1194.5	-8.575875105258962
1195.	-8.569921270835422
1195.5	-8.564062466863746
1196.	-8.558302177558726
1196.5	-8.552661685984152
1197.	-8.547119557966226
1197.5	-8.541672158180148
1198.	-8.536315851301113
1198.5	-8.531038278096732
1199.	-8.525848016712823
1199.5	-8.520744921387621
1200.	-8.515728846359355
1200.5	-8.510799629640472
1201.	-8.505957148185304
1201.5	-8.501201262722406
1202.	-8.49653183398032
1202.5	-8.49193878130228
1203.	-8.487435883356278
1203.5	-8.483026977424988
1204.	-8.478715900791086
1204.5	-8.474525901508784
1205.	-8.470433641780604
1205.5	-8.466435194580605
1206.	-8.462526632882845
1206.5	-8.458684175376293
1207.	-8.454931691034137
1207.5	-8.451273194544472
1208.	-8.447712700595392
1208.5	-8.44427445607108
1209.	-8.440934150585111
1209.5	-8.43768770594715
1210.	-8.434531043966858
1210.5	-8.431450162920193
1211.	-8.428454877564004
1211.5	-8.425545079121434
1212.	-8.422720658815631
1212.5	-8.419981491083933
1213.	-8.41732749064961
1213.5	-8.41475855545013
1214.	-8.41227458342296
1214.5	-8.409864249165192
1215.	-8.407543163290816
1215.5	-8.405315713073449
1216.	-8.403186285786706
1216.5	-8.401181233320326
1217.	-8.399274192485352
1217.5	-8.397460764708955
1218.	-8.395736551418299
1218.5	-8.39408638081271
1219.	-8.392520936838336
1219.5	-8.39104013021348
1220.	-8.389643871656448
1220.5	-8.388332049076693
1221.	-8.387104605124911
1221.5	-8.385961459642946
1222.	-8.38490253247264
1222.5	-8.38391562729857
1223.	-8.383017626582756
1223.5	-8.382213296629953
1224.	-8.381507403744909
1224.5	-8.380928469553842
1225.	-8.380448002911455
1225.5	-8.380061267993915
1226.	-8.379763528977383
1226.5	-8.379525801822423
1227.	-8.379377298207048
1227.5	-8.379322981593669
1228.	-8.379367815444695
1228.5	-8.37955426145478
1229.	-8.37983478556119
1229.5	-8.380199351933438
1230.	-8.380637924741036
1230.5	-8.381090134694226
1231.	-8.381616412805496
1231.5	-8.382226856628067
1232.	-8.382931563715157
1232.5	-8.383778591455492
1233.	-8.384724893632585
1233.5	-8.38576538386545
1234.	-8.38689497577311
1234.5	-8.388082464998035
1235.	-8.389359330326405
1235.5	-8.390730932567854
1236.	-8.392202632532015
1236.5	-8.393820149914951
1237.	-8.395532343085302
1237.5	-8.39732842929813
1238.	-8.3991976258085
1238.5	-8.401074989515207
1239.	-8.403025562172092
1239.5	-8.40506022517673
1240.	-8.407189859926689
1240.5	-8.409466191646704
1241.	-8.411842920376323
1241.5	-8.414314589982254
1242.	-8.416875744331204
1242.5	-8.419492853414601
1243.	-8.422199764524548
1243.5	-8.425002251077863
1244.	-8.427906086491367
1244.5	-8.43096038071878
1245.	-8.434110236025262
1245.5	-8.437344091212873
1246.	-8.440650385083678
1246.5	-8.443959416660137
1247.	-8.447341020435749
1247.5	-8.450806891124412
1248.	-8.454368723440027
1248.5	-8.458082060834663
1249.	-8.461897209788782
1249.5	-8.465808325521017
1250.	-8.469809563249996
1250.5	-8.47388052481622
1251.	-8.478035740167705
1251.5	-8.482275185874334
1252.	-8.486598838505994
1252.5	-8.490990867566957
1253.	-8.49547337951896
1253.5	-8.500052673758134
1254.	-8.504735049680608
1254.5	-8.509557894358618
1255.	-8.514483984441739
1255.5	-8.519507184255659
1256.	-8.524621358126062
1256.5	-8.529805083257267
1257.	-8.535073625944872
1257.5	-8.540426965363105
1258.	-8.545865080686202
1258.5	-8.551387937599449
1259.	-8.556995534161597
1259.5	-8.562687854942455
1260.	-8.56846488451183
1260.5	-8.574309711325729
1261.	-8.580245974513282
1261.5	-8.586280417089819
1262.	-8.592419782070671
1262.5	-8.598704049350534
1263.	-8.605093430313621
1263.5	-8.611581373223514
1264.	-8.618161326343792
1264.5	-8.624810377335145
1265.	-8.631544879305206
1265.5	-8.63836482475871
1266.	-8.645270206200399
1266.5	-8.652261018980958
1267.	-8.6593372516208
1267.5	-8.66649889548628
1268.	-8.673745941943757
1268.5	-8.681078369741996
1269.	-8.688496187911989
1269.5	-8.695999392867128
1270.	-8.703587981020814
1270.5	-8.711243655074425
1271.	-8.718992022638178
1271.5	-8.726840397610278
1272.	-8.734796093888924
1272.5	-8.742902440403997
1273.	-8.751116330009351
1273.5	-8.75943067059052
1274.	-8.767838370033035
1274.5	-8.776314601398637
1275.	-8.784877101326169
1275.5	-8.793525871630676
1276.	-8.80226091412721
1276.5	-8.811063062352625
1277.	-8.81995915371144
1277.5	-8.828956857329985
1278.	-8.838063842334579
1278.5	-8.84734497298898
1279.	-8.856727845227114
1279.5	-8.866197250120338
1280.	-8.875737978740005
1280.5	-8.885258158049496
1281.	-8.894849908871327
1281.5	-8.90452868792005
1282.	-8.914309951910209
1282.5	-8.924266946698381
1283.	-8.934334224200267
1283.5	-8.944504125473596
1284.	-8.954768991576099
1284.5	-8.965081632515654
1285.	-8.975489732819787
1285.5	-8.986001445966174
1286.	-8.996624925432485
1286.5	-9.007429071106674
1287.	-9.018336991492024
1287.5	-9.029332541502095
1288.	-9.040399576050449
1288.5	-9.05144055594825
1289.	-9.062553287852415
1289.5	-9.073754184317467
1290.	-9.085059657897924
1290.5	-9.096547453716834
1291.	-9.108148118732782
1291.5	-9.119853532472874
1292.	-9.13165557446422
1292.5	-9.143504210813385
1293.	-9.155449999836241
1293.5	-9.16750158642812
1294.	-9.179667615484352
1294.5	-9.19202112326829
1295.	-9.204480606760027
1295.5	-9.217028954307683
1296.	-9.229649054259374
1296.5	-9.242237506741358
1297.	-9.254898003612357
1297.5	-9.267647948509241
1298.	-9.28050474506887
1298.5	-9.293485796928108
1299.	-9.30660850772382
1299.5	-9.319890281092865
1300.	-9.333348520672114