1076.	0.16396334863408968
1076.5	0.2510536432582283
1077.	0.33136911781801903
1077.5	0.405363557188735
1078.	0.4734907462456497
1078.5	0.5362044698640364
1079.	0.5939585129191685
1079.5	0.6472066602863192
1080.	0.6964026968407622
1080.5	0.7420004074577705
1081.	0.7844535770126176
1081.5	0.8242159903805769
1082.	0.8617414324369217
1082.5	0.8982059597656145
1083.	0.9330521768497638
1083.5	0.9664449598811674
1084.	0.9985491850516228
1084.5	1.0297357578571602
1085.	1.0598811134636517
1085.5	1.0890677163412024
1086.	1.1173780309599166
1086.5	1.144980403345136
1087.	1.171837063789634
1087.5	1.1979961241414208
1088.	1.223505696248506
1088.5	1.2484558653371616
1089.	1.2728359805258311
1089.5	1.2966773643112204
1090.	1.3200113391900345
1090.5	1.3428940493980674
1091.	1.365322066997301
1091.5	1.3873167857888051
1092.	1.4088995995736502
1092.5	1.4301058487874747
1093.	1.4509374019429528
1093.5	1.471410074187328
1094.	1.4915396806678423
1094.5	1.5113522373841826
1095.	1.5308492782901706
1095.5	1.5500425381920717
1096.	1.568943751896151
1096.5	1.5875709317918054
1097.	1.6059270240689163
1097.5	1.6240212525004971
1098.	1.6418628408595608
1098.5	1.659466061297042
1099.	1.6768330698568632
1099.5	1.693971070960869
1100.	1.7108872690309036
1100.5	1.7275915709562333
1101.	1.7440873977043114
1101.5	1.7603808727100139
1102.	1.7764781194082158
1102.5	1.792388996472164
1103.	1.8081143980030145
1103.5	1.8236589533402943
1104.	1.8390272918235304
1104.5	1.8542244454701862
1105.	1.8692544798706778
1105.5	1.8841218632933578
1106.	1.898831064006579
1106.5	1.913389738195364
1107.	1.9277978910447269
1107.5	1.9420587156563522
1108.	1.956175405131925
1108.5	1.9701515991601752
1109.	1.9839898656209234
1109.5	1.997693218981035
1110.	2.0112646737073767
1110.5	2.024707760235002
1111.	2.038024770675314
1111.5	2.0512185131079037
1112.	2.064291795612362
1112.5	2.0772496463594505
1113.	2.0900917653011213
1113.5	2.1028200724804966
1114.	2.1154364879406997
1114.5	2.1279422234362086
1115.	2.140340190614248
1115.5	2.152632592833398
1116.	2.16482163345224
1116.5	2.176911046022988
1117.	2.1889008916331343
1117.5	2.200792761563805
1118.	2.2125882470961273
1118.5	2.2242884036902244
1119.	2.2358955727766268
1119.5	2.247411559964862
1120.	2.2588381708644576
1120.5	2.270178651631697
1121.	2.28143279111065
1121.5	2.2926018186921406
1122.	2.3036869637669946
1122.5	2.3146893061328133
1123.	2.3256102846109346
1123.5	2.3364511884294736
1124.	2.347213306816544
1124.5	2.357898210066491
1125.	2.3685067939147064
1125.5	2.3790402351628135
1126.	2.389499710612435
1126.5	2.399886662840631
1127.	2.4102018965634113
1127.5	2.420446482272224
1128.	2.430621490458517
1128.5	2.440728829854688
1129.	2.4507683974148544
1129.5	2.460740928334083
1130.	2.4706471578074414
1130.5	2.4804868144713903
1131.	2.490262042703046
1131.5	2.4999739803209184
1132.	2.5096237651435183
1132.5	2.5192139373744307
1133.	2.5287436714930593
1133.5	2.538213544363885
1134.	2.5476241328513862
1134.5	2.5569755703994788
1135.	2.566269054661433
1135.5	2.5755053398699546
1136.	2.5846851802577486
1136.5	2.593809469137364
1137.	2.6028787660297263
1137.5	2.6118937695356044
1138.	2.6208551782557667
1138.5	2.6297638011850486
1139.	2.6386201823725255
1139.5	2.6474249762613398
1140.	2.6561788372946324
1140.5	2.6648825346232456
1141.	2.6735365620995415
1141.5	2.682141528283583
1142.	2.6906980417354327
1142.5	2.6992068080683613
1143.	2.7076682999679385
1143.5	2.716083087172943
1144.	2.7244517394221526
1144.5	2.7327756570940487
1145.	2.741054247031826
1145.5	2.7492877467183834
1146.	2.757476393636617
1146.5	2.7655467366428947
1147.	2.7736021772972563
1147.5	2.781672428533212
1148.	2.7897872032842717
1148.5	2.797958862958683
1149.	2.8062414126253223
1149.5	2.8146715058278047
1150.	2.8232857961097446
1150.5	2.8323652280485097
1151.	2.84160444774046
1151.5	2.8509423923157087
1152.	2.860317998904369
1152.5	2.869518986548564
1153.	2.8786959977015933
1153.5	2.8878484567287668
1154.	2.8969757879953937
1154.5	2.9060727204800676
1155.	2.9151452520895003
1155.5	2.9241946853436875
1156.	2.9332223227626253
1156.5	2.942232693115561
1157.	2.951222582173538
1157.5	2.9601920019568504
1158.	2.969140964485794
1158.5	2.9780687355676303
1159.	2.9869763719209006
1159.5	2.9958641840511118
1160.	3.0047324824637727
1160.5	3.013581617179994
1161.	3.0224118433834395
1161.5	3.0312234557733744
1162.	3.040016749049066
1162.5	3.048792058329601
1163.	3.057549621726497
1163.5	3.0662897177710917
1164.	3.0750126249947236
1164.5	3.0837186635446754
1165.	3.0924080536899625
1165.5	3.1010810573155445
1166.	3.1097379363063813
1166.5	3.1183780776483223
1167.	3.127002968085083
1167.5	3.135613219461267
1168.	3.144209443621479
1168.5	3.1527950002865888
1169.	3.1613666542744285
1169.5	3.169923918279097
1170.	3.178466304994693
1170.5	3.186989721406722
1171.	3.195498728201311
1171.5	3.2039942803559955
1172.	3.2124773328483096
1172.5	3.220951608104808
1173.	3.229414186674399
1173.5	3.2378649165550084
1174.	3.2463036457445646
1174.5	3.254728378633164
1175.	3.2631415442696956
1175.5	3.271543728095219
1176.	3.2799355155507937
1176.5	3.2883652563063515
1177.	3.2967666658825294
1177.5	3.305121224028837
1178.	3.3134104104947846
1178.5	3.3215365264428796
1179.	3.329591901644435
1179.5	3.337589687283761
1180.	3.3455430345451687
1180.5	3.3534867584819277
1181.	3.3614036808618053
1181.5	3.3692982873215294
1182.	3.377175063497826
1182.5	3.3850481967689046
1183.	3.3929085903334175
1183.5	3.4007568491314983
1184.	3.4085935781032815
1184.5	3.4164203758030336
1185.	3.424236456111103
1185.5	3.4320420265219718
1186.	3.4398372945301197
1186.5	3.447623589139175
1187.	3.455399547730814
1187.5	3.4631649291958584
1188.	3.470919492425132
1188.5	3.478660839540476
1189.	3.486391748909286
1189.5	3.494112842129977
1190.	3.5018247408009646
1190.5	3.5095302995120483
1191.	3.5172270136737045
1191.5	3.524914611687793
1192.	3.532592821956176
1192.5	3.540259108977111
1193.	3.5479163706175028
1193.5	3.555565240840653
1194.	3.5632063536098637
1194.5	3.570842675897576
1195.	3.578471575454297
1195.5	3.5860927530396736
1196.	3.593705909413352
1196.5	3.6013096167157643
1197.	3.6089051557734573
1197.5	3.616492678793763
1198.	3.6240723379840145
1198.5	3.631644296914581
1199.	3.639208691884542
1199.5	3.6467656705560163
1200.	3.65431538059112
1200.5	3.6618579804162774
1201.	3.6693936026235767
1201.5	3.676922390569413
1202.	3.684444487610181
1202.5	3.6919587152769386
1203.	3.699467067481552
1203.5	3.7069702163105522
1204.	3.714468833850468
1204.5	3.7219661917161173
1205.	3.7294593226544266
1205.5	3.736947858940611
1206.	3.7444314328498844
1206.5	3.7519084163233964
1207.	3.759380206104053
1207.5	3.7668469386006955
1208.	3.7743087502221635
1208.5	3.78176719236844
1209.	3.789220420460768
1209.5	3.7966680049115302
1210.	3.8041095161331118
1210.5	3.811540325820597
1211.	3.8189658825905894
1211.5	3.8263874363423924
1212.	3.83380623697531
1212.5	3.8412277180832786
1213.	3.848647272393116
1213.5	3.8560644763262744
1214.	3.8634789063042034
1214.5	3.8708902517545134
1215.	3.878297930890033
1215.5	3.88570147492975
1216.	3.8931004150926514
1216.5	3.90048983275066
1217.	3.907875488908654
1217.5	3.915258694724448
1218.	3.9226407613558543
1218.5	3.930028983375215
1219.	3.9374162951600047
1219.5	3.9448016145022247
1220.	3.952183859193878
1220.5	3.9595574379413705
1221.	3.966927581256539
1221.5	3.9742950105656245
1222.	3.9816604472948676
1222.5	3.989026111302916
1223.	3.996390626210641
1223.5	4.00375411407132
1224.	4.011116696938232
1224.5	4.018478498925658
1225.	4.025839639201471
1225.5	4.033200238994546
1226.	4.04056041953376
1226.5	4.047921979628256
1227.	4.055282691894537
1227.5	4.062642006529369
1228.	4.069999373729522
1228.5	4.077350956180883
1229.	4.084700806595454
1229.5	4.092049690174358
1230.	4.099398372118714
1230.5	4.1067492361349585
1231.	4.114100781516774
1231.5	4.121453126063157
1232.	4.128806387573103
1232.5	4.136162454473549
1233.	4.143518965684375
1233.5	4.150875330753403
1234.	4.1582309592284545
1234.5	4.165581788888504
1235.	4.172932089757756
1235.5	4.180282660091569
1236.	4.1876342981453005
1236.5	4.194991345832251
1237.	4.202349640286662
1237.5	4.209708562300715
1238.	4.217067492666596
1238.5	4.22442219939656
1239.	4.231777121174686
1239.5	4.239133083905124
1240.	4.246490913492028
1240.5	4.253855115850204
1241.	4.261221364868886
1241.5	4.268589014447967
1242.	4.2759574184873355
1242.5	4.283322200572198
1243.	4.290687937043002
1243.5	4.298055473925513
1244.	4.305425657245494
1244.5	4.312801157240952
1245.	4.320180266040511
1245.5	4.327563099985039
1246.	4.334949775415403
1246.5	4.342344428044632
1247.	4.349741547092567
1247.5	4.357139641151207
1248.	4.364537218812555
1248.5	4.371924901645706
1249.	4.37931224007473
1249.5	4.386700897500795
1250.	4.394092537325064
1250.5	4.40149270141278
1251.	4.408897623315399
1251.5	4.416307415048454
1252.	4.42372218862748
1252.5	4.431144164869463
1253.	4.438570503467902
1253.5	4.44600047291775
1254.	4.453433341713958
1254.5	4.460866373746557
1255.	4.468301643957389
1255.5	4.475739222683376
1256.	4.483179180261438
1256.5	4.490621582304336
1257.	4.498066505762817
1257.5	4.505514022863463
1258.	4.51296420583286
1258.5	4.520414922840995
1259.	4.527869331793689
1259.5	4.535328386540167
1260.	4.54279304092965
1260.5	4.550268607146315
1261.	4.557749937370454
1261.5	4.565236242117312
1262.	4.572726731902131
1262.5	4.580218471565345
1263.	4.587713675566934
1263.5	4.595212412692064
1264.	4.602714751725903
1264.5	4.610218435992466
1265.	4.617726789922536
1265.5	4.625240812485742
1266.	4.6327615026517135
1266.5	4.640296795553246
1267.	4.647837979531536
1267.5	4.655383279090947
1268.	4.662930918735842
1268.5	4.670469836387242
1269.	4.6780112577661885
1269.5	4.685557122010383
1270.	4.693109368257526
1270.5	4.700676938038162
1271.	4.70825196714001
1271.5	4.715833593743627
1272.	4.723420956029577
1272.5	4.731010870269946
1273.	4.738605725317161
1273.5	4.746205588115173
1274.	4.7538105256079355
1274.5	4.761418091345644
1275.	4.769031871023508
1275.5	4.77665293694298
1276.	4.784282361405517
1276.5	4.791928711055642
1277.	4.79958256611451
1277.5	4.8072420011463475
1278.	4.814905090715379
1278.5	4.8225598763126625
1279.	4.83021847880486
1279.5	4.8378829859854635
1280.	4.8455554856479655
1280.5	4.853248255099474
1281.	4.860949116814421
1281.5	4.868656082780854
1282.	4.87636716498682
1282.5	4.884070017992382
1283.	4.891777154184765
1283.5	4.89949072852321
1284.	4.907212895966956
1284.5	4.914956332889638
1285.	4.922708464270347
1285.5	4.930467236502565
1286.	4.938230595979777
1286.5	4.945985815136076
1287.	4.953745783908093
1287.5	4.961512718273066
1288.	4.969288834208236
1288.5	4.977084392422634
1289.	4.984890346268992
1289.5	4.992705693831836
1290.	5.000529433195691
1290.5	5.0083578883703925
1291.	5.016193801145028
1291.5	5.024037239233998
1292.	5.031888270351702
1292.5	5.039749827146104
1293.	5.047617966424614
1293.5	5.055491609928206
1294.	5.063369679397853
1294.5	5.071242555205971
1295.	5.079121117009516
1295.5	5.087007703096886
1296.	5.0949046517564796
1296.5	5.102822802826784
1297.	5.1107525924260715
1297.5	5.118692958222702
1298.	5.126642837885038
1298.5	5.13460116908144
1299.	5.142566889480271
1299.5	5.150538936749892
1300.	5.158516248558663