1076.	0.08120016090435261
1076.5	0.12290462430619314
1077.	0.1611255253656608
1077.5	0.1960930222483624
1078.	0.22803727311990477
1078.5	0.2571884361458946
1079.	0.28377666949193875
1079.5	0.308032131323644
1080.	0.33018497980661704
1080.5	0.35046537310646475
1081.	0.3691034693887938
1081.5	0.38632942681921106
1082.	0.4023734035633233
1082.5	0.4178272716838662
1083.	0.43241478989046606
1083.5	0.4462214307898781
1084.	0.4593326669888574
1084.5	0.4719385760130706
1085.	0.48397818358279704
1085.5	0.4954951203372273
1086.	0.5065330169155521
1086.5	0.5171796114182671
1087.	0.5274167840387358
1087.5	0.5372705224316272
1088.	0.5467668142516097
1088.5	0.5559536696582814
1089.	0.5648262447994098
1089.5	0.5734017183276919
1090.	0.5816972688958246
1090.5	0.5897426809077074
1091.	0.5975374849643537
1091.5	0.6050938174179791
1092.	0.6124238146207996
1092.5	0.6195476545631678
1093.	0.6264662153039083
1093.5	0.6331884165399823
1094.	0.6397231779683509
1094.5	0.6460851687211658
1095.	0.6522752592861216
1095.5	0.6583000695861033
1096.	0.6641662195439959
1096.5	0.6698827625249405
1097.	0.6754529116326636
1097.5	0.6808823134131478
1098.	0.6861766144123755
1098.5	0.6913451791751789
1099.	0.6963884490491513
1099.5	0.7013105833807356
1100.	0.7061157415163746
1100.5	0.710809422309987
1101.	0.7153939097975495
1101.5	0.7198728275225145
1102.	0.7242497990283343
1102.5	0.7285299683743554
1103.	0.7327148303817788
1103.5	0.7368074003876993
1104.	0.7408106937292122
1104.5	0.7447289370656957
1105.	0.7485634498830478
1105.5	0.75231676298945
1106.	0.7559914071930838
1106.5	0.7595913970640505
1107.	0.7631171861438438
1107.5	0.7665707117358772
1108.	0.7699539111435643
1108.5	0.7732685688480434
1109.	0.7765168361039133
1109.5	0.7797007113434974
1110.	0.7828221929991191
1110.5	0.7858838769393724
1111.	0.7888869251858024
1111.5	0.7918330971962244
1112.	0.794724152428454
1112.5	0.7975634566540875
1113.	0.8003505204916468
1113.5	0.8030864608734349
1114.	0.8057723947317547
1114.5	0.8084082623258422
1115.	0.8109968279302939
1115.5	0.8135396791466397
1116.	0.8160384035764092
1116.5	0.8184966836254259
1117.	0.8209131741692082
1117.5	0.823288624887568
1118.	0.8256237854603177
1118.5	0.8279179554055489
1119.	0.8301739146294823
1119.5	0.8323929928766183
1120.	0.8345765198914569
1120.5	0.836727991623655
1121.	0.8388457051304936
1121.5	0.8409301236744108
1122.	0.8429817105178439
1122.5	0.8449985505347732
1123.	0.8469844367314769
1123.5	0.8489407837257759
1124.	0.8508690061354905
1124.5	0.8527733980006335
1125.	0.8546513427479567
1125.5	0.8565031032264047
1126.	0.8583289422849212
1126.5	0.8601279831650566
1127.	0.861902084166106
1127.5	0.863651963979971
1128.	0.8653783412985531
1128.5	0.8670828578539004
1129.	0.868764940081709
1129.5	0.8704249374578219
1130.	0.872063199458082
1130.5	0.8736779196024085
1131.	0.8752724657049372
1131.5	0.8768480496238804
1132.	0.8784058832174502
1132.5	0.8799495434147105
1133.	0.8814769309746813
1133.5	0.8829883117272339
1134.	0.88448395150224
1134.5	0.8859651604331974
1135.	0.8874307423249008
1135.5	0.8888805452857713
1136.	0.8903144174242297
1136.5	0.8917290257619517
1137.	0.8931286719288017
1137.5	0.8945144764678993
1138.	0.8958875599223635
1138.5	0.8972507197527118
1139.	0.8986027288177056
1139.5	0.8999440368935051
1140.	0.9012750937562699
1140.5	0.9025982368152715
1141.	0.9039112731603136
1141.5	0.9052138975143115
1142.	0.9065058046001802
1142.5	0.9077841400264416
1143.	0.9090521672761619
1143.5	0.9103106007180135
1144.	0.9115601547206691
1144.5	0.9128024765902554
1145.	0.9140369745830091
1145.5	0.9152639898926215
1146.	0.9164838637127831
1146.5	0.917677497469469
1147.	0.9188724480311726
1147.5	0.9200768324986713
1148.	0.9212987679727427
1148.5	0.922541684694075
1149.	0.9238202613675704
1149.5	0.9251444898380417
1150.	0.9265243619503016
1150.5	0.9280371783142127
1151.	0.9295986985035188
1151.5	0.9311919908570131
1152.	0.9328001237134889
1152.5	0.9343623101060208
1153.	0.9359230158014079
1153.5	0.9374828512607309
1154.	0.9390424269450706
1154.5	0.9406054866842248
1155.	0.9421682542230698
1155.5	0.9437300866751991
1156.	0.9452903411542064
1156.5	0.9468442666994834
1157.	0.9483969717285063
1157.5	0.9499494565845495
1158.	0.9515027216108874
1158.5	0.9530609257549091
1159.	0.9546206473141282
1159.5	0.9561816231901731
1160.	0.9577435902846723
1160.5	0.9593041563662731
1161.	0.9608660391227775
1161.5	0.9624298271090063
1162.	0.9639961088797802
1162.5	0.9655688493292415
1163.	0.9671439101371612
1163.5	0.9687205293226313
1164.	0.9702979449047444
1164.5	0.9718709370839014
1165.	0.9734449848253621
1165.5	0.9750211092756957
1166.	0.9766003315814709
1166.5	0.9781870764149155
1167.	0.9797775999866757
1167.5	0.9813715620330563
1168.	0.9829686222903626
1168.5	0.9845673422530246
1169.	0.9861689191959724
1169.5	0.9877734521522614
1170.	0.9893810401549468
1170.5	0.9909918073791217
1171.	0.9926058176589881
1171.5	0.9942231599707861
1172.	0.9958439232907556
1172.5	0.997466962444453
1173.	0.9990940942190752
1173.5	1.0007259012511358
1174.	1.0023629661771478
1174.5	1.0040096087808772
1175.	1.0056611796926842
1175.5	1.007316766690181
1176.	1.0089754575509802
1176.5	1.0106313845455084
1177.	1.012290573161438
1177.5	1.0139540933792561
1178.	1.0156230151794494
1178.5	1.0173021628236947
1179.	1.0189873502988127
1179.5	1.0206781458728138
1180.	1.0223741178137087
1180.5	1.0240723063614234
1181.	1.0257758190232875
1181.5	1.027485235278545
1182.	1.0292011346064407
1182.5	1.0309280127927019
1183.	1.032660966487497
1183.5	1.034399008647478
1184.	1.0361411522292956
1184.5	1.0378811966857875
1185.	1.0396254538789447
1185.5	1.0413750221669449
1186.	1.043130999907965
1186.5	1.0448997867445287
1187.	1.0466750592367282
1187.5	1.048455795229002
1188.	1.0502409725657882
1188.5	1.0520242250690424
1189.	1.05381201221468
1189.5	1.0556054494561324
1190.	1.057405652246832
1190.5	1.0592163834855528
1191.	1.0610350522022478
1191.5	1.0628617148722117
1192.	1.0646964279707396
1192.5	1.06654208615618
1193.	1.0683947724475533
1193.5	1.070253408046933
1194.	1.072116914156393
1194.5	1.073978651101828
1195.	1.0758453253119624
1195.5	1.0777180823393413
1196.	1.0795980677365098
1196.5	1.0814920648197872
1197.	1.0833933262724353
1197.5	1.0853007425414898
1198.	1.0872132040739864
1198.5	1.0891239143226203
1199.	1.0910397255265039
1199.5	1.092961802930409
1200.	1.0948913117791073
1200.5	1.096832249351174
1201.	1.0987818160440568
1201.5	1.100740044289006
1202.	1.1027069665172724
1202.5	1.1046855756304494
1203.	1.1066717594013076
1203.5	1.1086643660729607
1204.	1.1106622438885223
1204.5	1.1126583964350223
1205.	1.114659854474091
1205.5	1.1166678041112756
1206.	1.118683431452123
1206.5	1.1207123236293504
1207.	1.1227495053104661
1207.5	1.1247944021901488
1208.	1.126846439963077
1208.5	1.1289035973106147
1209.	1.1309673257460815
1209.5	1.1330376297694822
1210.	1.1351145138808216
1210.5	1.1371964531756242
1211.	1.1392855933201669
1211.5	1.1413825505762465
1212.	1.14348794120566
1212.5	1.14560696110332
1213.	1.147733815044661
1213.5	1.149867287438233
1214.	1.1520061626925866
1214.5	1.1541431248453662
1215.	1.1562854988243902
1215.5	1.158434509186572
1216.	1.1605913804888235
1216.5	1.162761920213766
1217.	1.1649409368223207
1217.5	1.1671278217011174
1218.	1.169321966236785
1218.5	1.1715196882125383
1219.	1.1737246820597877
1219.5	1.1759375686065292
1220.	1.178158968680758
1220.5	1.180392612838422
1221.	1.1826347682883835
1221.5	1.1848848119674578
1222.	1.1871421208124593
1222.5	1.1894045328038925
1223.	1.1916735794174067
1223.5	1.1939492531723412
1224.	1.1962315465880349
1224.5	1.1985204559640097
1225.	1.2008159685273483
1225.5	1.2031180752853172
1226.	1.2054267672451817
1226.5	1.20774042569445
1227.	1.2100612952480492
1227.5	1.212390010801148
1228.	1.2147272072489161
1228.5	1.2170767298732208
1229.	1.2194347190278532
1229.5	1.221800525453303
1230.	1.2241734998900597
1230.5	1.2265497735835829
1231.	1.2289332045674044
1231.5	1.231324431380026
1232.	1.2337240925599495
1232.5	1.236136063998716
1233.	1.2385564519405718
1233.5	1.240984599982803
1234.	1.2434198517226955
1234.5	1.2458599480939812
1235.	1.2483064764229215
1235.5	1.2507594213722242
1236.	1.2532187676045967
1236.5	1.2556828617997722
1237.	1.2581539817966225
1237.5	1.2606327674510451
1238.	1.2631198586189378
1238.5	1.2656191593628676
1239.	1.2681267396493943
1239.5	1.2706419336517472
1240.	1.2731640755431561
1240.5	1.2756892323079474
1241.	1.2782213121838149
1241.5	1.2807609562195497
1242.	1.2833088054639425
1242.5	1.2858687922329641
1243.	1.2884369498013535
1243.5	1.2910126027110302
1244.	1.2935950755039132
1244.5	1.2961820541714977
1245.	1.2987751572262962
1245.5	1.3013743646303968
1246.	1.303979656345888
1246.5	1.306589342411328
1247.	1.3092057406817479
1247.5	1.3118294990886485
1248.	1.3144612655635306
1248.5	1.317103353935378
1249.	1.319754079879215
1249.5	1.3224134249675488
1250.	1.325081370772887
1250.5	1.3277595685612051
1251.	1.3304456623341552
1251.5	1.3331389657868573
1252.	1.3358387926144313
1252.5	1.3385411221948065
1253.	1.3412499362671704
1253.5	1.3439658822535194
1254.	1.3466896075758499
1254.5	1.3494251127400712
1255.	1.3521683508507016
1255.5	1.354918628096173
1256.	1.3576752506649161
1256.5	1.3604324871105697
1257.	1.363196696310275
1257.5	1.3659691995063807
1258.	1.368751317941235
1258.5	1.3715510929460937
1259.	1.374360437638835
1259.5	1.3771779852262447
1260.	1.380002368915108
1260.5	1.3828288794169272
1261.	1.3856608294318844
1261.5	1.3884981891648789
1262.	1.3913409288208092
1262.5	1.3941856330607143
1263.	1.3970370118508972
1263.5	1.3998963896138008
1264.	1.4027650907718683
1264.5	1.4056511908467202
1265.	1.4085465627219507
1265.5	1.4114498303803316
1266.	1.4143596178046351
1266.5	1.417269495317484
1267.	1.4201851620258588
1267.5	1.4231072633765909
1268.	1.426036444816512
1268.5	1.4289750402516521
1269.	1.4319213312859647
1269.5	1.4348752879826017
1270.	1.4378368804047155
1270.5	1.440804395916225
1271.	1.4437801603592084
1271.5	1.446764816876511
1272.	1.449759008610978
1272.5	1.4527684381323294
1273.	1.4557866653857858
1273.5	1.4588123097434422
1274.	1.4618439905773943
1274.5	1.4648752733470698
1275.	1.4679118529022983
1275.5	1.4709543701802419
1276.	1.474003466118063
1276.5	1.477059794091166
1277.	1.480123977623174
1277.5	1.4831966526759524
1278.	1.4862784552113661
1278.5	1.4893733812332097
1279.	1.4924773626446477
1279.5	1.495589691390774
1280.	1.498709659416682
1280.5	1.5018348874094798
1281.	1.5049670070754408
1281.5	1.5081059788628537
1282.	1.511251763220006
1282.5	1.5144026492897777
1283.	1.5175609373480285
1283.5	1.5207272563652092
1284.	1.523902235311771
1284.5	1.5270881833702141
1285.	1.5302833772141213
1285.5	1.5334877737291246
1286.	1.5367013298008558
1286.5	1.539925682484199
1287.	1.5431584364278323
1287.5	1.5463988764496872
1288.	1.5496462873676942
1288.5	1.5528966145971217
1289.	1.5561538181196282
1289.5	1.5594185185142093
1290.	1.5626913363598611
1290.5	1.5659745723255325
1291.	1.5692664948642847
1291.5	1.5725670525191329
1292.	1.575876193833091
1292.5	1.5791938716211609
1293.	1.5825200284455754
1293.5	1.5858546111405545
1294.	1.5891975665403177
1294.5	1.5925472089974335
1295.	1.595905770820434
1295.5	1.5992738518362
1296.	1.6026520518716114
1296.5	1.6060459085512464
1297.	1.6094491087852092
1297.5	1.6128602772813019
1298.	1.6162780387473261
1298.5	1.6197010178910836
1299.	1.6231278394203759
1299.5	1.6265571280430047
1300.	1.629987508466772