lambdaSRG= 1.88 lambdaCut= 450 onebody=Odelta0 twobody=Odelta0
----------------------------------------
  theta |  Cross Section
   1.00 , 247.897575219392
  40.00 , 169.860850414096
  55.00 , 125.396158780173
  75.00 ,  80.526791153944
  90.00 ,  61.856246607231
 110.00 ,  53.230619988431
 125.00 ,  53.958943904201
 145.00 ,  58.175431847333
 159.00 ,  60.913613483523
 180.00 ,  62.655291466598
lambdaSRG= 1.88 lambdaCut= 500 onebody=Odelta0 twobody=Odelta0
----------------------------------------
  theta |  Cross Section
   1.00 , 247.896875765629
  40.00 , 170.074152640940
  55.00 , 125.680267143454
  75.00 ,  80.838043897363
  90.00 ,  62.173626395622
 110.00 ,  53.589099886960
 125.00 ,  54.378479819711
 145.00 ,  58.689645974520
 159.00 ,  61.481380339013
 180.00 ,  63.256557910419
lambdaSRG= 2.236 lambdaCut= 450 onebody=Odelta0 twobody=Odelta0
----------------------------------------
  theta |  Cross Section
   1.00 , 247.873429858086
  40.00 , 170.579077570067
  55.00 , 126.364571944210
  75.00 ,  81.598786790982
  90.00 ,  62.957020962640
 110.00 ,  54.485425461571
 125.00 ,  55.437118456256
 145.00 ,  60.000567886013
 159.00 ,  62.936080796904
 180.00 ,  64.801677131034
lambdaSRG= 2.236 lambdaCut= 500 onebody=Odelta0 twobody=Odelta0
----------------------------------------
  theta |  Cross Section
   1.00 , 247.870760247338
  40.00 , 170.811683269273
  55.00 , 126.675221163438
  75.00 ,  81.939548912407
  90.00 ,  63.304601805156
 110.00 ,  54.877928698333
 125.00 ,  55.896266525337
 145.00 ,  60.562930703163
 159.00 ,  63.556751765610
 180.00 ,  65.458798929783


Jerry experimental Data
  theta |        val |  uncertainty
----------------------------------------
  40.00 | 203.000000 |    20.591260
  55.00 | 147.000000 |    13.038405
  75.00 | 140.000000 |    13.892444
  90.00 | 159.000000 |    15.264338
 110.00 | 146.000000 |    21.189620
 145.00 | 167.000000 |    19.697716
 159.00 | 172.000000 |    15.000000
AlphaOffset= -2
BetaOffset= -2
