lambdaSRG= 1.88 lambdaCut= 450 onebody=Odelta3 twobody=Odelta4
----------------------------------------
  theta |  Cross Section
   1.00 , 233.328739481092
  40.00 , 172.094114868084
  55.00 , 136.015476381912
  75.00 ,  99.379985332176
  90.00 ,  85.600411941089
 110.00 ,  83.981888374963
 125.00 ,  90.766255829589
 145.00 , 102.911011652728
 159.00 , 109.908916619122
 180.00 , 114.269736252232
lambdaSRG= 1.88 lambdaCut= 500 onebody=Odelta3 twobody=Odelta4
----------------------------------------
  theta |  Cross Section
   1.00 , 245.569225781883
  40.00 , 181.486874894284
  55.00 , 143.669058276690
  75.00 , 105.206962306871
  90.00 ,  90.732928576075
 110.00 ,  89.112001361554
 125.00 ,  96.377548600199
 145.00 , 109.378016665150
 159.00 , 116.860829965944
 180.00 , 121.533419269154
lambdaSRG= 2.236 lambdaCut= 450 onebody=Odelta3 twobody=Odelta4
----------------------------------------
  theta |  Cross Section
   1.00 , 228.418790171773
  40.00 , 168.989286029479
  55.00 , 133.893235613345
  75.00 ,  98.224511276679
  90.00 ,  84.884505681747
 110.00 ,  83.630352199670
 125.00 ,  90.627194076676
 145.00 , 103.036520511061
 159.00 , 110.173359883038
 180.00 , 114.629066056877
lambdaSRG= 2.236 lambdaCut= 500 onebody=Odelta3 twobody=Odelta4
----------------------------------------
  theta |  Cross Section
   1.00 , 240.101518880511
  40.00 , 178.001910112842
  55.00 , 141.265814797713
  75.00 , 103.867390147410
  90.00 ,  89.870791583433
 110.00 ,  88.629712153835
 125.00 ,  96.107918235501
 145.00 , 109.369572179488
 159.00 , 116.980321375437
 180.00 , 121.747320786018


Jerry experimental Data
  theta |        val |  uncertainty
----------------------------------------
  40.00 | 203.000000 |    20.591260
  55.00 | 147.000000 |    13.038405
  75.00 | 140.000000 |    13.892444
  90.00 | 159.000000 |    15.264338
 110.00 | 146.000000 |    21.189620
 145.00 | 167.000000 |    19.697716
 159.00 | 172.000000 |    15.000000
AlphaOffset= 2
BetaOffset= -2
