lambdaSRG= 1.88 lambdaCut= 450 onebody=Odelta3 twobody=Odelta2
----------------------------------------
  theta |  Cross Section
   1.00 , 341.860397954519
  40.00 , 258.738007764031
  55.00 , 208.853267684370
  75.00 , 158.644131978739
  90.00 , 142.468606257368
 110.00 , 149.910862666685
 125.00 , 170.507649299853
 145.00 , 203.723999901296
 159.00 , 222.664042852570
 180.00 , 234.563165973072
lambdaSRG= 1.88 lambdaCut= 500 onebody=Odelta3 twobody=Odelta2
----------------------------------------
  theta |  Cross Section
   1.00 , 356.516798173055
  40.00 , 269.993841811534
  55.00 , 218.033773808123
  75.00 , 165.718317889665
  90.00 , 148.896777999311
 110.00 , 156.814603521647
 125.00 , 178.496307348879
 145.00 , 213.458055341334
 159.00 , 233.401736288140
 180.00 , 245.935078890944
lambdaSRG= 2.236 lambdaCut= 450 onebody=Odelta3 twobody=Odelta2
----------------------------------------
  theta |  Cross Section
   1.00 , 336.104614333594
  40.00 , 254.811422397030
  55.00 , 205.963799265750
  75.00 , 156.789113987507
  90.00 , 141.049326418061
 110.00 , 148.760859502295
 125.00 , 169.465734217670
 145.00 , 202.816178215287
 159.00 , 221.842703211030
 180.00 , 233.802065222161
lambdaSRG= 2.236 lambdaCut= 500 onebody=Odelta3 twobody=Odelta2
----------------------------------------
  theta |  Cross Section
   1.00 , 350.149025791627
  40.00 , 265.627198860809
  55.00 , 214.803194287569
  75.00 , 163.619212699296
  90.00 , 147.267985319376
 110.00 , 155.458486343649
 125.00 , 177.233193343410
 145.00 , 212.304669267312
 159.00 , 232.321951857291
 180.00 , 244.907919875734


Jerry experimental Data
  theta |        val |  uncertainty
----------------------------------------
  40.00 | 196.000000 |    11.661904
  55.00 | 176.000000 |    10.000000
  75.00 | 125.000000 |     8.062258
  90.00 | 135.000000 |     8.062258
 110.00 | 138.000000 |     9.433981
 125.00 | 177.000000 |    10.816654
 145.00 | 178.000000 |    10.816654
 159.00 | 193.000000 |    10.000000
AlphaOffset= -2
BetaOffset= 0
