lambdaSRG= 1.88 lambdaCut= 450 onebody=Odelta3 twobody=Odelta4
----------------------------------------
  theta |  Cross Section
   1.00 , 320.121648495415
  40.00 , 246.593863520038
  55.00 , 202.779834063955
  75.00 , 159.627840649637
  90.00 , 147.160446407168
 110.00 , 157.412149574812
 125.00 , 178.958262135156
 145.00 , 212.641839368598
 159.00 , 231.667578035438
 180.00 , 243.600654569983
lambdaSRG= 1.88 lambdaCut= 500 onebody=Odelta3 twobody=Odelta4
----------------------------------------
  theta |  Cross Section
   1.00 , 335.261004459004
  40.00 , 258.796204247069
  55.00 , 213.165381795271
  75.00 , 168.152436145476
  90.00 , 155.106529448393
 110.00 , 165.800821934423
 125.00 , 188.365770397784
 145.00 , 223.686405398083
 159.00 , 243.669274956443
 180.00 , 256.207971028857
lambdaSRG= 2.236 lambdaCut= 450 onebody=Odelta3 twobody=Odelta4
----------------------------------------
  theta |  Cross Section
   1.00 , 314.442110202546
  40.00 , 242.557555167099
  55.00 , 199.690234818300
  75.00 , 157.508024664862
  90.00 , 145.469743652286
 110.00 , 156.009040526034
 125.00 , 177.674857647356
 145.00 , 211.489635837335
 159.00 , 230.601506271697
 180.00 , 242.587422107461
lambdaSRG= 2.236 lambdaCut= 500 onebody=Odelta3 twobody=Odelta4
----------------------------------------
  theta |  Cross Section
   1.00 , 328.971821511654
  40.00 , 254.306132230558
  55.00 , 209.715247730629
  75.00 , 165.761373715540
  90.00 , 153.181475527358
 110.00 , 164.166726805242
 125.00 , 186.836814177355
 145.00 , 222.265502927554
 159.00 , 242.317314398288
 180.00 , 254.896878791782


Jerry experimental Data
  theta |        val |  uncertainty
----------------------------------------
  40.00 | 196.000000 |    11.661904
  55.00 | 176.000000 |    10.000000
  75.00 | 125.000000 |     8.062258
  90.00 | 135.000000 |     8.062258
 110.00 | 138.000000 |     9.433981
 125.00 | 177.000000 |    10.816654
 145.00 | 178.000000 |    10.816654
 159.00 | 193.000000 |    10.000000
AlphaOffset= 0
BetaOffset= 2
