lambdaSRG= 1.88 lambdaCut= 450 onebody=Odelta3 twobody=Odelta4
----------------------------------------
  theta |  Cross Section
   1.00 , 345.249256094553
  40.00 , 265.072641202256
  55.00 , 216.762281584456
  75.00 , 167.904873049528
  90.00 , 152.062762761855
 110.00 , 159.366878043521
 125.00 , 179.736535030158
 145.00 , 212.775363054255
 159.00 , 231.685762150082
 180.00 , 243.600654569983
lambdaSRG= 1.88 lambdaCut= 500 onebody=Odelta3 twobody=Odelta4
----------------------------------------
  theta |  Cross Section
   1.00 , 360.937637678672
  40.00 , 277.693671003190
  55.00 , 227.473755082285
  75.00 , 176.631454618612
  90.00 , 160.132880497286
 110.00 , 167.807393180480
 125.00 , 189.165330714256
 145.00 , 223.823803116723
 159.00 , 243.688030058129
 180.00 , 256.207971028857
lambdaSRG= 2.236 lambdaCut= 450 onebody=Odelta3 twobody=Odelta4
----------------------------------------
  theta |  Cross Section
   1.00 , 339.352217752268
  40.00 , 260.911134890951
  55.00 , 213.599444315157
  75.00 , 165.762450282255
  90.00 , 150.368833607171
 110.00 , 157.967964731752
 125.00 , 178.456449192865
 145.00 , 211.624178836818
 159.00 , 230.619917859469
 180.00 , 242.587422107461
lambdaSRG= 2.236 lambdaCut= 500 onebody=Odelta3 twobody=Odelta4
----------------------------------------
  theta |  Cross Section
   1.00 , 354.412773209382
  40.00 , 273.066543288955
  55.00 , 223.942439479846
  75.00 , 174.213874451032
  90.00 , 158.202798089132
 110.00 , 166.177081793316
 125.00 , 187.639599329757
 145.00 , 222.403936644033
 159.00 , 242.336310046233
 180.00 , 254.896878791782


Jerry experimental Data
  theta |        val |  uncertainty
----------------------------------------
  40.00 | 196.000000 |    11.661904
  55.00 | 176.000000 |    10.000000
  75.00 | 125.000000 |     8.062258
  90.00 | 135.000000 |     8.062258
 110.00 | 138.000000 |     9.433981
 125.00 | 177.000000 |    10.816654
 145.00 | 178.000000 |    10.816654
 159.00 | 193.000000 |    10.000000
AlphaOffset= -2
BetaOffset= 0
