lambdaSRG= 1.88 lambdaCut= 450 onebody=Odelta3 twobody=Odelta4
----------------------------------------
  theta |  Cross Section
   1.00 , 255.423106624129
  40.00 , 188.236465309085
  55.00 , 149.570172795806
  75.00 , 111.944727421576
  90.00 ,  99.430755623145
 110.00 , 101.211217387174
 125.00 , 110.922261345616
 145.00 , 126.411897337003
 159.00 , 134.996712929817
 180.00 , 140.275260579307
lambdaSRG= 1.88 lambdaCut= 500 onebody=Odelta3 twobody=Odelta4
----------------------------------------
  theta |  Cross Section
   1.00 , 268.217317186340
  40.00 , 198.056898365421
  55.00 , 157.594917082788
  75.00 , 118.128410793928
  90.00 , 104.967335937507
 110.00 , 106.870292599908
 125.00 , 117.176212163005
 145.00 , 133.660189893257
 159.00 , 142.796796656764
 180.00 , 148.427454190341
lambdaSRG= 2.236 lambdaCut= 450 onebody=Odelta3 twobody=Odelta4
----------------------------------------
  theta |  Cross Section
   1.00 , 250.283791032866
  40.00 , 185.024909083368
  55.00 , 147.399380219585
  75.00 , 110.804931058493
  90.00 ,  98.785163712056
 110.00 , 101.032440474689
 125.00 , 111.050319308422
 145.00 , 126.928714855568
 159.00 , 135.717223324010
 180.00 , 141.130969434678
lambdaSRG= 2.236 lambdaCut= 500 onebody=Odelta3 twobody=Odelta4
----------------------------------------
  theta |  Cross Section
   1.00 , 262.500356449162
  40.00 , 194.453411716543
  55.00 , 155.134867687805
  75.00 , 116.798920606259
  90.00 , 104.171312098326
 110.00 , 106.558704565512
 125.00 , 117.173991521202
 145.00 , 134.046669823194
 159.00 , 143.376796354487
 180.00 , 149.143498036538


Jerry experimental Data
  theta |        val |  uncertainty
----------------------------------------
  40.00 | 203.000000 |    20.591260
  55.00 | 147.000000 |    13.038405
  75.00 | 140.000000 |    13.892444
  90.00 | 159.000000 |    15.264338
 110.00 | 146.000000 |    21.189620
 145.00 | 167.000000 |    19.697716
 159.00 | 172.000000 |    15.000000
AlphaOffset= -2
BetaOffset= 0
