lambdaSRG= 1.88 lambdaCut= 450 onebody=Odelta3 twobody=Odelta2
----------------------------------------
  theta |  Cross Section
   1.00 , 255.773830538270
  40.00 , 185.120662429193
  55.00 , 144.029385065153
  75.00 , 103.003332264529
  90.00 ,  88.016080428844
 110.00 ,  86.738145794955
 125.00 ,  94.410610450333
 145.00 , 107.715557160912
 159.00 , 115.246022786115
 180.00 , 119.917362028836
lambdaSRG= 1.88 lambdaCut= 500 onebody=Odelta3 twobody=Odelta2
----------------------------------------
  theta |  Cross Section
   1.00 , 268.235314031564
  40.00 , 194.362227077240
  55.00 , 151.352043812838
  75.00 , 108.386124176093
  90.00 ,  92.724206438917
 110.00 ,  91.549325242240
 125.00 ,  99.793000522088
 145.00 , 114.041200584024
 159.00 , 122.106530807180
 180.00 , 127.111937969239
lambdaSRG= 2.236 lambdaCut= 450 onebody=Odelta3 twobody=Odelta2
----------------------------------------
  theta |  Cross Section
   1.00 , 250.623238879001
  40.00 , 181.994343000349
  55.00 , 141.970898590951
  75.00 , 101.949574018529
  90.00 ,  87.394728686235
 110.00 ,  86.477743593729
 125.00 ,  94.384078158417
 145.00 , 107.994582014224
 159.00 , 115.697689199005
 180.00 , 120.479407273821
lambdaSRG= 2.236 lambdaCut= 500 onebody=Odelta3 twobody=Odelta2
----------------------------------------
  theta |  Cross Section
   1.00 , 262.504103270962
  40.00 , 190.850459485227
  55.00 , 149.013518606223
  75.00 , 107.150619335075
  90.00 ,  91.957889143710
 110.00 ,  91.160392542752
 125.00 ,  99.639728175065
 145.00 , 114.193924040884
 159.00 , 122.432821619084
 180.00 , 127.549425194512


Jerry experimental Data
  theta |        val |  uncertainty
----------------------------------------
  40.00 | 203.000000 |    20.591260
  55.00 | 147.000000 |    13.038405
  75.00 | 140.000000 |    13.892444
  90.00 | 159.000000 |    15.264338
 110.00 | 146.000000 |    21.189620
 145.00 | 167.000000 |    19.697716
 159.00 | 172.000000 |    15.000000
AlphaOffset= 0
BetaOffset= -2
