lambdaSRG= 1.88 lambdaCut= 450 onebody=Odelta3 twobody=Odelta4
----------------------------------------
  theta |  Cross Section
   1.00 , 233.328739738458
  40.00 , 172.637480596453
  55.00 , 137.658229603637
  75.00 , 103.638184376071
  90.00 ,  92.440865275991
 110.00 ,  94.440553382576
 125.00 , 103.648406374918
 145.00 , 118.244953221678
 159.00 , 126.328552092271
 180.00 , 131.299207967286
lambdaSRG= 1.88 lambdaCut= 500 onebody=Odelta3 twobody=Odelta4
----------------------------------------
  theta |  Cross Section
   1.00 , 245.569226045090
  40.00 , 182.043470530002
  55.00 , 145.353686273540
  75.00 , 109.581669476804
  90.00 ,  97.770907652931
 110.00 ,  99.893937506290
 125.00 , 109.675164330485
 145.00 , 125.228408265681
 159.00 , 133.842837954567
 180.00 , 139.152280054299
lambdaSRG= 2.236 lambdaCut= 450 onebody=Odelta3 twobody=Odelta4
----------------------------------------
  theta |  Cross Section
   1.00 , 228.418790430750
  40.00 , 169.528846792164
  55.00 , 135.529519364445
  75.00 , 102.486594402593
  90.00 ,  91.757392978178
 110.00 ,  94.190619580204
 125.00 , 103.676178742899
 145.00 , 118.621431470515
 159.00 , 126.886919037499
 180.00 , 131.978921570624
lambdaSRG= 2.236 lambdaCut= 500 onebody=Odelta3 twobody=Odelta4
----------------------------------------
  theta |  Cross Section
   1.00 , 240.101519137902
  40.00 , 178.554188404686
  55.00 , 142.942666899813
  75.00 , 108.243511060947
  90.00 ,  96.938632157245
 110.00 ,  99.511601484999
 125.00 , 109.572245667487
 145.00 , 125.473056701231
 159.00 , 134.258930096715
 180.00 , 139.690133388690


Jerry experimental Data
  theta |        val |  uncertainty
----------------------------------------
  40.00 | 203.000000 |    20.591260
  55.00 | 147.000000 |    13.038405
  75.00 | 140.000000 |    13.892444
  90.00 | 159.000000 |    15.264338
 110.00 | 146.000000 |    21.189620
 145.00 | 167.000000 |    19.697716
 159.00 | 172.000000 |    15.000000
AlphaOffset= 0
BetaOffset= 0
