lambdaSRG= 1.88 lambdaCut= 450 onebody=Odelta3 twobody=Odelta2
----------------------------------------
  theta |  Cross Section
   1.00 , 192.512792865215
  40.00 , 141.648616741286
  55.00 , 113.390325131321
  75.00 ,  88.017772512381
  90.00 ,  82.019189601430
 110.00 ,  88.639425878284
 125.00 ,  99.720100432401
 145.00 , 115.359350567806
 159.00 , 123.615388080870
 180.00 , 128.618144638878
lambdaSRG= 1.88 lambdaCut= 500 onebody=Odelta3 twobody=Odelta2
----------------------------------------
  theta |  Cross Section
   1.00 , 203.313117696655
  40.00 , 149.685611719432
  55.00 , 119.826654981289
  75.00 ,  92.933969673125
  90.00 ,  86.523568468506
 110.00 ,  93.498579728877
 125.00 , 105.269165150803
 145.00 , 121.939909621341
 159.00 , 130.760526273983
 180.00 , 136.111638398826
lambdaSRG= 2.236 lambdaCut= 450 onebody=Odelta3 twobody=Odelta2
----------------------------------------
  theta |  Cross Section
   1.00 , 188.049919621053
  40.00 , 138.829664898235
  55.00 , 111.454693933675
  75.00 ,  86.951289921553
  90.00 ,  81.370126344230
 110.00 ,  88.399604766420
 125.00 ,  99.765866801687
 145.00 , 115.768349050057
 159.00 , 124.222598784406
 180.00 , 129.349854008368
lambdaSRG= 2.236 lambdaCut= 500 onebody=Odelta3 twobody=Odelta2
----------------------------------------
  theta |  Cross Section
   1.00 , 198.329387828657
  40.00 , 146.514295080212
  55.00 , 117.629663825992
  75.00 ,  91.691082378337
  90.00 ,  85.730172201969
 110.00 ,  93.129563372245
 125.00 , 105.188339746903
 145.00 , 122.224242411414
 159.00 , 131.244766190019
 180.00 , 136.721635925043


Jerry experimental Data
  theta |        val |  uncertainty
----------------------------------------
  40.00 | 203.000000 |    20.591260
  55.00 | 147.000000 |    13.038405
  75.00 | 140.000000 |    13.892444
  90.00 | 159.000000 |    15.264338
 110.00 | 146.000000 |    21.189620
 145.00 | 167.000000 |    19.697716
 159.00 | 172.000000 |    15.000000
AlphaOffset= 2
BetaOffset= 2
