lambdaSRG= 1.88 lambdaCut= 450 onebody=Odelta0 twobody=Odelta0
----------------------------------------
  theta |  Cross Section
   1.00 , 227.601581412417
  40.00 , 168.108477158946
  55.00 , 132.312092922149
  75.00 ,  95.085228679280
  90.00 ,  80.710923205786
 110.00 ,  79.185925707209
 125.00 ,  86.985834247027
 145.00 , 101.252195445628
 159.00 , 109.615397703292
 180.00 , 114.896243931754
lambdaSRG= 1.88 lambdaCut= 500 onebody=Odelta0 twobody=Odelta0
----------------------------------------
  theta |  Cross Section
   1.00 , 227.600866882800
  40.00 , 168.211665299650
  55.00 , 132.459693180800
  75.00 ,  95.268177926033
  90.00 ,  80.918936378705
 110.00 ,  79.457120821389
 125.00 ,  87.332741806493
 145.00 , 101.715566299501
 159.00 , 110.146724417012
 180.00 , 115.471122794132
lambdaSRG= 2.236 lambdaCut= 450 onebody=Odelta0 twobody=Odelta0
----------------------------------------
  theta |  Cross Section
   1.00 , 227.579105923093
  40.00 , 168.447709736674
  55.00 , 132.807545160219
  75.00 ,  95.706857226505
  90.00 ,  81.421665397850
 110.00 ,  80.117610580879
 125.00 ,  88.181487833349
 145.00 , 102.854416101661
 159.00 , 111.455325962124
 180.00 , 116.888679316999
lambdaSRG= 2.236 lambdaCut= 500 onebody=Odelta0 twobody=Odelta0
----------------------------------------
  theta |  Cross Section
   1.00 , 227.576546410595
  40.00 , 168.559537525773
  55.00 , 132.968366124499
  75.00 ,  95.906764256029
  90.00 ,  81.649197236188
 110.00 ,  80.414458050613
 125.00 ,  88.561314840164
 145.00 , 103.361833862611
 159.00 , 112.037191811107
 180.00 , 117.518240553363


Jerry experimental Data
  theta |        val |  uncertainty
----------------------------------------
  40.00 | 196.000000 |    11.661904
  55.00 | 176.000000 |    10.000000
  75.00 | 125.000000 |     8.062258
  90.00 | 135.000000 |     8.062258
 110.00 | 138.000000 |     9.433981
 125.00 | 177.000000 |    10.816654
 145.00 | 178.000000 |    10.816654
 159.00 | 193.000000 |    10.000000
AlphaOffset= -2
BetaOffset= -2
