lambdaSRG= 1.88 lambdaCut= 450 onebody=Odelta3 twobody=Odelta2
----------------------------------------
  theta |  Cross Section
   1.00 , 341.860397805950
  40.00 , 258.407496752785
  55.00 , 207.807697781918
  75.00 , 155.727280705577
  90.00 , 137.494143261833
 110.00 , 141.687891367536
 125.00 , 159.836821427089
 145.00 , 190.306891363983
 159.00 , 207.929601862754
 180.00 , 219.055961145687
lambdaSRG= 1.88 lambdaCut= 500 onebody=Odelta3 twobody=Odelta2
----------------------------------------
  theta |  Cross Section
   1.00 , 356.516798021268
  40.00 , 269.656039464803
  55.00 , 216.964539445259
  75.00 , 162.732743598506
  90.00 , 143.801360198080
 110.00 , 148.383588655693
 125.00 , 167.548471090763
 145.00 , 199.683356064973
 159.00 , 218.269875779191
 180.00 , 230.006740271651
lambdaSRG= 2.236 lambdaCut= 450 onebody=Odelta3 twobody=Odelta2
----------------------------------------
  theta |  Cross Section
   1.00 , 336.104614186307
  40.00 , 254.483202757512
  55.00 , 204.923854147651
  75.00 , 153.880632496861
  90.00 , 136.079004319536
 110.00 , 140.522902841227
 125.00 , 158.756535324624
 145.00 , 189.325855407539
 159.00 , 207.015188828270
 180.00 , 218.189196840753
lambdaSRG= 2.236 lambdaCut= 500 onebody=Odelta3 twobody=Odelta2
----------------------------------------
  theta |  Cross Section
   1.00 , 350.149025641504
  40.00 , 265.291921493750
  55.00 , 213.740252938029
  75.00 , 160.643549018536
  90.00 , 142.178888767999
 110.00 , 147.015127115105
 125.00 , 166.249575225351
 145.00 , 198.458907742916
 159.00 , 217.098822540815
 180.00 , 228.875477438002


Jerry experimental Data
  theta |        val |  uncertainty
----------------------------------------
  40.00 | 196.000000 |    11.661904
  55.00 | 176.000000 |    10.000000
  75.00 | 125.000000 |     8.062258
  90.00 | 135.000000 |     8.062258
 110.00 | 138.000000 |     9.433981
 125.00 | 177.000000 |    10.816654
 145.00 | 178.000000 |    10.816654
 159.00 | 193.000000 |    10.000000
AlphaOffset= 0
BetaOffset= -2
