lambdaSRG= 1.88 lambdaCut= 450 onebody=Odelta3 twobody=Odelta2
----------------------------------------
  theta |  Cross Section
   1.00 , 233.679508370505
  40.00 , 170.742303028368
  55.00 , 135.724426115334
  75.00 , 103.911615867048
  90.00 ,  95.729008369311
 110.00 , 102.297941018555
 125.00 , 114.537703076836
 145.00 , 132.047369434636
 159.00 , 141.320529066661
 180.00 , 146.942343367951
lambdaSRG= 1.88 lambdaCut= 500 onebody=Odelta3 twobody=Odelta2
----------------------------------------
  theta |  Cross Section
   1.00 , 245.587275160642
  40.00 , 179.600372427724
  55.00 , 142.810080576888
  75.00 , 109.302285532956
  90.00 , 100.645546471345
 110.00 , 107.573676596896
 125.00 , 120.548863980601
 145.00 , 139.165614881965
 159.00 , 149.045919326974
 180.00 , 155.042526744938
lambdaSRG= 2.236 lambdaCut= 450 onebody=Odelta3 twobody=Odelta2
----------------------------------------
  theta |  Cross Section
   1.00 , 228.758254291736
  40.00 , 167.710533364079
  55.00 , 133.695422403644
  75.00 , 102.860659952746
  90.00 ,  95.151594893466
 110.00 , 102.203877310452
 125.00 , 114.793417838715
 145.00 , 132.752022484877
 159.00 , 142.269846922883
 180.00 , 148.044987691821
lambdaSRG= 2.236 lambdaCut= 500 onebody=Odelta3 twobody=Odelta2
----------------------------------------
  theta |  Cross Section
   1.00 , 240.105330810819
  40.00 , 176.193451869098
  55.00 , 140.505533060128
  75.00 , 108.068440838463
  90.00 ,  99.920545219271
 110.00 , 107.350022634345
 125.00 , 120.679580760342
 145.00 , 139.749789294343
 159.00 , 149.877886679467
 180.00 , 156.029974079128


Jerry experimental Data
  theta |        val |  uncertainty
----------------------------------------
  40.00 | 203.000000 |    20.591260
  55.00 | 147.000000 |    13.038405
  75.00 | 140.000000 |    13.892444
  90.00 | 159.000000 |    15.264338
 110.00 | 146.000000 |    21.189620
 145.00 | 167.000000 |    19.697716
 159.00 | 172.000000 |    15.000000
AlphaOffset= -2
BetaOffset= 2
