lambdaSRG= 1.88 lambdaCut= 450 onebody=Odelta3 twobody=Odelta4
----------------------------------------
  theta |  Cross Section
   1.00 , 358.174400416640
  40.00 , 274.410137907598
  55.00 , 223.429153233152
  75.00 , 170.701284694811
  90.00 , 152.092595585777
 110.00 , 156.248574672137
 125.00 , 174.779486900060
 145.00 , 206.098529919735
 159.00 , 224.282278891212
 180.00 , 235.795729575902
lambdaSRG= 1.88 lambdaCut= 500 onebody=Odelta3 twobody=Odelta4
----------------------------------------
  theta |  Cross Section
   1.00 , 374.137293675150
  40.00 , 287.237185409674
  55.00 , 234.292410131406
  75.00 , 179.495777406919
  90.00 , 160.165940031018
 110.00 , 164.612905533307
 125.00 , 184.082110157917
 145.00 , 216.971620036463
 159.00 , 236.087325784825
 180.00 , 248.193501359900
lambdaSRG= 2.236 lambdaCut= 450 onebody=Odelta3 twobody=Odelta4
----------------------------------------
  theta |  Cross Section
   1.00 , 352.168576367564
  40.00 , 270.187677701996
  55.00 , 220.233169554144
  75.00 , 168.552374320951
  90.00 , 150.399643602752
 110.00 , 154.844656732172
 125.00 , 173.482317497245
 145.00 , 204.911896112411
 159.00 , 223.170688268434
 180.00 , 234.730464832691
lambdaSRG= 2.236 lambdaCut= 500 onebody=Odelta3 twobody=Odelta4
----------------------------------------
  theta |  Cross Section
   1.00 , 367.494549834806
  40.00 , 282.543305612923
  55.00 , 230.724342599019
  75.00 , 177.070528858729
  90.00 , 158.237060019938
 110.00 , 162.978806745898
 125.00 , 182.540624550547
 145.00 , 215.517518887725
 159.00 , 234.690947179170
 180.00 , 246.831404365929


Jerry experimental Data
  theta |        val |  uncertainty
----------------------------------------
  40.00 | 196.000000 |    11.661904
  55.00 | 176.000000 |    10.000000
  75.00 | 125.000000 |     8.062258
  90.00 | 135.000000 |     8.062258
 110.00 | 138.000000 |     9.433981
 125.00 | 177.000000 |    10.816654
 145.00 | 178.000000 |    10.816654
 159.00 | 193.000000 |    10.000000
AlphaOffset= -2
BetaOffset= -2
