lambdaSRG= 1.88 lambdaCut= 450 onebody=Odelta3 twobody=Odelta4
----------------------------------------
  theta |  Cross Section
   1.00 , 212.241682846968
  40.00 , 157.730766132320
  55.00 , 126.261895787467
  75.00 ,  95.674030219343
  90.00 ,  85.725997827749
 110.00 ,  87.921049465965
 125.00 ,  96.635694153911
 145.00 , 110.362984124029
 159.00 , 117.959313431510
 180.00 , 122.630699858261
lambdaSRG= 1.88 lambdaCut= 500 onebody=Odelta3 twobody=Odelta4
----------------------------------------
  theta |  Cross Section
   1.00 , 223.928442055852
  40.00 , 166.723182259261
  55.00 , 133.629233049406
  75.00 , 101.378640452500
  90.00 ,  90.850913389251
 110.00 ,  93.170433930195
 125.00 , 102.437289657349
 145.00 , 117.084120557237
 159.00 , 125.190587638915
 180.00 , 130.187601747237
lambdaSRG= 2.236 lambdaCut= 450 onebody=Odelta3 twobody=Odelta4
----------------------------------------
  theta |  Cross Section
   1.00 , 207.561001710264
  40.00 , 154.727981894180
  55.00 , 124.179249848644
  75.00 ,  94.515204614122
  90.00 ,  85.009539364424
 110.00 ,  87.605879370782
 125.00 ,  96.570334784041
 145.00 , 110.608063615623
 159.00 , 118.365461808228
 180.00 , 123.144953778024
lambdaSRG= 2.236 lambdaCut= 500 onebody=Odelta3 twobody=Odelta4
----------------------------------------
  theta |  Cross Section
   1.00 , 218.709882860542
  40.00 , 163.351110473797
  55.00 , 131.271334792120
  75.00 , 100.036497256941
  90.00 ,  89.987414737056
 110.00 ,  92.723431052713
 125.00 , 102.241018539340
 145.00 , 117.196113869449
 159.00 , 125.452956722992
 180.00 , 130.558074305184


Jerry experimental Data
  theta |        val |  uncertainty
----------------------------------------
  40.00 | 203.000000 |    20.591260
  55.00 | 147.000000 |    13.038405
  75.00 | 140.000000 |    13.892444
  90.00 | 159.000000 |    15.264338
 110.00 | 146.000000 |    21.189620
 145.00 | 167.000000 |    19.697716
 159.00 | 172.000000 |    15.000000
AlphaOffset= 2
BetaOffset= 0
