lambdaSRG= 1.88 lambdaCut= 450 onebody=Odelta0 twobody=Odelta0
----------------------------------------
  theta |  Cross Section
   1.00 , 207.140056206754
  40.00 , 153.494062613960
  55.00 , 121.981121673814
  75.00 ,  90.839895232270
  90.00 ,  80.710923537882
 110.00 ,  83.886205156230
 125.00 ,  94.352942547780
 145.00 , 111.048768253779
 159.00 , 120.416548047976
 180.00 , 126.245822873147
lambdaSRG= 1.88 lambdaCut= 500 onebody=Odelta0 twobody=Odelta0
----------------------------------------
  theta |  Cross Section
   1.00 , 207.139405913798
  40.00 , 153.588280152527
  55.00 , 122.117197256263
  75.00 ,  91.014676222322
  90.00 ,  80.918936711657
 110.00 ,  84.173497737358
 125.00 ,  94.729230817140
 145.00 , 111.556972173119
 159.00 , 121.000229994969
 180.00 , 126.877488909822
lambdaSRG= 2.236 lambdaCut= 450 onebody=Odelta0 twobody=Odelta0
----------------------------------------
  theta |  Cross Section
   1.00 , 207.119601278044
  40.00 , 153.803804201097
  55.00 , 122.437888839995
  75.00 ,  91.433769516295
  90.00 ,  81.421665732871
 110.00 ,  84.873192524952
 125.00 ,  95.649859857522
 145.00 , 112.806010450257
 159.00 , 122.437776946713
 180.00 , 128.435073244823
lambdaSRG= 2.236 lambdaCut= 500 onebody=Odelta0 twobody=Odelta0
----------------------------------------
  theta |  Cross Section
   1.00 , 207.117271867329
  40.00 , 153.905910305156
  55.00 , 122.586152851079
  75.00 ,  91.624751163712
  90.00 ,  81.649197572144
 110.00 ,  85.187660121609
 125.00 ,  96.061855627435
 145.00 , 113.362522998905
 159.00 , 123.076977993552
 180.00 , 129.126823241290


Jerry experimental Data
  theta |        val |  uncertainty
----------------------------------------
  40.00 | 196.000000 |    11.661904
  55.00 | 176.000000 |    10.000000
  75.00 | 125.000000 |     8.062258
  90.00 | 135.000000 |     8.062258
 110.00 | 138.000000 |     9.433981
 125.00 | 177.000000 |    10.816654
 145.00 | 178.000000 |    10.816654
 159.00 | 193.000000 |    10.000000
AlphaOffset= -2
BetaOffset= 2
