lambdaSRG= 1.88 lambdaCut= 450 onebody=Odelta3 twobody=Odelta2
----------------------------------------
  theta |  Cross Section
   1.00 , 212.592495344361
  40.00 , 155.269759049978
  55.00 , 122.552365600089
  75.00 ,  91.285387824892
  90.00 ,  81.521424610460
 110.00 ,  84.365178176361
 125.00 ,  93.521081385178
 145.00 , 107.573602716249
 159.00 , 115.227907218555
 180.00 , 119.917362028836
lambdaSRG= 1.88 lambdaCut= 500 onebody=Odelta3 twobody=Odelta2
----------------------------------------
  theta |  Cross Section
   1.00 , 223.946542569764
  40.00 , 163.702713598334
  55.00 , 129.268228323057
  75.00 ,  96.315291347673
  90.00 ,  86.024284459861
 110.00 ,  89.096812372201
 125.00 ,  98.872529733483
 145.00 , 113.894122230830
 159.00 , 122.087750398680
 180.00 , 127.111937969239
lambdaSRG= 2.236 lambdaCut= 450 onebody=Odelta3 twobody=Odelta2
----------------------------------------
  theta |  Cross Section
   1.00 , 207.900480741987
  40.00 , 152.346769906002
  55.00 , 120.574217264572
  75.00 ,  90.218034985491
  90.00 ,  80.867081110128
 110.00 ,  84.080772809968
 125.00 ,  93.482597902905
 145.00 , 107.850231137555
 159.00 , 115.679239254615
 180.00 , 120.479407273821
lambdaSRG= 2.236 lambdaCut= 500 onebody=Odelta3 twobody=Odelta2
----------------------------------------
  theta |  Cross Section
   1.00 , 218.713758523560
  40.00 , 160.416418873430
  55.00 , 127.022805121355
  75.00 ,  95.070391639962
  90.00 ,  85.226071800594
 110.00 ,  88.683701064553
 125.00 ,  98.707099440891
 145.00 , 114.044392621806
 159.00 , 122.413698270388
 180.00 , 127.549425194512


Jerry experimental Data
  theta |        val |  uncertainty
----------------------------------------
  40.00 | 203.000000 |    20.591260
  55.00 | 147.000000 |    13.038405
  75.00 | 140.000000 |    13.892444
  90.00 | 159.000000 |    15.264338
 110.00 | 146.000000 |    21.189620
 145.00 | 167.000000 |    19.697716
 159.00 | 172.000000 |    15.000000
AlphaOffset= 2
BetaOffset= 0
