lambdaSRG= 1.88 lambdaCut= 450 onebody=Odelta3 twobody=Odelta2
----------------------------------------
  theta |  Cross Section
   1.00 , 316.732820582097
  40.00 , 239.959987039729
  55.00 , 193.869319976753
  75.00 , 147.497719214851
  90.00 , 132.631876664253
 110.00 , 139.757395032783
 125.00 , 159.071913718476
 145.00 , 190.177525034176
 159.00 , 207.912643889251
 180.00 , 219.055961145687
lambdaSRG= 1.88 lambdaCut= 500 onebody=Odelta3 twobody=Odelta2
----------------------------------------
  theta |  Cross Section
   1.00 , 330.840196028669
  40.00 , 250.792046767622
  55.00 , 202.703211660445
  75.00 , 154.304607876637
  90.00 , 138.817983374306
 110.00 , 146.403045845384
 125.00 , 166.763214535496
 145.00 , 199.550456162463
 159.00 , 218.252449084991
 180.00 , 230.006740271651
lambdaSRG= 2.236 lambdaCut= 450 onebody=Odelta3 twobody=Odelta2
----------------------------------------
  theta |  Cross Section
   1.00 , 311.194520853340
  40.00 , 236.160203206076
  55.00 , 191.057898567669
  75.00 , 145.673168178064
  90.00 , 131.219889822913
 110.00 , 138.588532719986
 125.00 , 157.988735980192
 145.00 , 189.195759515452
 159.00 , 206.998120659868
 180.00 , 218.189196840753
lambdaSRG= 2.236 lambdaCut= 500 onebody=Odelta3 twobody=Odelta2
----------------------------------------
  theta |  Cross Section
   1.00 , 324.708113100311
  40.00 , 246.564258604407
  55.00 , 199.559319809547
  75.00 , 152.241300730655
  90.00 , 137.200460243730
 110.00 , 145.031194354846
 125.00 , 165.461558016225
 145.00 , 198.325289509143
 159.00 , 217.081286410780
 180.00 , 228.875477438002


Jerry experimental Data
  theta |        val |  uncertainty
----------------------------------------
  40.00 | 196.000000 |    11.661904
  55.00 | 176.000000 |    10.000000
  75.00 | 125.000000 |     8.062258
  90.00 | 135.000000 |     8.062258
 110.00 | 138.000000 |     9.433981
 125.00 | 177.000000 |    10.816654
 145.00 | 178.000000 |    10.816654
 159.00 | 193.000000 |    10.000000
AlphaOffset= 2
BetaOffset= 0
