lambdaSRG= 1.88 lambdaCut= 450 onebody=Odelta0 twobody=Odelta0
----------------------------------------
  theta |  Cross Section
   1.00 , 226.053536597673
  40.00 , 154.872490593990
  55.00 , 114.285450046572
  75.00 ,  73.278193263422
  90.00 ,  56.167255596331
 110.00 ,  48.189054700583
 125.00 ,  48.782483233741
 145.00 ,  52.559973408054
 159.00 ,  55.028471094345
 180.00 ,  56.601118732158
lambdaSRG= 1.88 lambdaCut= 500 onebody=Odelta0 twobody=Odelta0
----------------------------------------
  theta |  Cross Section
   1.00 , 226.052898777813
  40.00 , 155.066971235292
  55.00 , 114.544385028914
  75.00 ,  73.561428673142
  90.00 ,  56.455445596103
 110.00 ,  48.513582339807
 125.00 ,  49.161771675721
 145.00 ,  53.024552354746
 159.00 ,  55.541383400954
 180.00 ,  57.144286796336
lambdaSRG= 2.236 lambdaCut= 450 onebody=Odelta0 twobody=Odelta0
----------------------------------------
  theta |  Cross Section
   1.00 , 226.031518857844
  40.00 , 155.527342069102
  55.00 , 115.168057100565
  75.00 ,  74.253693495614
  90.00 ,  57.166790452797
 110.00 ,  49.325015348737
 125.00 ,  50.118851592436
 145.00 ,  54.208935841386
 159.00 ,  56.855538604037
 180.00 ,  58.540106278048
lambdaSRG= 2.236 lambdaCut= 500 onebody=Odelta0 twobody=Odelta0
----------------------------------------
  theta |  Cross Section
   1.00 , 226.029084485703
  40.00 , 155.739422862732
  55.00 , 115.451181290105
  75.00 ,  74.563782004455
  90.00 ,  57.482403880588
 110.00 ,  49.680343916216
 125.00 ,  50.533952062555
 145.00 ,  54.717015863768
 159.00 ,  57.416243715872
 180.00 ,  59.133732579703


Jerry experimental Data
  theta |        val |  uncertainty
----------------------------------------
  40.00 | 203.000000 |    20.591260
  55.00 | 147.000000 |    13.038405
  75.00 | 140.000000 |    13.892444
  90.00 | 159.000000 |    15.264338
 110.00 | 146.000000 |    21.189620
 145.00 | 167.000000 |    19.697716
 159.00 | 172.000000 |    15.000000
AlphaOffset= 0
BetaOffset= -2
