lambdaSRG= 1.88 lambdaCut= 450 onebody=Odelta3 twobody=Odelta4
----------------------------------------
  theta |  Cross Section
   1.00 , 192.161936207044
  40.00 , 144.059687661749
  55.00 , 117.023924588496
  75.00 ,  92.310464006977
  90.00 ,  86.126606613320
 110.00 ,  92.111370629511
 125.00 , 102.766275205506
 145.00 , 118.099931590433
 159.00 , 126.308632404179
 180.00 , 131.299207967286
lambdaSRG= 1.88 lambdaCut= 500 onebody=Odelta3 twobody=Odelta4
----------------------------------------
  theta |  Cross Section
   1.00 , 203.294965481850
  40.00 , 152.652629205631
  55.00 , 124.106185426759
  75.00 ,  97.894030902683
  90.00 ,  91.245332223324
 110.00 ,  97.481718000810
 125.00 , 108.760203851287
 145.00 , 125.077718345683
 159.00 , 133.822053681771
 180.00 , 139.152280054299
lambdaSRG= 2.236 lambdaCut= 450 onebody=Odelta3 twobody=Odelta4
----------------------------------------
  theta |  Cross Section
   1.00 , 187.710425130401
  40.00 , 141.161875168865
  55.00 , 114.984855442908
  75.00 ,  91.152844830838
  90.00 ,  85.414490167226
 110.00 ,  91.838487211150
 125.00 , 102.781772075036
 145.00 , 118.473522227068
 159.00 , 126.866410773603
 180.00 , 131.978921570624
lambdaSRG= 2.236 lambdaCut= 500 onebody=Odelta3 twobody=Odelta4
----------------------------------------
  theta |  Cross Section
   1.00 , 198.325447874491
  40.00 , 149.396456232509
  55.00 , 121.797723486502
  75.00 ,  96.554000119672
  90.00 ,  90.385500411570
 110.00 ,  97.076082583897
 125.00 , 108.644637545523
 145.00 , 125.319325826094
 159.00 , 134.237484937375
 180.00 , 139.690133388690


Jerry experimental Data
  theta |        val |  uncertainty
----------------------------------------
  40.00 | 203.000000 |    20.591260
  55.00 | 147.000000 |    13.038405
  75.00 | 140.000000 |    13.892444
  90.00 | 159.000000 |    15.264338
 110.00 | 146.000000 |    21.189620
 145.00 | 167.000000 |    19.697716
 159.00 | 172.000000 |    15.000000
AlphaOffset= 2
BetaOffset= 2
