lambdaSRG= 1.88 lambdaCut= 450 onebody=Odelta0 twobody=Odelta0
----------------------------------------
  theta |  Cross Section
   1.00 , 205.216807970137
  40.00 , 140.576401022383
  55.00 , 103.690350688969
  75.00 ,  66.371984261677
  90.00 ,  50.753287484342
 110.00 ,  43.398649500722
 125.00 ,  43.867165312974
 145.00 ,  47.229489986450
 159.00 ,  49.442250881954
 180.00 ,  50.854490500716
lambdaSRG= 1.88 lambdaCut= 500 onebody=Odelta0 twobody=Odelta0
----------------------------------------
  theta |  Cross Section
   1.00 , 205.216228942010
  40.00 , 140.752929394322
  55.00 , 103.925280499490
  75.00 ,  66.628525741743
  90.00 ,  51.013698817480
 110.00 ,  43.690916310176
 125.00 ,  44.208236691114
 145.00 ,  47.646952654103
 159.00 ,  49.903094849439
 180.00 ,  51.342511511232
lambdaSRG= 2.236 lambdaCut= 450 onebody=Odelta0 twobody=Odelta0
----------------------------------------
  theta |  Cross Section
   1.00 , 205.196819739231
  40.00 , 141.170803961358
  55.00 , 104.491133596257
  75.00 ,  67.255547067676
  90.00 ,  51.656477063079
 110.00 ,  44.421685920967
 125.00 ,  45.068881335280
 145.00 ,  48.711219326921
 159.00 ,  51.083843468409
 180.00 ,  52.596615496514
lambdaSRG= 2.236 lambdaCut= 500 onebody=Odelta0 twobody=Odelta0
----------------------------------------
  theta |  Cross Section
   1.00 , 205.194609757969
  40.00 , 141.363307837159
  55.00 , 104.748010097072
  75.00 ,  67.536410837809
  90.00 ,  51.941668476911
 110.00 ,  44.741691782327
 125.00 ,  45.442156325340
 145.00 ,  49.167771314555
 159.00 ,  51.587628550183
 180.00 ,  53.129971793964


Jerry experimental Data
  theta |        val |  uncertainty
----------------------------------------
  40.00 | 203.000000 |    20.591260
  55.00 | 147.000000 |    13.038405
  75.00 | 140.000000 |    13.892444
  90.00 | 159.000000 |    15.264338
 110.00 | 146.000000 |    21.189620
 145.00 | 167.000000 |    19.697716
 159.00 | 172.000000 |    15.000000
AlphaOffset= 2
BetaOffset= -2
