lambdaSRG= 1.88 lambdaCut= 450 onebody=Odelta3 twobody=Odelta2
----------------------------------------
  theta |  Cross Section
   1.00 , 329.176162553547
  40.00 , 249.596554014826
  55.00 , 202.355690043081
  75.00 , 155.989307803371
  90.00 , 142.569427012415
 110.00 , 153.157616347477
 125.00 , 175.597583024199
 145.00 , 210.542024949846
 159.00 , 230.213677646351
 180.00 , 242.517196436839
lambdaSRG= 1.88 lambdaCut= 500 onebody=Odelta3 twobody=Odelta2
----------------------------------------
  theta |  Cross Section
   1.00 , 343.558050767448
  40.00 , 260.647741319040
  55.00 , 211.386496320599
  75.00 , 162.998571053326
  90.00 , 148.997636305842
 110.00 , 160.140699994869
 125.00 , 183.715117106140
 145.00 , 220.453905971697
 159.00 , 241.150771777257
 180.00 , 254.100679084574
lambdaSRG= 2.236 lambdaCut= 450 onebody=Odelta3 twobody=Odelta2
----------------------------------------
  theta |  Cross Section
   1.00 , 323.529132771463
  40.00 , 245.730910645893
  55.00 , 199.499428721280
  75.00 , 154.141163515467
  90.00 , 141.150046602909
 110.00 , 152.014351623160
 125.00 , 174.575290389389
 145.00 , 209.673201440110
 159.00 , 229.442023806510
 180.00 , 241.812403119980
lambdaSRG= 2.236 lambdaCut= 500 onebody=Odelta3 twobody=Odelta2
----------------------------------------
  theta |  Cross Section
   1.00 , 337.308135981296
  40.00 , 256.347829122220
  55.00 , 208.192770884644
  75.00 , 160.907464556403
  90.00 , 147.368561794004
 110.00 , 158.790275237867
 125.00 , 182.470448295992
 145.00 , 219.338523439011
 159.00 , 240.119859247945
 180.00 , 253.129143025006


Jerry experimental Data
  theta |        val |  uncertainty
----------------------------------------
  40.00 | 196.000000 |    11.661904
  55.00 | 176.000000 |    10.000000
  75.00 | 125.000000 |     8.062258
  90.00 | 135.000000 |     8.062258
 110.00 | 138.000000 |     9.433981
 125.00 | 177.000000 |    10.816654
 145.00 | 178.000000 |    10.816654
 159.00 | 193.000000 |    10.000000
AlphaOffset= -2
BetaOffset= 2
