lambdaSRG= 1.88 lambdaCut= 450 onebody=Odelta0 twobody=Odelta0
----------------------------------------
  theta |  Cross Section
   1.00 , 217.250371943456
  40.00 , 160.712168646462
  55.00 , 127.076154368514
  75.00 ,  92.911050673358
  90.00 ,  80.666200819674
 110.00 ,  81.490885664684
 125.00 ,  90.619147786410
 145.00 , 106.091663044426
 159.00 , 114.952241631492
 180.00 , 120.504224052426
lambdaSRG= 1.88 lambdaCut= 500 onebody=Odelta0 twobody=Odelta0
----------------------------------------
  theta |  Cross Section
   1.00 , 217.249689910299
  40.00 , 160.810816794082
  55.00 , 127.217913695563
  75.00 ,  93.089816681201
  90.00 ,  80.874098731299
 110.00 ,  81.769974781154
 125.00 ,  90.980545336616
 145.00 , 106.577181252474
 159.00 , 115.509437044367
 180.00 , 121.107162223983
lambdaSRG= 2.236 lambdaCut= 450 onebody=Odelta0 twobody=Odelta0
----------------------------------------
  theta |  Cross Section
   1.00 , 217.228918628479
  40.00 , 161.036475928067
  55.00 , 127.552000254530
  75.00 ,  93.518465329173
  90.00 ,  81.376549185407
 110.00 ,  82.449690210286
 125.00 ,  91.864742658015
 145.00 , 107.770463718470
 159.00 , 116.881750461687
 180.00 , 122.593908378539
lambdaSRG= 2.236 lambdaCut= 500 onebody=Odelta0 twobody=Odelta0
----------------------------------------
  theta |  Cross Section
   1.00 , 217.226475521368
  40.00 , 161.143383603425
  55.00 , 127.706457109011
  75.00 ,  93.713801370407
  90.00 ,  81.603954947046
 110.00 ,  82.755178376269
 125.00 ,  92.260434668809
 145.00 , 108.302134107252
 159.00 , 117.491945608271
 180.00 , 123.254197920524


Jerry experimental Data
  theta |        val |  uncertainty
----------------------------------------
  40.00 | 196.000000 |    11.661904
  55.00 | 176.000000 |    10.000000
  75.00 | 125.000000 |     8.062258
  90.00 | 135.000000 |     8.062258
 110.00 | 138.000000 |     9.433981
 125.00 | 177.000000 |    10.816654
 145.00 | 178.000000 |    10.816654
 159.00 | 193.000000 |    10.000000
AlphaOffset= -2
BetaOffset= 0
