lambdaSRG= 1.88 lambdaCut= 450 onebody=Odelta3 twobody=Odelta4
----------------------------------------
  theta |  Cross Section
   1.00 , 332.565005504724
  40.00 , 255.913346976897
  55.00 , 210.236315794696
  75.00 , 165.211483969077
  90.00 , 152.122375042254
 110.00 , 162.575540948976
 125.00 , 184.794064382242
 145.00 , 219.569833799329
 159.00 , 239.216707897236
 180.00 , 251.539198264113
lambdaSRG= 1.88 lambdaCut= 500 onebody=Odelta3 twobody=Odelta4
----------------------------------------
  theta |  Cross Section
   1.00 , 347.978874658193
  40.00 , 268.328468460717
  55.00 , 220.796163079101
  75.00 , 173.870352616258
  90.00 , 160.189496591318
 110.00 , 171.092549824092
 125.00 , 194.349433220996
 145.00 , 230.794162164655
 159.00 , 251.416814654678
 180.00 , 264.356727953803
lambdaSRG= 2.236 lambdaCut= 450 onebody=Odelta3 twobody=Odelta4
----------------------------------------
  theta |  Cross Section
   1.00 , 326.776729081149
  40.00 , 251.813154161543
  55.00 , 207.107152567324
  75.00 , 163.076222328014
  90.00 , 150.428256371497
 110.00 , 161.182695416591
 125.00 , 183.532443263328
 145.00 , 218.455960676202
 159.00 , 238.198749435966
 180.00 , 250.580315186975
lambdaSRG= 2.236 lambdaCut= 500 onebody=Odelta3 twobody=Odelta4
----------------------------------------
  theta |  Cross Section
   1.00 , 341.571863819145
  40.00 , 263.768461589066
  55.00 , 217.302141118228
  75.00 , 171.461132722263
  90.00 , 158.259021072566
 110.00 , 169.467118260419
 125.00 , 192.840875238948
 145.00 , 229.410443047354
 159.00 , 250.111951501411
 180.00 , 263.099021171239


Jerry experimental Data
  theta |        val |  uncertainty
----------------------------------------
  40.00 | 196.000000 |    11.661904
  55.00 | 176.000000 |    10.000000
  75.00 | 125.000000 |     8.062258
  90.00 | 135.000000 |     8.062258
 110.00 | 138.000000 |     9.433981
 125.00 | 177.000000 |    10.816654
 145.00 | 178.000000 |    10.816654
 159.00 | 193.000000 |    10.000000
AlphaOffset= -2
BetaOffset= 2
