lambdaSRG= 1.88 lambdaCut= 450 onebody=Odelta0 twobody=Odelta0
----------------------------------------
  theta |  Cross Section
   1.00 , 226.053536833359
  40.00 , 155.354497643780
  55.00 , 115.709487389199
  75.00 ,  76.836544586797
  90.00 ,  61.718735412460
 110.00 ,  56.363608550267
 125.00 ,  58.603848395571
 145.00 ,  63.952121022027
 159.00 ,  67.082045934967
 180.00 ,  69.017008704034
lambdaSRG= 1.88 lambdaCut= 500 onebody=Odelta0 twobody=Odelta0
----------------------------------------
  theta |  Cross Section
   1.00 , 226.052899013498
  40.00 , 155.549583563913
  55.00 , 115.971648793487
  75.00 ,  77.133533762135
  90.00 ,  62.035409641165
 110.00 ,  56.743187459514
 125.00 ,  59.059498884815
 145.00 ,  64.517395452294
 159.00 ,  67.707307844452
 180.00 ,  69.679324853481
lambdaSRG= 2.236 lambdaCut= 450 onebody=Odelta0 twobody=Odelta0
----------------------------------------
  theta |  Cross Section
   1.00 , 226.031519093506
  40.00 , 156.011387202133
  55.00 , 116.603092040901
  75.00 ,  77.859414607839
  90.00 ,  62.817062661795
 110.00 ,  57.692267966785
 125.00 ,  60.209267462049
 145.00 ,  65.958488952971
 159.00 ,  69.309318911556
 180.00 ,  71.381328055475
lambdaSRG= 2.236 lambdaCut= 500 onebody=Odelta0 twobody=Odelta0
----------------------------------------
  theta |  Cross Section
   1.00 , 226.029084721363
  40.00 , 156.224128051252
  55.00 , 116.889744058511
  75.00 ,  78.184560854960
  90.00 ,  63.163870805358
 110.00 ,  58.107872722025
 125.00 ,  60.707940006110
 145.00 ,  66.576693129522
 159.00 ,  69.992842282641
 180.00 ,  72.105170844204


Jerry experimental Data
  theta |        val |  uncertainty
----------------------------------------
  40.00 | 203.000000 |    20.591260
  55.00 | 147.000000 |    13.038405
  75.00 | 140.000000 |    13.892444
  90.00 | 159.000000 |    15.264338
 110.00 | 146.000000 |    21.189620
 145.00 | 167.000000 |    19.697716
 159.00 | 172.000000 |    15.000000
AlphaOffset= -2
BetaOffset= 0
