lambdaSRG= 1.88 lambdaCut= 450 onebody=Odelta0 twobody=Odelta0
----------------------------------------
  theta |  Cross Section
   1.00 , 205.216808441525
  40.00 , 141.540415138655
  55.00 , 106.538425393699
  75.00 ,  73.488686920117
  90.00 ,  61.856247116600
 110.00 ,  59.747757184645
 125.00 ,  63.509895614214
 145.00 ,  70.013785191824
 159.00 ,  73.549400546691
 180.00 ,  75.686270444467
lambdaSRG= 1.88 lambdaCut= 500 onebody=Odelta0 twobody=Odelta0
----------------------------------------
  theta |  Cross Section
   1.00 , 205.216229413397
  40.00 , 141.718154068279
  55.00 , 106.779808048157
  75.00 ,  73.772735931462
  90.00 ,  62.173626907604
 110.00 ,  60.150126534044
 125.00 ,  64.003691086708
 145.00 ,  70.632638826429
 159.00 ,  74.234943719777
 180.00 ,  76.412587625522
lambdaSRG= 2.236 lambdaCut= 450 onebody=Odelta0 twobody=Odelta0
----------------------------------------
  theta |  Cross Section
   1.00 , 205.196820210574
  40.00 , 142.138894244183
  55.00 , 107.361203496559
  75.00 ,  74.466989303970
  90.00 ,  62.957021481074
 110.00 ,  61.156191141255
 125.00 ,  65.249713051472
 145.00 ,  72.210325526812
 159.00 ,  75.991404066392
 180.00 ,  78.279059051368
lambdaSRG= 2.236 lambdaCut= 500 onebody=Odelta0 twobody=Odelta0
----------------------------------------
  theta |  Cross Section
   1.00 , 205.194610229306
  40.00 , 142.332718230987
  55.00 , 107.625135653559
  75.00 ,  74.777968550713
  90.00 ,  63.304602326452
 110.00 ,  61.596749378024
 125.00 ,  65.790132189226
 145.00 ,  72.887125822564
 159.00 ,  76.740825666498
 180.00 ,  79.072848322966


Jerry experimental Data
  theta |        val |  uncertainty
----------------------------------------
  40.00 | 203.000000 |    20.591260
  55.00 | 147.000000 |    13.038405
  75.00 | 140.000000 |    13.892444
  90.00 | 159.000000 |    15.264338
 110.00 | 146.000000 |    21.189620
 145.00 | 167.000000 |    19.697716
 159.00 | 172.000000 |    15.000000
AlphaOffset= -2
BetaOffset= 2
