lambdaSRG= 1.88 lambdaCut= 450 onebody=Odelta3 twobody=Odelta4
----------------------------------------
  theta |  Cross Section
   1.00 , 278.524783223263
  40.00 , 203.936596830890
  55.00 , 160.213877187065
  75.00 , 115.982895528123
  90.00 ,  99.305169712442
 110.00 ,  96.964434018003
 125.00 , 104.601998459028
 145.00 , 118.401130242241
 159.00 , 126.349880982521
 180.00 , 131.299207967285
lambdaSRG= 1.88 lambdaCut= 500 onebody=Odelta3 twobody=Odelta4
----------------------------------------
  theta |  Cross Section
   1.00 , 291.872715193044
  40.00 , 214.159052447249
  55.00 , 168.526882848207
  75.00 , 122.290229714112
  90.00 , 104.849351100164
 110.00 , 102.502166080759
 125.00 , 110.662141339783
 145.00 , 125.390352177767
 159.00 , 133.865044564488
 180.00 , 139.152280054299
lambdaSRG= 2.236 lambdaCut= 450 onebody=Odelta3 twobody=Odelta4
----------------------------------------
  theta |  Cross Section
   1.00 , 273.156003234284
  40.00 , 200.628648358951
  55.00 , 158.010364055486
  75.00 , 114.850873228995
  90.00 ,  98.660130004908
 110.00 ,  96.742039445051
 125.00 , 104.644003956540
 145.00 , 118.780846080966
 159.00 , 126.908883292198
 180.00 , 131.978921570624
lambdaSRG= 2.236 lambdaCut= 500 onebody=Odelta3 twobody=Odelta4
----------------------------------------
  theta |  Cross Section
   1.00 , 285.906394513583
  40.00 , 210.448477072452
  55.00 , 166.028550906010
  75.00 , 120.967854817607
  90.00 , 104.054688920097
 110.00 , 102.147843513283
 125.00 , 110.573880411270
 145.00 , 125.638400778861
 159.00 , 134.281845605731
 180.00 , 139.690133388690


Jerry experimental Data
  theta |        val |  uncertainty
----------------------------------------
  40.00 | 203.000000 |    20.591260
  55.00 | 147.000000 |    13.038405
  75.00 | 140.000000 |    13.892444
  90.00 | 159.000000 |    15.264338
 110.00 | 146.000000 |    21.189620
 145.00 | 167.000000 |    19.697716
 159.00 | 172.000000 |    15.000000
AlphaOffset= -2
BetaOffset= -2
