lambdaSRG= 1.88 lambdaCut= 450 onebody=Odelta3 twobody=Odelta4
----------------------------------------
  theta |  Cross Section
   1.00 , 320.121648349265
  40.00 , 246.267765483343
  55.00 , 201.746970732466
  75.00 , 156.740648270444
  90.00 , 142.228350603822
 110.00 , 149.241127703496
 125.00 , 168.338877837782
 145.00 , 199.267682101021
 159.00 , 216.969289011811
 180.00 , 228.124423281872
lambdaSRG= 1.88 lambdaCut= 500 onebody=Odelta3 twobody=Odelta4
----------------------------------------
  theta |  Cross Section
   1.00 , 335.261004309884
  40.00 , 258.463131932758
  55.00 , 212.109730950869
  75.00 , 165.198689428031
  90.00 , 150.056621847040
 110.00 , 157.425658303092
 125.00 , 177.473044896826
 145.00 , 209.958191489172
 159.00 , 228.576587839292
 180.00 , 240.313318946931
lambdaSRG= 2.236 lambdaCut= 450 onebody=Odelta3 twobody=Odelta4
----------------------------------------
  theta |  Cross Section
   1.00 , 314.442110056471
  40.00 , 242.233693303094
  55.00 , 198.662878179366
  75.00 , 154.629136832941
  90.00 , 140.542040936545
 110.00 , 147.824052663787
 125.00 , 167.018990773236
 145.00 , 198.045348712002
 159.00 , 215.813626521845
 180.00 , 227.009443362665
lambdaSRG= 2.236 lambdaCut= 500 onebody=Odelta3 twobody=Odelta4
----------------------------------------
  theta |  Cross Section
   1.00 , 328.971821364799
  40.00 , 253.975530608429
  55.00 , 208.665797667042
  75.00 , 162.817444751825
  90.00 , 148.138191920867
 110.00 , 155.780450214398
 125.00 , 175.910386220365
 145.00 , 208.469621476230
 159.00 , 227.137257449243
 180.00 , 238.902597893678


Jerry experimental Data
  theta |        val |  uncertainty
----------------------------------------
  40.00 | 196.000000 |    11.661904
  55.00 | 176.000000 |    10.000000
  75.00 | 125.000000 |     8.062258
  90.00 | 135.000000 |     8.062258
 110.00 | 138.000000 |     9.433981
 125.00 | 177.000000 |    10.816654
 145.00 | 178.000000 |    10.816654
 159.00 | 193.000000 |    10.000000
AlphaOffset= 2
BetaOffset= 0
