lambdaSRG= 1.88 lambdaCut= 450 onebody=Odelta3 twobody=Odelta2
----------------------------------------
  theta |  Cross Section
   1.00 , 329.176162256404
  40.00 , 248.935531988037
  55.00 , 200.264550232855
  75.00 , 150.155605253531
  90.00 , 132.620501021346
 110.00 , 136.711673754736
 125.00 , 154.255927287298
 145.00 , 183.707807884538
 159.00 , 200.744795673757
 180.00 , 211.502786782068
lambdaSRG= 1.88 lambdaCut= 500 onebody=Odelta3 twobody=Odelta2
----------------------------------------
  theta |  Cross Section
   1.00 , 343.558050463870
  40.00 , 259.972136621279
  55.00 , 209.248027589542
  75.00 , 157.027422467484
  90.00 , 138.806800703380
 110.00 , 143.278670268537
 125.00 , 161.819444598569
 145.00 , 192.904507428335
 159.00 , 210.887050766433
 180.00 , 222.244001845988
lambdaSRG= 2.236 lambdaCut= 450 onebody=Odelta3 twobody=Odelta2
----------------------------------------
  theta |  Cross Section
   1.00 , 323.529132476885
  40.00 , 245.074471362550
  55.00 , 197.419538479739
  75.00 , 148.324200530635
  90.00 , 131.209402405859
 110.00 , 135.538438306647
 125.00 , 153.156892612042
 145.00 , 182.692555834081
 159.00 , 199.786995048146
 180.00 , 210.586666357164
lambdaSRG= 2.236 lambdaCut= 500 onebody=Odelta3 twobody=Odelta2
----------------------------------------
  theta |  Cross Section
   1.00 , 337.308135681046
  40.00 , 255.677274383795
  55.00 , 206.066888180216
  75.00 , 154.956137191335
  90.00 , 137.190368691252
 110.00 , 141.903556786421
 125.00 , 160.503212068655
 145.00 , 191.647000399730
 159.00 , 209.673600622188
 180.00 , 221.064258149540


Jerry experimental Data
  theta |        val |  uncertainty
----------------------------------------
  40.00 | 196.000000 |    11.661904
  55.00 | 176.000000 |    10.000000
  75.00 | 125.000000 |     8.062258
  90.00 | 135.000000 |     8.062258
 110.00 | 138.000000 |     9.433981
 125.00 | 177.000000 |    10.816654
 145.00 | 178.000000 |    10.816654
 159.00 | 193.000000 |    10.000000
AlphaOffset= 2
BetaOffset= -2
