lambdaSRG= 1.88 lambdaCut= 450 onebody=Odelta3 twobody=Odelta2
----------------------------------------
  theta |  Cross Section
   1.00 , 316.732820730670
  40.00 , 240.290498055272
  55.00 , 194.914889884527
  75.00 , 150.414570491529
  90.00 , 137.606339659788
 110.00 , 147.980366326376
 125.00 , 169.742741582613
 145.00 , 203.594633562172
 159.00 , 222.647084872029
 180.00 , 234.563165973072
lambdaSRG= 1.88 lambdaCut= 500 onebody=Odelta3 twobody=Odelta2
----------------------------------------
  theta |  Cross Section
   1.00 , 330.840196180460
  40.00 , 251.129849118652
  55.00 , 203.772446028638
  75.00 , 157.290182171320
  90.00 , 143.913401175537
 110.00 , 154.834060705763
 125.00 , 177.711050784951
 145.00 , 213.325155429464
 159.00 , 233.384309586867
 180.00 , 245.935078890944
lambdaSRG= 2.236 lambdaCut= 450 onebody=Odelta3 twobody=Odelta2
----------------------------------------
  theta |  Cross Section
   1.00 , 311.194521000631
  40.00 , 236.488422849900
  55.00 , 192.097843691111
  75.00 , 148.581649672251
  90.00 , 136.190211921437
 110.00 , 146.826489375431
 125.00 , 168.697934864493
 145.00 , 202.686082313735
 159.00 , 221.825635035471
 180.00 , 233.802065222161
lambdaSRG= 2.236 lambdaCut= 500 onebody=Odelta3 twobody=Odelta2
----------------------------------------
  theta |  Cross Section
   1.00 , 324.708113250438
  40.00 , 246.899535975774
  55.00 , 200.622261164436
  75.00 , 155.216964414963
  90.00 , 142.289556795107
 110.00 , 153.474553577748
 125.00 , 176.445176125502
 145.00 , 212.171051024028
 159.00 , 232.304415720062
 180.00 , 244.907919875734


Jerry experimental Data
  theta |        val |  uncertainty
----------------------------------------
  40.00 | 196.000000 |    11.661904
  55.00 | 176.000000 |    10.000000
  75.00 | 125.000000 |     8.062258
  90.00 | 135.000000 |     8.062258
 110.00 | 138.000000 |     9.433981
 125.00 | 177.000000 |    10.816654
 145.00 | 178.000000 |    10.816654
 159.00 | 193.000000 |    10.000000
AlphaOffset= 0
BetaOffset= 2
