lambdaSRG= 1.88 lambdaCut= 450 onebody=Odelta3 twobody=Odelta2
----------------------------------------
  theta |  Cross Section
   1.00 , 233.679508082420
  40.00 , 170.138858462290
  55.00 , 133.906673302503
  75.00 ,  99.227221554694
  90.00 ,  88.238822532923
 110.00 ,  90.915044563419
 125.00 , 100.573899051417
 145.00 , 115.495727329096
 159.00 , 123.632799055604
 180.00 , 128.618144638878
lambdaSRG= 1.88 lambdaCut= 500 onebody=Odelta3 twobody=Odelta2
----------------------------------------
  theta |  Cross Section
   1.00 , 245.587274866088
  40.00 , 178.982754893543
  55.00 , 140.947622597366
  75.00 , 104.494341664084
  90.00 ,  92.947056438749
 110.00 ,  95.853088072195
 125.00 , 106.153627685655
 145.00 , 122.081360989876
 159.00 , 130.778595522250
 180.00 , 136.111638398826
lambdaSRG= 2.236 lambdaCut= 450 onebody=Odelta3 twobody=Odelta2
----------------------------------------
  theta |  Cross Section
   1.00 , 228.758254006467
  40.00 , 167.110823012456
  55.00 , 131.883284865488
  75.00 ,  98.167564321345
  90.00 ,  87.617856812448
 110.00 ,  90.696931810190
 125.00 , 100.630637795828
 145.00 , 115.906947254863
 159.00 , 124.240320741922
 180.00 , 129.349854008368
lambdaSRG= 2.236 lambdaCut= 500 onebody=Odelta3 twobody=Odelta2
----------------------------------------
  theta |  Cross Section
   1.00 , 240.105330519916
  40.00 , 175.580057435821
  55.00 , 138.649907004579
  75.00 , 103.253893659811
  90.00 ,  92.180527036496
 110.00 ,  95.505893294813
 125.00 , 106.083955181780
 145.00 , 122.367967240994
 159.00 , 131.263154372488
 180.00 , 136.721635925043


Jerry experimental Data
  theta |        val |  uncertainty
----------------------------------------
  40.00 | 203.000000 |    20.591260
  55.00 | 147.000000 |    13.038405
  75.00 | 140.000000 |    13.892444
  90.00 | 159.000000 |    15.264338
 110.00 | 146.000000 |    21.189620
 145.00 | 167.000000 |    19.697716
 159.00 | 172.000000 |    15.000000
AlphaOffset= 0
BetaOffset= 0
