lambdaSRG= 1.88 lambdaCut= 450 onebody=Odelta3 twobody=Odelta2
----------------------------------------
  theta |  Cross Section
   1.00 , 212.592495620769
  40.00 , 155.849324760578
  55.00 , 124.299570935329
  75.00 ,  95.793499745326
  90.00 ,  88.736587535914
 110.00 ,  95.343103404426
 125.00 , 106.998330379772
 145.00 , 123.560872492384
 159.00 , 132.318497485372
 180.00 , 137.626471751916
lambdaSRG= 1.88 lambdaCut= 500 onebody=Odelta3 twobody=Odelta2
----------------------------------------
  theta |  Cross Section
   1.00 , 223.946542852642
  40.00 , 164.296422291239
  55.00 , 131.059978986531
  75.00 , 100.946271456631
  90.00 ,  93.446340459478
 110.00 , 100.409702404125
 125.00 , 112.777427986011
 145.00 , 130.409015292087
 159.00 , 139.752368607206
 180.00 , 145.421834657393
lambdaSRG= 2.236 lambdaCut= 450 onebody=Odelta3 twobody=Odelta2
----------------------------------------
  theta |  Cross Section
   1.00 , 207.900481015580
  40.00 , 152.922500434547
  55.00 , 122.315262498990
  75.00 ,  94.732501503435
  90.00 ,  88.120902058785
 110.00 ,  95.173200695905
 125.00 , 107.145494016869
 145.00 , 124.113228002386
 159.00 , 133.091799325025
 180.00 , 138.538380814368
lambdaSRG= 2.236 lambdaCut= 500 onebody=Odelta3 twobody=Odelta2
----------------------------------------
  theta |  Cross Section
   1.00 , 218.713758802788
  40.00 , 161.005800784170
  55.00 , 128.807164102910
  75.00 ,  99.705563737747
  90.00 ,  92.684627450174
 110.00 , 100.110326679181
 125.00 , 112.798700890839
 145.00 , 130.838680707787
 159.00 , 140.405379992719
 180.00 , 146.215152219915


Jerry experimental Data
  theta |        val |  uncertainty
----------------------------------------
  40.00 | 203.000000 |    20.591260
  55.00 | 147.000000 |    13.038405
  75.00 | 140.000000 |    13.892444
  90.00 | 159.000000 |    15.264338
 110.00 | 146.000000 |    21.189620
 145.00 | 167.000000 |    19.697716
 159.00 | 172.000000 |    15.000000
AlphaOffset= 0
BetaOffset= 2
