lambdaSRG= 1.88 lambdaCut= 450 onebody=Odelta0 twobody=Odelta0
----------------------------------------
  theta |  Cross Section
   1.00 , 166.565281122290
  40.00 , 114.929531319024
  55.00 ,  86.612864896122
  75.00 ,  59.998306015278
  90.00 ,  50.753287945624
 110.00 ,  49.300542140598
 125.00 ,  52.516467898453
 145.00 ,  57.950254084020
 159.00 ,  60.885167675309
 180.00 ,  62.655291466598
lambdaSRG= 1.88 lambdaCut= 500 onebody=Odelta0 twobody=Odelta0
----------------------------------------
  theta |  Cross Section
   1.00 , 166.564811151124
  40.00 , 115.073853715272
  55.00 ,  86.809102480463
  75.00 ,  60.230211907467
  90.00 ,  51.013699281129
 110.00 ,  49.632555056243
 125.00 ,  52.924788425968
 145.00 ,  58.462477859208
 159.00 ,  61.452669391594
 180.00 ,  63.256557910419
lambdaSRG= 2.236 lambdaCut= 450 onebody=Odelta0 twobody=Odelta0
----------------------------------------
  theta |  Cross Section
   1.00 , 166.549057571535
  40.00 , 115.415490916041
  55.00 ,  87.281761291006
  75.00 ,  60.797020596554
  90.00 ,  51.656477532570
 110.00 ,  50.462703883599
 125.00 ,  53.955126641461
 145.00 ,  59.768325627639
 159.00 ,  62.906690524653
 180.00 ,  64.801677131035
lambdaSRG= 2.236 lambdaCut= 500 onebody=Odelta0 twobody=Odelta0
----------------------------------------
  theta |  Cross Section
   1.00 , 166.547263828840
  40.00 , 115.572874232602
  55.00 ,  87.496331012414
  75.00 ,  61.050913117871
  90.00 ,  51.941668948994
 110.00 ,  50.826228155315
 125.00 ,  54.402000377043
 145.00 ,  60.328511725214
 159.00 ,  63.527071648671
 180.00 ,  65.458798929783


Jerry experimental Data
  theta |        val |  uncertainty
----------------------------------------
  40.00 | 203.000000 |    20.591260
  55.00 | 147.000000 |    13.038405
  75.00 | 140.000000 |    13.892444
  90.00 | 159.000000 |    15.264338
 110.00 | 146.000000 |    21.189620
 145.00 | 167.000000 |    19.697716
 159.00 | 172.000000 |    15.000000
AlphaOffset= 2
BetaOffset= 2
