lambdaSRG= 1.88 lambdaCut= 450 onebody=Odelta0 twobody=Odelta0
----------------------------------------
  theta |  Cross Section
   1.00 , 197.270634080919
  40.00 , 146.186955976011
  55.00 , 116.188926161307
  75.00 ,  86.566016155992
  90.00 ,  76.956910310253
 110.00 ,  80.038476625955
 125.00 ,  90.049009797121
 145.00 , 105.996179316212
 159.00 , 114.939781945812
 180.00 , 120.504224052426
lambdaSRG= 1.88 lambdaCut= 500 onebody=Odelta0 twobody=Odelta0
----------------------------------------
  theta |  Cross Section
   1.00 , 197.270014771906
  40.00 , 146.276688275281
  55.00 , 116.318540281793
  75.00 ,  86.732573965971
  90.00 ,  77.155248409433
 110.00 ,  80.312591547433
 125.00 ,  90.408133584246
 145.00 , 106.481260552238
 159.00 , 115.496916964217
 180.00 , 121.107162223983
lambdaSRG= 2.236 lambdaCut= 450 onebody=Odelta0 twobody=Odelta0
----------------------------------------
  theta |  Cross Section
   1.00 , 197.251153750410
  40.00 , 146.481952270928
  55.00 , 116.624004030867
  75.00 ,  87.131949557105
  90.00 ,  77.634594580930
 110.00 ,  80.980192433631
 125.00 ,  91.286767903837
 145.00 , 107.673469050163
 159.00 , 116.869081636340
 180.00 , 122.593908378539
lambdaSRG= 2.236 lambdaCut= 500 onebody=Odelta0 twobody=Odelta0
----------------------------------------
  theta |  Cross Section
   1.00 , 197.248935327101
  40.00 , 146.579197599410
  55.00 , 116.765227820252
  75.00 ,  87.313945808130
  90.00 ,  77.851543496643
 110.00 ,  81.280235895340
 125.00 ,  91.679970385068
 145.00 , 108.204660929423
 159.00 , 117.479210643808
 180.00 , 123.254197920524


Jerry experimental Data
  theta |        val |  uncertainty
----------------------------------------
  40.00 | 196.000000 |    11.661904
  55.00 | 176.000000 |    10.000000
  75.00 | 125.000000 |     8.062258
  90.00 | 135.000000 |     8.062258
 110.00 | 138.000000 |     9.433981
 125.00 | 177.000000 |    10.816654
 145.00 | 178.000000 |    10.816654
 159.00 | 193.000000 |    10.000000
AlphaOffset= 0
BetaOffset= 2
