lambdaSRG= 1.88 lambdaCut= 450 onebody=Odelta3 twobody=Odelta2
----------------------------------------
  theta |  Cross Section
   1.00 , 354.785527087749
  40.00 , 268.057663993219
  55.00 , 215.491751184594
  75.00 , 161.401978718939
  90.00 , 142.457230606641
 110.00 , 146.754468519963
 125.00 , 165.518196797492
 145.00 , 197.023612463302
 159.00 , 215.241870547073
 180.00 , 226.742754209354
lambdaSRG= 1.88 lambdaCut= 500 onebody=Odelta3 twobody=Odelta2
----------------------------------------
  theta |  Cross Section
   1.00 , 369.716438554662
  40.00 , 279.518254168038
  55.00 , 224.822114341585
  75.00 , 168.541285511957
  90.00 , 148.885595320544
 110.00 , 153.579176044864
 125.00 , 173.378379542020
 145.00 , 206.580380678644
 159.00 , 225.780781122267
 180.00 , 237.903765953303
lambdaSRG= 2.236 lambdaCut= 450 onebody=Odelta3 twobody=Odelta2
----------------------------------------
  theta |  Cross Section
   1.00 , 348.920965839903
  40.00 , 264.070496229806
  55.00 , 212.569603301374
  75.00 , 159.540760544003
  90.00 , 141.038838993119
 110.00 , 145.598790066688
 125.00 , 164.458040420793
 145.00 , 196.078654105440
 159.00 , 214.372984601014
 180.00 , 225.927663129085
lambdaSRG= 2.236 lambdaCut= 500 onebody=Odelta3 twobody=Odelta2
----------------------------------------
  theta |  Cross Section
   1.00 , 363.230782837147
  40.00 , 275.085249223477
  55.00 , 221.555222448049
  75.00 , 166.434873521116
  90.00 , 147.257893758987
 110.00 , 152.218458869115
 125.00 , 172.098239520810
 145.00 , 205.390903742625
 159.00 , 224.654323054753
 180.00 , 236.823364680066


Jerry experimental Data
  theta |        val |  uncertainty
----------------------------------------
  40.00 | 196.000000 |    11.661904
  55.00 | 176.000000 |    10.000000
  75.00 | 125.000000 |     8.062258
  90.00 | 135.000000 |     8.062258
 110.00 | 138.000000 |     9.433981
 125.00 | 177.000000 |    10.816654
 145.00 | 178.000000 |    10.816654
 159.00 | 193.000000 |    10.000000
AlphaOffset= -2
BetaOffset= -2
