lambdaSRG= 1.88 lambdaCut= 450 onebody=Odelta0 twobody=Odelta0
----------------------------------------
  theta |  Cross Section
   1.00 , 207.140056088160
  40.00 , 153.233006368073
  55.00 , 121.162332233947
  75.00 ,  88.587191246321
  90.00 ,  76.912187595954
 110.00 ,  77.698493568747
 125.00 ,  86.401948071342
 145.00 , 101.154409251038
 159.00 , 109.602637574330
 180.00 , 114.896243931754
lambdaSRG= 1.88 lambdaCut= 500 onebody=Odelta0 twobody=Odelta0
----------------------------------------
  theta |  Cross Section
   1.00 , 207.139405795205
  40.00 , 153.327063665413
  55.00 , 121.297494418910
  75.00 ,  88.757637909127
  90.00 ,  77.110410432995
 110.00 ,  77.964594541196
 125.00 ,  86.746527038688
 145.00 , 101.617332595874
 159.00 , 110.133902437274
 180.00 , 115.471122794132
lambdaSRG= 2.236 lambdaCut= 450 onebody=Odelta0 twobody=Odelta0
----------------------------------------
  theta |  Cross Section
   1.00 , 207.119601159462
  40.00 , 153.542221159747
  55.00 , 121.616033383625
  75.00 ,  89.166338268020
  90.00 ,  77.589478037411
 110.00 ,  78.612677630099
 125.00 ,  87.589575918693
 145.00 , 102.755082532614
 159.00 , 111.442351650461
 180.00 , 116.888679316999
lambdaSRG= 2.236 lambdaCut= 500 onebody=Odelta0 twobody=Odelta0
----------------------------------------
  theta |  Cross Section
   1.00 , 207.117271748748
  40.00 , 153.644153606038
  55.00 , 121.763302183278
  75.00 ,  89.352583834255
  90.00 ,  77.806300875500
 110.00 ,  78.903949103054
 125.00 ,  87.966853363957
 145.00 , 103.262010245406
 159.00 , 112.024149765500
 180.00 , 117.518240553363


Jerry experimental Data
  theta |        val |  uncertainty
----------------------------------------
  40.00 | 196.000000 |    11.661904
  55.00 | 176.000000 |    10.000000
  75.00 | 125.000000 |     8.062258
  90.00 | 135.000000 |     8.062258
 110.00 | 138.000000 |     9.433981
 125.00 | 177.000000 |    10.816654
 145.00 | 178.000000 |    10.816654
 159.00 | 193.000000 |    10.000000
AlphaOffset= 0
BetaOffset= 0
