lambdaSRG= 1.88 lambdaCut= 450 onebody=Odelta0 twobody=Odelta0
----------------------------------------
  theta |  Cross Section
   1.00 , 207.140055975155
  40.00 , 152.984243796975
  55.00 , 120.382101262507
  75.00 ,  86.440571685001
  90.00 ,  73.292341870488
 110.00 ,  71.802173923636
 125.00 ,  78.825382118686
 145.00 ,  91.725995767080
 159.00 ,  99.297976174293
 180.00 , 104.081139790560
lambdaSRG= 1.88 lambdaCut= 500 onebody=Odelta0 twobody=Odelta0
----------------------------------------
  theta |  Cross Section
   1.00 , 207.139405682200
  40.00 , 153.078148399176
  55.00 , 120.516393063738
  75.00 ,  86.606888132869
  90.00 ,  73.481235417701
 110.00 ,  72.048081243424
 125.00 ,  79.139745039631
 145.00 ,  92.145770891895
 159.00 ,  99.779292380457
 180.00 , 104.601905702396
lambdaSRG= 2.236 lambdaCut= 450 onebody=Odelta0 twobody=Odelta0
----------------------------------------
  theta |  Cross Section
   1.00 , 207.119601046469
  40.00 , 153.292956601064
  55.00 , 120.832880780666
  75.00 ,  87.005684981190
  90.00 ,  73.937755869653
 110.00 ,  72.646983133654
 125.00 ,  79.908867167019
 145.00 ,  93.177473282865
 159.00 , 100.964723330586
 180.00 , 105.886028608147
lambdaSRG= 2.236 lambdaCut= 500 onebody=Odelta0 twobody=Odelta0
----------------------------------------
  theta |  Cross Section
   1.00 , 207.117271635756
  40.00 , 153.394723567489
  55.00 , 120.979201235430
  75.00 ,  87.187417497964
  90.00 ,  74.144374015245
 110.00 ,  72.916150835619
 125.00 ,  80.253061244254
 145.00 ,  93.637151210719
 159.00 , 101.491821734821
 180.00 , 106.456329679849


Jerry experimental Data
  theta |        val |  uncertainty
----------------------------------------
  40.00 | 196.000000 |    11.661904
  55.00 | 176.000000 |    10.000000
  75.00 | 125.000000 |     8.062258
  90.00 | 135.000000 |     8.062258
 110.00 | 138.000000 |     9.433981
 125.00 | 177.000000 |    10.816654
 145.00 | 178.000000 |    10.816654
 159.00 | 193.000000 |    10.000000
AlphaOffset= 2
BetaOffset= -2
