lambdaSRG= 1.88 lambdaCut= 450 onebody=Odelta3 twobody=Odelta4
----------------------------------------
  theta |  Cross Section
   1.00 , 345.249255948408
  40.00 , 264.746543169859
  55.00 , 215.729418258290
  75.00 , 165.017680673852
  90.00 , 147.130666958510
 110.00 , 151.195856166648
 125.00 , 169.117150724157
 145.00 , 199.401205777360
 159.00 , 216.987473119417
 180.00 , 228.124423281871
lambdaSRG= 1.88 lambdaCut= 500 onebody=Odelta3 twobody=Odelta4
----------------------------------------
  theta |  Cross Section
   1.00 , 360.937637529555
  40.00 , 277.360598693179
  55.00 , 226.418104243211
  75.00 , 173.677707904691
  90.00 , 155.082972895933
 110.00 , 159.432229543573
 125.00 , 178.272605204638
 145.00 , 210.095589198453
 159.00 , 228.595342933906
 180.00 , 240.313318946931
lambdaSRG= 2.236 lambdaCut= 450 onebody=Odelta3 twobody=Odelta4
----------------------------------------
  theta |  Cross Section
   1.00 , 339.352217606196
  40.00 , 260.587273031251
  55.00 , 212.572087681566
  75.00 , 162.883562453874
  90.00 , 145.441130891430
 110.00 , 149.782976863883
 125.00 , 167.800582310000
 145.00 , 198.179891702020
 159.00 , 215.832038102460
 180.00 , 227.009443362665
lambdaSRG= 2.236 lambdaCut= 500 onebody=Odelta3 twobody=Odelta4
----------------------------------------
  theta |  Cross Section
   1.00 , 354.412773062531
  40.00 , 272.735941671134
  55.00 , 222.892989421608
  75.00 , 171.269945490865
  90.00 , 153.159514482641
 110.00 , 157.790805196830
 125.00 , 176.713171363984
 145.00 , 208.608055183198
 159.00 , 227.156253089993
 180.00 , 238.902597893678


Jerry experimental Data
  theta |        val |  uncertainty
----------------------------------------
  40.00 | 196.000000 |    11.661904
  55.00 | 176.000000 |    10.000000
  75.00 | 125.000000 |     8.062258
  90.00 | 135.000000 |     8.062258
 110.00 | 138.000000 |     9.433981
 125.00 | 177.000000 |    10.816654
 145.00 | 178.000000 |    10.816654
 159.00 | 193.000000 |    10.000000
AlphaOffset= 0
BetaOffset= -2
