lambdaSRG= 1.88 lambdaCut= 450 onebody=Odelta3 twobody=Odelta2
----------------------------------------
  theta |  Cross Section
   1.00 , 255.773830814661
  40.00 , 185.700228123100
  55.00 , 145.776590380915
  75.00 , 107.511444173274
  90.00 ,  95.231243354298
 110.00 ,  97.716071038464
 125.00 , 107.887859467347
 145.00 , 123.702826959618
 159.00 , 132.336613069439
 180.00 , 137.626471751916
lambdaSRG= 1.88 lambdaCut= 500 onebody=Odelta3 twobody=Odelta2
----------------------------------------
  theta |  Cross Section
   1.00 , 268.235314314424
  40.00 , 194.955935753432
  55.00 , 153.143794456791
  75.00 , 113.017104273316
  90.00 , 100.146262438533
 110.00 , 102.862215289711
 125.00 , 113.697898797210
 145.00 , 130.556093668052
 159.00 , 139.771149032366
 180.00 , 145.421834657393
lambdaSRG= 2.236 lambdaCut= 450 onebody=Odelta3 twobody=Odelta2
----------------------------------------
  theta |  Cross Section
   1.00 , 250.623239152578
  40.00 , 182.570073512130
  55.00 , 143.711943805742
  75.00 , 106.464040524629
  90.00 ,  94.648549634893
 110.00 ,  97.570171495474
 125.00 , 108.046974295416
 145.00 , 124.257578902334
 159.00 , 133.110249286470
 180.00 , 138.538380814368
lambdaSRG= 2.236 lambdaCut= 500 onebody=Odelta3 twobody=Odelta2
----------------------------------------
  theta |  Cross Section
   1.00 , 262.504103550174
  40.00 , 191.439841379180
  55.00 , 150.797877568101
  75.00 , 111.785791420966
  90.00 ,  99.416444793290
 110.00 , 102.587018173302
 125.00 , 113.731329648237
 145.00 , 130.988212150364
 159.00 , 140.424503358636
 180.00 , 146.215152219915


Jerry experimental Data
  theta |        val |  uncertainty
----------------------------------------
  40.00 | 203.000000 |    20.591260
  55.00 | 147.000000 |    13.038405
  75.00 | 140.000000 |    13.892444
  90.00 | 159.000000 |    15.264338
 110.00 | 146.000000 |    21.189620
 145.00 | 167.000000 |    19.697716
 159.00 | 172.000000 |    15.000000
AlphaOffset= -2
BetaOffset= 0
