lambdaSRG= 1.88 lambdaCut= 450 onebody=Odelta3 twobody=Odelta2
----------------------------------------
  theta |  Cross Section
   1.00 , 233.679507817706
  40.00 , 169.583171623861
  55.00 , 132.230015464332
  75.00 ,  94.895392037870
  90.00 ,  81.298682518402
 110.00 ,  80.342090546982
 125.00 ,  87.583205065229
 145.00 , 100.072829859795
 159.00 , 107.139348516520
 180.00 , 111.524123921792
lambdaSRG= 1.88 lambdaCut= 500 onebody=Odelta3 twobody=Odelta2
----------------------------------------
  theta |  Cross Section
   1.00 , 245.587274594904
  40.00 , 178.412955058628
  55.00 , 139.226579269460
  75.00 , 100.040325326775
  90.00 ,  85.801434472112
 110.00 ,  84.947896517501
 125.00 ,  92.739067452952
 145.00 , 106.135828736679
 159.00 , 113.716682893262
 180.00 , 118.422733368631
lambdaSRG= 2.236 lambdaCut= 450 onebody=Odelta3 twobody=Odelta2
----------------------------------------
  theta |  Cross Section
   1.00 , 228.758253744566
  40.00 , 166.559072323753
  55.00 , 130.213331954435
  75.00 ,  93.831726928702
  90.00 ,  80.643952996150
 110.00 ,  80.019021522770
 125.00 ,  87.467625587753
 145.00 , 100.226028731935
 159.00 , 107.444726765008
 180.00 , 111.927040610728
lambdaSRG= 2.236 lambdaCut= 500 onebody=Odelta3 twobody=Odelta2
----------------------------------------
  theta |  Cross Section
   1.00 , 240.105330252380
  40.00 , 175.014688064405
  55.00 , 136.936815116694
  75.00 ,  98.798096654787
  90.00 ,  85.003433920110
 110.00 ,  84.496771389167
 125.00 ,  92.496377837223
 145.00 , 106.161213098882
 159.00 , 113.894523217584
 180.00 , 118.698520028323


Jerry experimental Data
  theta |        val |  uncertainty
----------------------------------------
  40.00 | 203.000000 |    20.591260
  55.00 | 147.000000 |    13.038405
  75.00 | 140.000000 |    13.892444
  90.00 | 159.000000 |    15.264338
 110.00 | 146.000000 |    21.189620
 145.00 | 167.000000 |    19.697716
 159.00 | 172.000000 |    15.000000
AlphaOffset= 2
BetaOffset= -2
