lambdaSRG= 1.88 lambdaCut= 450 onebody=Odelta3 twobody=Odelta4
----------------------------------------
  theta |  Cross Section
   1.00 , 332.565005212429
  40.00 , 255.261150907805
  55.00 , 208.170589137040
  75.00 , 159.437099214209
  90.00 , 142.258183435563
 110.00 , 146.233497200786
 125.00 , 163.555295778867
 145.00 , 192.821519254858
 159.00 , 209.820129842945
 180.00 , 220.586735687890
lambdaSRG= 1.88 lambdaCut= 500 onebody=Odelta3 twobody=Odelta4
----------------------------------------
  theta |  Cross Section
   1.00 , 347.978874359956
  40.00 , 267.662323836395
  55.00 , 218.684861395625
  75.00 , 167.962859184892
  90.00 , 150.089681388612
 110.00 , 154.342222555854
 125.00 , 172.563982210420
 145.00 , 203.337734337475
 159.00 , 221.231440413304
 180.00 , 232.567423789952
lambdaSRG= 2.236 lambdaCut= 450 onebody=Odelta3 twobody=Odelta4
----------------------------------------
  theta |  Cross Section
   1.00 , 326.776728789003
  40.00 , 251.165430437837
  55.00 , 205.052439294798
  75.00 , 157.318446667711
  90.00 , 140.572850940015
 110.00 , 144.812719686475
 125.00 , 162.220709506343
 145.00 , 191.567386416070
 159.00 , 208.622989929105
 180.00 , 219.424357697382
lambdaSRG= 2.236 lambdaCut= 500 onebody=Odelta3 twobody=Odelta4
----------------------------------------
  theta |  Cross Section
   1.00 , 341.571863525440
  40.00 , 263.107258349116
  55.00 , 215.203240996404
  75.00 , 165.573274798381
  90.00 , 148.172453859583
 110.00 , 152.694565073089
 125.00 , 170.988019316185
 145.00 , 201.818680135196
 159.00 , 219.751837596127
 180.00 , 231.110459375031


Jerry experimental Data
  theta |        val |  uncertainty
----------------------------------------
  40.00 | 196.000000 |    11.661904
  55.00 | 176.000000 |    10.000000
  75.00 | 125.000000 |     8.062258
  90.00 | 135.000000 |     8.062258
 110.00 | 138.000000 |     9.433981
 125.00 | 177.000000 |    10.816654
 145.00 | 178.000000 |    10.816654
 159.00 | 193.000000 |    10.000000
AlphaOffset= 2
BetaOffset= -2
