lambdaSRG= 1.88 lambdaCut= 450 onebody=Odelta3 twobody=Odelta4
----------------------------------------
  theta |  Cross Section
   1.00 , 332.565005355782
  40.00 , 255.581102104957
  55.00 , 209.184173231655
  75.00 , 162.271249379328
  90.00 , 147.100834130678
 110.00 , 154.258823103695
 125.00 , 173.987465818664
 145.00 , 205.962703767702
 159.00 , 224.263794333286
 180.00 , 235.795729575902
lambdaSRG= 1.88 lambdaCut= 500 onebody=Odelta3 twobody=Odelta4
----------------------------------------
  theta |  Cross Section
   1.00 , 347.978874506280
  40.00 , 267.989245538118
  55.00 , 219.721211496273
  75.00 , 170.863461632107
  90.00 , 155.049913358281
 110.00 , 162.571191240779
 125.00 , 183.268746826010
 145.00 , 216.831909314432
 159.00 , 236.068268783552
 180.00 , 248.193501359900
lambdaSRG= 2.236 lambdaCut= 450 onebody=Odelta3 twobody=Odelta4
----------------------------------------
  theta |  Cross Section
   1.00 , 326.776728932282
  40.00 , 251.483133058356
  55.00 , 206.060444504356
  75.00 , 160.143945517140
  90.00 , 145.410320891905
 110.00 , 152.850297352329
 125.00 , 172.686788791257
 145.00 , 204.775014212189
 159.00 , 223.151971194347
 180.00 , 234.730464832691
lambdaSRG= 2.236 lambdaCut= 500 onebody=Odelta3 twobody=Odelta4
----------------------------------------
  theta |  Cross Section
   1.00 , 341.571863669499
  40.00 , 263.431696638806
  55.00 , 216.233316197341
  75.00 , 168.463703263739
  90.00 , 153.125252547880
 110.00 , 160.932885291193
 125.00 , 181.723842205679
 145.00 , 215.376734731870
 159.00 , 234.671644450083
 180.00 , 246.831404365929


Jerry experimental Data
  theta |        val |  uncertainty
----------------------------------------
  40.00 | 196.000000 |    11.661904
  55.00 | 176.000000 |    10.000000
  75.00 | 125.000000 |     8.062258
  90.00 | 135.000000 |     8.062258
 110.00 | 138.000000 |     9.433981
 125.00 | 177.000000 |    10.816654
 145.00 | 178.000000 |    10.816654
 159.00 | 193.000000 |    10.000000
AlphaOffset= 0
BetaOffset= 0
