lambdaSRG= 1.88 lambdaCut= 450 onebody=Odelta0 twobody=Odelta0
----------------------------------------
  theta |  Cross Section
   1.00 , 185.387389784817
  40.00 , 127.888838104590
  55.00 ,  96.317840456912
  75.00 ,  66.572302023308
  90.00 ,  56.167256081656
 110.00 ,  54.398569618628
 125.00 ,  57.882610381487
 145.00 ,  63.839532129084
 159.00 ,  67.067823022607
 180.00 ,  69.017008704034
lambdaSRG= 1.88 lambdaCut= 500 onebody=Odelta0 twobody=Odelta0
----------------------------------------
  theta |  Cross Section
   1.00 , 185.386866706254
  40.00 , 128.049434109436
  55.00 ,  96.536066471753
  75.00 ,  66.829617773054
  90.00 ,  56.455446083919
 110.00 ,  54.764915036383
 125.00 ,  58.332653176647
 145.00 ,  64.403811383253
 159.00 ,  67.692952362413
 180.00 ,  69.679324853481
lambdaSRG= 2.236 lambdaCut= 450 onebody=Odelta0 twobody=Odelta0
----------------------------------------
  theta |  Cross Section
   1.00 , 185.369332950240
  40.00 , 128.429593883502
  55.00 ,  97.061686724113
  75.00 ,  67.458531516548
  90.00 ,  57.166790946760
 110.00 ,  55.680907169896
 125.00 ,  59.468271543134
 145.00 ,  65.842367812145
 159.00 ,  69.294623766903
 180.00 ,  71.381328055475
lambdaSRG= 2.236 lambdaCut= 500 onebody=Odelta0 twobody=Odelta0
----------------------------------------
  theta |  Cross Section
   1.00 , 185.367336512123
  40.00 , 128.604723541310
  55.00 ,  97.300298992837
  75.00 ,  67.740242963639
  90.00 ,  57.482404377278
 110.00 ,  56.082022442556
 125.00 ,  59.960806920351
 145.00 ,  66.459483628798
 159.00 ,  69.978002215560
 180.00 ,  72.105170844204


Jerry experimental Data
  theta |        val |  uncertainty
----------------------------------------
  40.00 | 203.000000 |    20.591260
  55.00 | 147.000000 |    13.038405
  75.00 | 140.000000 |    13.892444
  90.00 | 159.000000 |    15.264338
 110.00 | 146.000000 |    21.189620
 145.00 | 167.000000 |    19.697716
 159.00 | 172.000000 |    15.000000
AlphaOffset= 0
BetaOffset= 2
