lambdaSRG= 1.88 lambdaCut= 450 onebody=Odelta0 twobody=Odelta0
----------------------------------------
  theta |  Cross Section
   1.00 , 185.387389549114
  40.00 , 127.406831038107
  55.00 ,  94.893803094808
  75.00 ,  63.013950688244
  90.00 ,  50.615776265527
 110.00 ,  46.224015784389
 125.00 ,  48.061245242077
 145.00 ,  52.447384537683
 159.00 ,  55.014248198492
 180.00 ,  56.601118732158
lambdaSRG= 1.88 lambdaCut= 500 onebody=Odelta0 twobody=Odelta0
----------------------------------------
  theta |  Cross Section
   1.00 , 185.386866470552
  40.00 , 127.566821764101
  55.00 ,  95.108802687658
  75.00 ,  63.257512672328
  90.00 ,  50.875482038856
 110.00 ,  46.535309932222
 125.00 ,  48.434925990147
 145.00 ,  52.910968308476
 159.00 ,  55.527027935574
 180.00 ,  57.144286796336
lambdaSRG= 2.236 lambdaCut= 450 onebody=Odelta0 twobody=Odelta0
----------------------------------------
  theta |  Cross Section
   1.00 , 185.369332714560
  40.00 , 127.945548733707
  55.00 ,  95.626651764149
  75.00 ,  63.852810392478
  90.00 ,  51.516518737763
 110.00 ,  47.313654567655
 125.00 ,  49.377855696556
 145.00 ,  54.092814723839
 159.00 ,  56.840843476439
 180.00 ,  58.540106278048
lambdaSRG= 2.236 lambdaCut= 500 onebody=Odelta0 twobody=Odelta0
----------------------------------------
  theta |  Cross Section
   1.00 , 185.367336276445
  40.00 , 128.120018336003
  55.00 ,  95.861736204755
  75.00 ,  64.119464101240
  90.00 ,  51.800937452507
 110.00 ,  47.654493652668
 125.00 ,  49.786819000020
 145.00 ,  54.599806386542
 159.00 ,  57.401403666013
 180.00 ,  59.133732579703


Jerry experimental Data
  theta |        val |  uncertainty
----------------------------------------
  40.00 | 203.000000 |    20.591260
  55.00 | 147.000000 |    13.038405
  75.00 | 140.000000 |    13.892444
  90.00 | 159.000000 |    15.264338
 110.00 | 146.000000 |    21.189620
 145.00 | 167.000000 |    19.697716
 159.00 | 172.000000 |    15.000000
AlphaOffset= 2
BetaOffset= 0
