lambdaSRG= 1.88 lambdaCut= 450 onebody=Odelta0 twobody=Odelta0
----------------------------------------
  theta |  Cross Section
   1.00 , 217.250371827659
  40.00 , 160.457259240118
  55.00 , 126.276644165522
  75.00 ,  90.711388901483
  90.00 ,  76.956909985977
 110.00 ,  75.448870045609
 125.00 ,  82.855367567550
 145.00 ,  96.430276796418
 159.00 , 104.392955691131
 180.00 , 109.421882511132
lambdaSRG= 1.88 lambdaCut= 500 onebody=Odelta0 twobody=Odelta0
----------------------------------------
  theta |  Cross Section
   1.00 , 217.249689794502
  40.00 , 160.555750919557
  55.00 , 126.417511601965
  75.00 ,  90.885922638236
  90.00 ,  77.155248084321
 110.00 ,  75.707266531399
 125.00 ,  83.185802443531
 145.00 ,  96.871580607182
 159.00 , 104.898968233576
 180.00 , 109.969370620270
lambdaSRG= 2.236 lambdaCut= 450 onebody=Odelta0 twobody=Odelta0
----------------------------------------
  theta |  Cross Section
   1.00 , 217.228918512693
  40.00 , 160.781052130203
  55.00 , 126.749496227537
  75.00 ,  91.304423063390
  90.00 ,  77.634594253798
 110.00 ,  76.336585511826
 125.00 ,  83.994246308391
 145.00 ,  97.956195130042
 159.00 , 106.145223650045
 180.00 , 111.319386060201
lambdaSRG= 2.236 lambdaCut= 500 onebody=Odelta0 twobody=Odelta0
----------------------------------------
  theta |  Cross Section
   1.00 , 217.226475405584
  40.00 , 160.887790236746
  55.00 , 126.902981303861
  75.00 ,  91.495134539307
  90.00 ,  77.851543168597
 110.00 ,  76.619423730453
 125.00 ,  84.356037472827
 145.00 ,  98.439448208402
 159.00 , 106.699367475309
 180.00 , 111.918951139804


Jerry experimental Data
  theta |        val |  uncertainty
----------------------------------------
  40.00 | 196.000000 |    11.661904
  55.00 | 176.000000 |    10.000000
  75.00 | 125.000000 |     8.062258
  90.00 | 135.000000 |     8.062258
 110.00 | 138.000000 |     9.433981
 125.00 | 177.000000 |    10.816654
 145.00 | 178.000000 |    10.816654
 159.00 | 193.000000 |    10.000000
AlphaOffset= 0
BetaOffset= -2
