lambdaSRG= 1.88 lambdaCut= 450 onebody=Odelta3 twobody=Odelta4
----------------------------------------
  theta |  Cross Section
   1.00 , 307.919185218360
  40.00 , 237.452582538864
  55.00 , 195.464258186827
  75.00 , 154.147219891513
  90.00 , 142.287962876402
 110.00 , 152.339117740275
 125.00 , 173.222941118683
 145.00 , 205.831482557739
 159.00 , 224.245910668962
 180.00 , 235.795729575902
lambdaSRG= 1.88 lambdaCut= 500 onebody=Odelta3 twobody=Odelta4
----------------------------------------
  theta |  Cross Section
   1.00 , 322.784027235811
  40.00 , 249.442251893133
  55.00 , 205.675663552050
  75.00 , 162.537740457124
  90.00 , 150.113237933233
 110.00 , 160.599763046769
 125.00 , 182.482989533634
 145.00 , 216.696824608542
 159.00 , 236.049815588526
 180.00 , 248.193501359900
lambdaSRG= 2.236 lambdaCut= 450 onebody=Odelta3 twobody=Odelta4
----------------------------------------
  theta |  Cross Section
   1.00 , 302.348361268118
  40.00 , 233.480518249988
  55.00 , 192.414750555087
  75.00 , 152.043523082625
  90.00 , 140.601463692982
 110.00 , 150.926808326358
 125.00 , 171.919134414972
 145.00 , 204.642810122911
 159.00 , 223.133865100047
 180.00 , 234.730464832692
lambdaSRG= 2.236 lambdaCut= 500 onebody=Odelta3 twobody=Odelta4
----------------------------------------
  theta |  Cross Section
   1.00 , 316.612646439347
  40.00 , 245.022483491821
  55.00 , 202.269959095237
  75.00 , 160.165527384196
  90.00 , 148.194414896390
 110.00 , 158.958096775392
 125.00 , 180.935054254526
 145.00 , 215.240651464278
 159.00 , 234.652955890476
 180.00 , 246.831404365929


Jerry experimental Data
  theta |        val |  uncertainty
----------------------------------------
  40.00 | 196.000000 |    11.661904
  55.00 | 176.000000 |    10.000000
  75.00 | 125.000000 |     8.062258
  90.00 | 135.000000 |     8.062258
 110.00 | 138.000000 |     9.433981
 125.00 | 177.000000 |    10.816654
 145.00 | 178.000000 |    10.816654
 159.00 | 193.000000 |    10.000000
AlphaOffset= 2
BetaOffset= 2
