lambdaSRG= 1.88 lambdaCut= 450 onebody=Odelta3 twobody=Odelta2
----------------------------------------
  theta |  Cross Section
   1.00 , 329.176162402181
  40.00 , 249.259896164037
  55.00 , 201.290840903755
  75.00 , 153.019414316137
  90.00 , 137.505518908650
 110.00 , 144.788949079921
 125.00 , 164.739540893858
 145.00 , 196.891943657800
 159.00 , 215.224612123249
 180.00 , 226.742754209355
lambdaSRG= 1.88 lambdaCut= 500 onebody=Odelta3 twobody=Odelta2
----------------------------------------
  theta |  Cross Section
   1.00 , 343.558050612864
  40.00 , 260.303788359722
  55.00 , 210.297961213980
  75.00 , 159.959852491936
  90.00 , 143.812542872926
 110.00 , 151.563490182508
 125.00 , 172.579319962656
 145.00 , 206.445167763383
 159.00 , 225.763052521406
 180.00 , 237.903765953303
lambdaSRG= 2.236 lambdaCut= 450 onebody=Odelta3 twobody=Odelta2
----------------------------------------
  theta |  Cross Section
   1.00 , 323.529132621380
  40.00 , 245.396531762887
  55.00 , 198.440132173804
  75.00 , 151.179293042329
  90.00 , 136.089491740533
 110.00 , 143.628984765700
 125.00 , 163.676303907137
 145.00 , 195.946219303149
 159.00 , 214.355610939139
 180.00 , 225.927663129085
lambdaSRG= 2.236 lambdaCut= 500 onebody=Odelta3 twobody=Odelta2
----------------------------------------
  theta |  Cross Section
   1.00 , 337.308135828377
  40.00 , 256.006388422723
  55.00 , 207.110454672454
  75.00 , 157.878300377286
  90.00 , 142.188980324433
 110.00 , 150.198959636584
 125.00 , 171.296225110436
 145.00 , 205.254935059965
 159.00 , 224.636479836381
 180.00 , 236.823364680066


Jerry experimental Data
  theta |        val |  uncertainty
----------------------------------------
  40.00 | 196.000000 |    11.661904
  55.00 | 176.000000 |    10.000000
  75.00 | 125.000000 |     8.062258
  90.00 | 135.000000 |     8.062258
 110.00 | 138.000000 |     9.433981
 125.00 | 177.000000 |    10.816654
 145.00 | 178.000000 |    10.816654
 159.00 | 193.000000 |    10.000000
AlphaOffset= 0
BetaOffset= 0
