lambdaSRG= 1.88 lambdaCut= 450 onebody=Odelta3 twobody=Odelta4
----------------------------------------
  theta |  Cross Section
   1.00 , 255.423106355086
  40.00 , 187.669220725238
  55.00 , 147.856872096489
  75.00 , 107.510245985761
  90.00 ,  92.315279377309
 110.00 ,  90.347581152490
 125.00 ,  97.553555769462
 145.00 , 110.513583438647
 159.00 , 117.979937712428
 180.00 , 122.630699858260
lambdaSRG= 1.88 lambdaCut= 500 onebody=Odelta3 twobody=Odelta4
----------------------------------------
  theta |  Cross Section
   1.00 , 268.217316911458
  40.00 , 197.476393888427
  55.00 , 155.839581769891
  75.00 , 113.576739864082
  90.00 ,  97.652922827671
 110.00 ,  95.680657962395
 125.00 , 103.388258390300
 145.00 , 117.240437461893
 159.00 , 125.212083071944
 180.00 , 130.187601747237
lambdaSRG= 2.236 lambdaCut= 450 onebody=Odelta3 twobody=Odelta4
----------------------------------------
  theta |  Cross Section
   1.00 , 250.283790762214
  40.00 , 184.461368497605
  55.00 , 145.692004164747
  75.00 , 106.364218819123
  90.00 ,  91.632359283265
 110.00 ,  90.057655479829
 125.00 ,  97.501450713276
 145.00 , 110.761725530932
 159.00 , 118.386698058998
 180.00 , 123.144953778024
lambdaSRG= 2.236 lambdaCut= 500 onebody=Odelta3 twobody=Odelta4
----------------------------------------
  theta |  Cross Section
   1.00 , 262.500356180096
  40.00 , 193.877120902162
  55.00 , 153.386748511712
  75.00 , 112.243424611856
  90.00 ,  96.822008991319
 110.00 ,  95.259311509445
 125.00 , 103.205639960601
 145.00 , 117.355651334084
 159.00 , 125.475137048559
 180.00 , 130.558074305184


Jerry experimental Data
  theta |        val |  uncertainty
----------------------------------------
  40.00 | 203.000000 |    20.591260
  55.00 | 147.000000 |    13.038405
  75.00 | 140.000000 |    13.892444
  90.00 | 159.000000 |    15.264338
 110.00 | 146.000000 |    21.189620
 145.00 | 167.000000 |    19.697716
 159.00 | 172.000000 |    15.000000
AlphaOffset= 0
BetaOffset= -2
