lambdaSRG= 1.88 lambdaCut= 450 onebody=Odelta3 twobody=Odelta4
----------------------------------------
  theta |  Cross Section
   1.00 , 212.241683116028
  40.00 , 158.298010732861
  55.00 , 127.975196506260
  75.00 , 100.108511666847
  90.00 ,  92.841474073584
 110.00 ,  98.784685685206
 125.00 , 110.004399707646
 145.00 , 126.261297999813
 159.00 , 134.976088632393
 180.00 , 140.275260579307
lambdaSRG= 1.88 lambdaCut= 500 onebody=Odelta3 twobody=Odelta4
----------------------------------------
  theta |  Cross Section
   1.00 , 223.928442330751
  40.00 , 167.303686752969
  55.00 , 135.384568381825
  75.00 , 105.930311394081
  90.00 ,  98.165326499087
 110.00 , 104.360068552160
 125.00 , 116.225243407460
 145.00 , 133.503872965829
 159.00 , 142.775301207075
 180.00 , 148.427454190341
lambdaSRG= 2.236 lambdaCut= 450 onebody=Odelta3 twobody=Odelta4
----------------------------------------
  theta |  Cross Section
   1.00 , 207.561001980933
  40.00 , 155.291522496707
  55.00 , 125.886625923110
  75.00 ,  98.955916865337
  90.00 ,  92.162343793215
 110.00 ,  98.580664349835
 125.00 , 110.119203356153
 145.00 , 126.775052916979
 159.00 , 135.695987056186
 180.00 , 141.130969434678
lambdaSRG= 2.236 lambdaCut= 500 onebody=Odelta3 twobody=Odelta4
----------------------------------------
  theta |  Cross Section
   1.00 , 218.709883129625
  40.00 , 163.927401304965
  55.00 , 133.019453987889
  75.00 , 104.591993263239
  90.00 ,  97.336717844062
 110.00 , 104.022824092858
 125.00 , 116.209370076716
 145.00 , 133.887132335062
 159.00 , 143.354616011697
 180.00 , 149.143498036538


Jerry experimental Data
  theta |        val |  uncertainty
----------------------------------------
  40.00 | 203.000000 |    20.591260
  55.00 | 147.000000 |    13.038405
  75.00 | 140.000000 |    13.892444
  90.00 | 159.000000 |    15.264338
 110.00 | 146.000000 |    21.189620
 145.00 | 167.000000 |    19.697716
 159.00 | 172.000000 |    15.000000
AlphaOffset= 0
BetaOffset= 2
