lambdaSRG= 1.88 lambdaCut= 450 onebody=Odelta3 twobody=Odelta2
----------------------------------------
  theta |  Cross Section
   1.00 , 304.530372640048
  40.00 , 231.162644571404
  55.00 , 187.614995579585
  75.00 , 144.942855741002
  90.00 , 132.732697411481
 110.00 , 142.893475844901
 125.00 , 163.988381371640
 145.00 , 196.764879794370
 159.00 , 215.207954593028
 180.00 , 226.742754209355
lambdaSRG= 1.88 lambdaCut= 500 onebody=Odelta3 twobody=Odelta2
----------------------------------------
  theta |  Cross Section
   1.00 , 318.363234569467
  40.00 , 241.790268777976
  55.00 , 196.299458777286
  75.00 , 151.685014071744
  90.00 , 138.918841672998
 110.00 , 149.618090418670
 125.00 , 171.807866422823
 145.00 , 206.314580864263
 159.00 , 225.745927726794
 180.00 , 237.903765953303
lambdaSRG= 2.236 lambdaCut= 450 onebody=Odelta3 twobody=Odelta2
----------------------------------------
  theta |  Cross Section
   1.00 , 299.100779173974
  40.00 , 227.424497131239
  55.00 , 184.837692146754
  75.00 , 143.125831909949
  90.00 , 131.320609999873
 110.00 , 141.730049818584
 125.00 , 162.922441723185
 145.00 , 195.818462311801
 159.00 , 214.338848257052
 180.00 , 225.927663129086
lambdaSRG= 2.236 lambdaCut= 500 onebody=Odelta3 twobody=Odelta2
----------------------------------------
  theta |  Cross Section
   1.00 , 312.348957754764
  40.00 , 237.629923449099
  55.00 , 193.193356196434
  75.00 , 149.630376948903
  90.00 , 137.301036710449
 110.00 , 148.250593342956
 125.00 , 170.522205093777
 145.00 , 205.123667265569
 159.00 , 224.619250787488
 180.00 , 236.823364680067


Jerry experimental Data
  theta |        val |  uncertainty
----------------------------------------
  40.00 | 196.000000 |    11.661904
  55.00 | 176.000000 |    10.000000
  75.00 | 125.000000 |     8.062258
  90.00 | 135.000000 |     8.062258
 110.00 | 138.000000 |     9.433981
 125.00 | 177.000000 |    10.816654
 145.00 | 178.000000 |    10.816654
 159.00 | 193.000000 |    10.000000
AlphaOffset= 2
BetaOffset= 2
