lambdaSRG= 1.88 lambdaCut= 450 onebody=Odelta0 twobody=Odelta0
----------------------------------------
  theta |  Cross Section
   1.00 , 197.270633965118
  40.00 , 145.932046565370
  55.00 , 115.389415952993
  75.00 ,  84.366354380599
  90.00 ,  73.247619476556
 110.00 ,  73.996461012436
 125.00 ,  82.285229586887
 145.00 ,  96.334793077522
 159.00 , 104.380496012489
 180.00 , 109.421882511132
lambdaSRG= 1.88 lambdaCut= 500 onebody=Odelta0 twobody=Odelta0
----------------------------------------
  theta |  Cross Section
   1.00 , 197.270014656105
  40.00 , 146.021622396456
  55.00 , 115.518138182866
  75.00 ,  84.528679919483
  90.00 ,  73.436397762455
 110.00 ,  74.249883303253
 125.00 ,  82.613390699822
 145.00 ,  96.775659916306
 159.00 , 104.886448160498
 180.00 , 109.969370620270
lambdaSRG= 2.236 lambdaCut= 450 onebody=Odelta0 twobody=Odelta0
----------------------------------------
  theta |  Cross Section
   1.00 , 197.251153634620
  40.00 , 146.226528468758
  55.00 , 115.821499998532
  75.00 ,  84.917907287783
  90.00 ,  73.892639649321
 110.00 ,  74.867087740793
 125.00 ,  83.416271562958
 145.00 ,  97.859200471200
 159.00 , 106.132554831855
 180.00 , 111.319386060201
lambdaSRG= 2.236 lambdaCut= 500 onebody=Odelta0 twobody=Odelta0
----------------------------------------
  theta |  Cross Section
   1.00 , 197.248935211313
  40.00 , 146.323604228422
  55.00 , 115.961752009753
  75.00 ,  85.095278973482
  90.00 ,  74.099131718193
 110.00 ,  75.144481255166
 125.00 ,  83.775573197869
 145.00 ,  98.341975040086
 159.00 , 106.686632518039
 180.00 , 111.918951139804


Jerry experimental Data
  theta |        val |  uncertainty
----------------------------------------
  40.00 | 196.000000 |    11.661904
  55.00 | 176.000000 |    10.000000
  75.00 | 125.000000 |     8.062258
  90.00 | 135.000000 |     8.062258
 110.00 | 138.000000 |     9.433981
 125.00 | 177.000000 |    10.816654
 145.00 | 178.000000 |    10.816654
 159.00 | 193.000000 |    10.000000
AlphaOffset= 2
BetaOffset= 0
