lambdaSRG= 1.88 lambdaCut= 450 onebody=Odelta3 twobody=Odelta2
----------------------------------------
  theta |  Cross Section
   1.00 , 278.875463253016
  40.00 , 201.350423483024
  55.00 , 156.344364041972
  75.00 , 111.453661379966
  90.00 ,  95.008501238197
 110.00 ,  93.385361130916
 125.00 , 101.499158585131
 145.00 , 115.643259479704
 159.00 , 123.651619232497
 180.00 , 128.618144638878
lambdaSRG= 1.88 lambdaCut= 500 onebody=Odelta3 twobody=Odelta2
----------------------------------------
  theta |  Cross Section
   1.00 , 291.890660620236
  40.00 , 211.004638660532
  55.00 , 163.994285941330
  75.00 , 117.075635318231
  90.00 ,  99.923412426618
 110.00 ,  98.403605484502
 125.00 , 107.110106750607
 145.00 , 122.234066350499
 159.00 , 130.798087107644
 180.00 , 136.111638398826
lambdaSRG= 2.236 lambdaCut= 450 onebody=Odelta3 twobody=Odelta2
----------------------------------------
  theta |  Cross Section
   1.00 , 273.495435895066
  40.00 , 198.124811070165
  55.00 , 154.248056566805
  75.00 , 110.414367975786
  90.00 ,  94.425421496444
 110.00 ,  93.193546349750
 125.00 , 101.568827335747
 145.00 , 116.057050826675
 159.00 , 124.259498690241
 180.00 , 129.349854008368
lambdaSRG= 2.236 lambdaCut= 500 onebody=Odelta3 twobody=Odelta2
----------------------------------------
  theta |  Cross Section
   1.00 , 285.910077323446
  40.00 , 207.382376287019
  55.00 , 161.611090776051
  75.00 , 115.851537756670
  90.00 ,  99.193806888200
 110.00 ,  98.082946344565
 125.00 , 107.053597238475
 145.00 , 122.523305273068
 159.00 , 131.283012904632
 180.00 , 136.721635925043


Jerry experimental Data
  theta |        val |  uncertainty
----------------------------------------
  40.00 | 203.000000 |    20.591260
  55.00 | 147.000000 |    13.038405
  75.00 | 140.000000 |    13.892444
  90.00 | 159.000000 |    15.264338
 110.00 | 146.000000 |    21.189620
 145.00 | 167.000000 |    19.697716
 159.00 | 172.000000 |    15.000000
AlphaOffset= -2
BetaOffset= -2
