lambdaSRG= 1.88 lambdaCut= 450 onebody=Odelta0 twobody=Odelta0
----------------------------------------
  theta |  Cross Section
   1.00 , 187.642105687338
  40.00 , 139.058051813748
  55.00 , 110.537636502414
  75.00 ,  82.395159641030
  90.00 ,  73.292342186945
 110.00 ,  76.281107635307
 125.00 ,  85.845558277074
 145.00 , 101.061227998518
 159.00 , 109.590478338970
 180.00 , 114.896243931754
lambdaSRG= 1.88 lambdaCut= 500 onebody=Odelta0 twobody=Odelta0
----------------------------------------
  theta |  Cross Section
   1.00 , 187.641516606010
  40.00 , 139.143408257748
  55.00 , 110.660946347932
  75.00 ,  82.553692492050
  90.00 ,  73.481235734973
 110.00 ,  76.542354359521
 125.00 ,  86.187918310413
 145.00 , 101.523724908388
 159.00 , 110.121684263784
 180.00 , 115.471122794132
lambdaSRG= 2.236 lambdaCut= 450 onebody=Odelta0 twobody=Odelta0
----------------------------------------
  theta |  Cross Section
   1.00 , 187.623576166950
  40.00 , 139.338662418090
  55.00 , 110.951552707551
  75.00 ,  82.933825678830
  90.00 ,  73.937756188897
 110.00 ,  77.178615033191
 125.00 ,  87.025538333739
 145.00 , 102.660426774511
 159.00 , 111.429988318586
 180.00 , 116.888679316999
lambdaSRG= 2.236 lambdaCut= 500 onebody=Odelta0 twobody=Odelta0
----------------------------------------
  theta |  Cross Section
   1.00 , 187.621466022058
  40.00 , 139.431165513434
  55.00 , 111.085907541632
  75.00 ,  83.107053127928
  90.00 ,  74.144374335381
 110.00 ,  77.464573094398
 125.00 ,  87.400386281465
 145.00 , 103.166887516466
 159.00 , 112.011721889373
 180.00 , 117.518240553363


Jerry experimental Data
  theta |        val |  uncertainty
----------------------------------------
  40.00 | 196.000000 |    11.661904
  55.00 | 176.000000 |    10.000000
  75.00 | 125.000000 |     8.062258
  90.00 | 135.000000 |     8.062258
 110.00 | 138.000000 |     9.433981
 125.00 | 177.000000 |    10.816654
 145.00 | 178.000000 |    10.816654
 159.00 | 193.000000 |    10.000000
AlphaOffset= 2
BetaOffset= 2
