lambdaSRG= 1.88 lambdaCut= 450 onebody=Odelta0 twobody=Odelta0
----------------------------------------
  theta |  Cross Section
   1.00 , 205.216808194146
  40.00 , 141.034529216694
  55.00 , 105.043840554004
  75.00 ,  69.754053193132
  90.00 ,  56.029744389538
 110.00 ,  51.168232123334
 125.00 ,  53.201975443978
 145.00 ,  58.057265271017
 159.00 ,  60.898685978336
 180.00 ,  62.655291466598
lambdaSRG= 1.88 lambdaCut= 500 onebody=Odelta0 twobody=Odelta0
----------------------------------------
  theta |  Cross Section
   1.00 , 205.216229166019
  40.00 , 141.211632881668
  55.00 , 105.281836948015
  75.00 ,  70.023667070821
  90.00 ,  56.317228829562
 110.00 ,  51.512822937107
 125.00 ,  53.615625857790
 145.00 ,  58.570434920820
 159.00 ,  61.466313696741
 180.00 ,  63.256557910419
lambdaSRG= 2.236 lambdaCut= 450 onebody=Odelta0 twobody=Odelta0
----------------------------------------
  theta |  Cross Section
   1.00 , 205.196819963218
  40.00 , 141.630869271310
  55.00 , 105.855076232856
  75.00 ,  70.682639066444
  90.00 ,  57.026832139716
 110.00 ,  52.374420924689
 125.00 ,  54.659413275970
 145.00 ,  59.878694073324
 159.00 ,  62.920657665377
 180.00 ,  64.801677131034
lambdaSRG= 2.236 lambdaCut= 500 onebody=Odelta0 twobody=Odelta0
----------------------------------------
  theta |  Cross Section
   1.00 , 205.194609981954
  40.00 , 141.824000503143
  55.00 , 106.115305791483
  75.00 ,  70.977814607447
  90.00 ,  57.341672868487
 110.00 ,  52.751716863233
 125.00 ,  55.112120140281
 145.00 ,  60.439914612941
 159.00 ,  63.541176532302
 180.00 ,  65.458798929783


Jerry experimental Data
  theta |        val |  uncertainty
----------------------------------------
  40.00 | 203.000000 |    20.591260
  55.00 | 147.000000 |    13.038405
  75.00 | 140.000000 |    13.892444
  90.00 | 159.000000 |    15.264338
 110.00 | 146.000000 |    21.189620
 145.00 | 167.000000 |    19.697716
 159.00 | 172.000000 |    15.000000
AlphaOffset= 0
BetaOffset= 0
