lambdaSRG= 1.88 lambdaCut= 450 onebody=Odelta3 twobody=Odelta4
----------------------------------------
  theta |  Cross Section
   1.00 , 233.328740019194
  40.00 , 173.228604052473
  55.00 , 139.442077800022
  75.00 , 108.248948215496
  90.00 ,  99.831364432760
 110.00 , 105.709160828888
 125.00 , 117.503666959478
 145.00 , 134.707639426868
 159.00 , 143.942467037393
 180.00 , 149.558857694326
lambdaSRG= 1.88 lambdaCut= 500 onebody=Odelta3 twobody=Odelta4
----------------------------------------
  theta |  Cross Section
   1.00 , 245.569226331665
  40.00 , 182.647883864985
  55.00 , 147.179728922005
  75.00 , 114.310304178299
  90.00 , 105.361754795747
 110.00 , 111.491270621033
 125.00 , 123.953456123014
 145.00 , 142.217521505106
 159.00 , 152.030257118925
 180.00 , 158.013124155361
lambdaSRG= 2.236 lambdaCut= 450 onebody=Odelta3 twobody=Odelta4
----------------------------------------
  theta |  Cross Section
   1.00 , 228.418790713095
  40.00 , 170.116367217770
  55.00 , 137.307987742649
  75.00 , 107.105935767265
  90.00 ,  99.190114539329
 110.00 , 105.579922173582
 125.00 , 117.724931243935
 145.00 , 135.370499137053
 159.00 , 144.834410396008
 180.00 , 150.601097370184
lambdaSRG= 2.236 lambdaCut= 500 onebody=Odelta3 twobody=Odelta4
----------------------------------------
  theta |  Cross Section
   1.00 , 240.101519418660
  40.00 , 179.154491758391
  55.00 , 144.762053169576
  75.00 , 112.978382148112
  90.00 , 104.569397797446
 110.00 , 111.228498250048
 125.00 , 124.044621333478
 145.00 , 142.751609134211
 159.00 , 152.783639970069
 180.00 , 158.918168248726


Jerry experimental Data
  theta |        val |  uncertainty
----------------------------------------
  40.00 | 203.000000 |    20.591260
  55.00 | 147.000000 |    13.038405
  75.00 | 140.000000 |    13.892444
  90.00 | 159.000000 |    15.264338
 110.00 | 146.000000 |    21.189620
 145.00 | 167.000000 |    19.697716
 159.00 | 172.000000 |    15.000000
AlphaOffset= -2
BetaOffset= 2
