1076.	0.7174638586921587
1076.5	1.108408513961837
1077.	1.4707865847163744
1077.5	1.8065567825139957
1078.	2.1176778189129237
1078.5	2.406108405471382
1079.	2.673807253747594
1079.5	2.9227330752997833
1080.	3.154844581686173
1080.5	3.372100484464987
1081.	3.576459495194449
1081.5	3.769880325432781
1082.	3.954321686738208
1082.5	4.134881897157324
1083.	4.309124219164632
1083.5	4.477751521723008
1084.	4.641466673795328
1084.5	4.801861298574464
1085.	4.958394009101294
1085.5	5.111412172646693
1086.	5.261263156481538
1086.5	5.408658723372848
1087.	5.553436086896897
1087.5	5.695796856126105
1088.	5.83594264013289
1088.5	5.974255932991547
1089.	6.110685104771868
1089.5	6.245359410545522
1090.	6.378408105384176
1090.5	6.510061755342051
1091.	6.640307780115243
1091.5	6.7692349103824
1092.	6.896931876822171
1092.5	7.023549128197679
1093.	7.149088989869307
1093.5	7.273615505281912
1094.	7.397192717880351
1094.5	7.519924706994655
1095.	7.64181946583044
1095.5	7.762925023478496
1096.	7.883289409029609
1096.5	8.002987923245973
1097.	8.122030414878413
1097.5	8.240454004349154
1098.	8.358295812080424
1098.5	8.475612289795002
1099.	8.592413494094343
1099.5	8.708728812880453
1100.	8.82458763405534
1100.5	8.940033515899822
1101.	9.05507600778557
1101.5	9.169738829463064
1102.	9.28404570068279
1102.5	9.398031037811139
1103.	9.511703585336317
1103.5	9.625082784362448
1104.	9.738188075993646
1104.5	9.851047193733569
1105.	9.963667969326986
1105.5	10.076066526918197
1106.	10.18825899065151
1106.5	10.30026807666339
1107.	10.412100680309113
1107.5	10.52377028893612
1108.	10.63529038989185
1108.5	10.74667984075976
1109.	10.857944610556865
1109.5	10.969096038536193
1110.	11.080145463950778
1110.5	11.191108709993436
1111.	11.301990838401498
1111.5	11.412801394852078
1112.	11.523549925022296
1112.5	11.63424981410495
1113.	11.7449052324552
1113.5	11.855524189943885
1114.	11.966114696441853
1114.5	12.076688136220358
1115.	12.187247794989664
1115.5	12.297800332860447
1116.	12.408352409943383
1116.5	12.518913732357815
1117.	12.629486695802287
1117.5	12.740076741984005
1118.	12.850689312610182
1118.5	12.961332674353464
1119.	13.072008313969448
1119.5	13.182720543179167
1120.	13.293473673703655
1120.5	13.404274708109874
1121.	13.515124190934559
1121.5	13.626025357560376
1122.	13.736981443369988
1122.5	13.84799831317418
1123.	13.959075521156247
1123.5	14.070215250927602
1124.	14.18141968609966
1124.5	14.292693641164469
1125.	14.40403561650056
1125.5	14.515446743367091
1126.	14.62692815302323
1126.5	14.738483665269914
1127.	14.850110647407815
1127.5	14.961809155279385
1128.	15.073579244727073
1128.5	15.185423769670532
1129.	15.297338868644129
1129.5	15.409323478259429
1130.	15.521376535128004
1130.5	15.633499932745718
1131.	15.745688468086124
1131.5	15.857939895007073
1132.	15.970251967366414
1132.5	16.08262560267955
1133.	16.195054125683757
1133.5	16.307534024773865
1134.	16.420061788344704
1134.5	16.532637322843474
1135.	16.645252331391685
1135.5	16.75790193516322
1136.	16.870581255331956
1136.5	16.983289133489457
1137.	17.09601548222485
1137.5	17.208753934544948
1138.	17.321498123456564
1138.5	17.434245753519935
1139.	17.546984757567067
1139.5	17.659707139983404
1140.	17.77240490515438
1140.5	17.88507452994957
1141.	17.997701757276623
1141.5	18.110276802527324
1142.	18.222789881093462
1142.5	18.335236132586708
1143.	18.447598878491
1143.5	18.559866364510174
1144.	18.672026836348056
1144.5	18.784073967200833
1145.	18.895988404283035
1145.5	19.007756222301552
1146.	19.11936349596327
1146.5	19.230802282423504
1147.	19.34205028096134
1147.5	19.453091173304305
1148.	19.563908641179914
1148.5	19.67449295460181
1149.	19.78481857169694
1149.5	19.894866538878357
1150.	20.004617902559136
1150.5	20.1140609519697
1151.	20.22316659357882
1151.5	20.33191297667261
1152.	20.440278250537197
1152.5	20.548248506401347
1153.	20.655790774831484
1153.5	20.76288002833667
1154.	20.869491239425976
1154.5	20.975608059632496
1155.	21.081193310831654
1155.5	21.186218493922905
1156.	21.290655109805698
1156.5	21.39448410352517
1157.	21.497663754176823
1157.5	21.60016178500184
1158.	21.70194591924141
1158.5	21.802994103393726
1159.	21.903259748140155
1159.5	22.00270648741907
1160.	22.101297955168846
1160.5	22.19900878252263
1161.	22.295787207346127
1161.5	22.391592464699812
1162.	22.486383789644158
1162.5	22.58013215785931
1163.	22.6727803675382
1163.5	22.76428295749342
1164.	22.854594466537577
1164.5	22.943681854343154
1165.	23.031482270518914
1165.5	23.117945285533516
1166.	23.2030204698556
1166.5	23.2866703907337
1167.	23.368826423144636
1167.5	23.449432938845092
1168.	23.528434309591773
1168.5	23.60578832485172
1169.	23.681420571587136
1169.5	23.75527005447058
1170.	23.827275778174606
1170.5	23.897390369989644
1171.	23.965533762923222
1171.5	24.03163951260075
1172.	24.095641174647632
1172.5	24.15748584437276
1173.	24.217088121844657
1173.5	24.27437614681533
1174.	24.329278059036792
1174.5	24.381735084806266
1175.	24.43165704271246
1175.5	24.4789668378893
1176.	24.523587375470704
1176.5	24.56545373209705
1177.	24.604471772793232
1177.5	24.6405595340906
1178.	24.67363505252049
1178.5	24.70362706068623
1179.	24.730438620618397
1179.5	24.753983490419543
1180.	24.774175428192216
1180.5	24.790936751229214
1181.	24.80416923476675
1181.5	24.81378321323128
1182.	24.819689021049257
1182.5	24.821802656208984
1183.	24.820026524150336
1183.5	24.814268693875032
1184.	24.804437234384785
1184.5	24.790442138995395
1185.	24.77218878266887
1185.5	24.7495844646813
1186.	24.722536484308765
1186.5	24.690949420926174
1187.	24.65473438167127
1187.5	24.61379975378061
1188.	24.568053924490766
1188.5	24.51739698747681
1189.	24.46174894096138
1189.5	24.401021489605625
1190.	24.3351263380707
1190.5	24.263960421652964
1191.	24.18745612212428
1191.5	24.105531051891713
1192.	24.018102823362337
1192.5	23.925066995975474
1193.	23.826372056293035
1193.5	23.72194443790919
1194.	23.611710574418105
1194.5	23.495566930172814
1195.	23.373481895705073
1195.5	23.245393892305504
1196.	23.111241341264723
1196.5	22.970924411351728
1197.	22.824435077387417
1197.5	22.67172706167106
1198.	22.512754086501936
1198.5	22.34742333040852
1199.	22.175753676969197
1199.5	21.99771746599155
1200.	21.813287037283168
1200.5	21.62238033304821
1201.	21.425045849739064
1201.5	21.22127768620469
1202.	21.011069941294053
1202.5	20.794355412237856
1203.	20.571214020150617
1203.5	20.341664384528595
1204.	20.10572512486806
1204.5	19.863348151458872
1205.	19.614645476686253
1205.5	19.359662403729015
1206.	19.098444235765974
1206.5	18.830966190955507
1207.	18.557371691505057
1207.5	18.27773407460162
1208.	17.992126677432204
1208.5	17.700551877432414
1209.	17.403182355441185
1209.5	17.100119832546074
1210.	16.79146602983463
1210.5	16.477253680176187
1211.	16.157681088163798
1211.5	15.832877570172307
1212.	15.502972442576553
1212.5	15.168031019098114
1213.	14.828272219826395
1213.5	14.483850962197538
1214.	14.134922163647687
1214.5	13.78158468945667
1215.	13.42407193007947
1215.5	13.062561223814763
1216.	12.697229908961212
1216.5	12.328209903685424
1217.	11.955742134470961
1217.5	11.580022107669318
1218.	11.201245329631995
1218.5	10.819574692419419
1219.	10.43525136239058
1219.5	10.0484838916134
1220.	9.659480832155797
1220.5	9.268432407954641
1221.	8.875572830461332
1221.5	8.481117982996215
1222.	8.085283748879636
1222.5	7.688282633566143
1223.	7.290335249388196
1223.5	6.891658830812459
1224.	6.4924706123055955
1224.5	6.092999204976529
1225.	5.6934459159927595
1225.5	5.294023429164047
1226.	4.89494442830015
1226.5	4.4964467126099175
1227.	4.098707804344386
1227.5	3.701930341153677
1228.	3.3063169606879157
1228.5	2.9121074346637696
1229.	2.519452413038202
1229.5	2.1285396798347187
1230.	1.7395570190768268
1230.5	1.3527391164619837
1231.	0.9682080936701645
1231.5	0.5861329740552954
1232.	0.20668278097130255
1232.5	-0.16991936855611733
1233.	-0.5435801823135169
1233.5	-0.914152274415678
1234.	-1.281488258977383
1234.5	-1.645382151682881
1235.	-2.0057686044497
1235.5	-2.3625236707648347
1236.	-2.715523404115281
1236.5	-3.064583358228517
1237.	-3.409664286254861
1237.5	-3.750666441585115
1238.	-4.087490077610081
1238.5	-4.419975406365587
1239.	-4.748106739139399
1239.5	-5.071808345864306
1240.	-5.391004496473098
1240.5	-5.705561880118357
1241.	-6.015485379825167
1241.5	-6.320722297838404
1242.	-6.621219936402941
1242.5	-6.9168720571405995
1243.	-7.207700919168531
1243.5	-7.49367524098083
1244.	-7.774763741071592
1244.5	-8.050886774717771
1245.	-8.322080768917463
1245.5	-8.588333787451624
1246.	-8.849633894101206
1246.5	-9.105926679322055
1247.	-9.357259669550277
1247.5	-9.603637917896872
1248.	-9.845066477472837
1248.5	-10.081514150383459
1249.	-10.313036741147732
1249.5	-10.539653803278943
1250.	-10.761384890290376
1250.5	-10.978219540710892
1251.	-11.190219329031965
1251.5	-11.397415814760647
1252.	-11.599840557403994
1252.5	-11.79750110102621
1253.	-11.990462626754331
1253.5	-12.178766300272551
1254.	-12.362453287265058
1254.5	-12.541546319087285
1255.	-12.716112369483684
1255.5	-12.886199977869952
1256.	-13.051857683661783
1256.5	-13.213120635286131
1257.	-13.370056119542928
1257.5	-13.522718032243368
1258.	-13.67116026919864
1258.5	-13.815427775200515
1259.	-13.955586977487377
1259.5	-14.091695352278187
1260.	-14.22381037579191
1260.5	-14.35198438768652
1261.	-14.476282055366358
1261.5	-14.596762909674782
1262.	-14.71348648145515
1262.5	-14.826510364858697
1263.	-14.935896802097748
1263.5	-15.041706098692506
1264.	-15.143998560163176
1264.5	-15.24283517500556
1265.	-15.338275292574021
1265.5	-15.430378945198527
1266.	-15.519206165209038
1266.5	-15.604819756956301
1267.	-15.687275871941186
1267.5	-15.766633433685346
1268.	-15.842951365710434
1268.5	-15.916292980006295
1269.	-15.986711056239109
1269.5	-16.05426276254325
1270.	-16.119005267053094
1270.5	-16.181001331483863
1271.	-16.24030029295674
1271.5	-16.296957082173765
1272.	-16.351026629836966
1272.5	-16.402570314704835
1273.	-16.451634040200375
1273.5	-16.498270157803027
1274.	-16.542531018992246
1274.5	-16.58447598467476
1275.	-16.624147593131834
1275.5	-16.661595392072016
1276.	-16.696868929203845
1276.5	-16.73002508267184
1277.	-16.761103137574178
1277.5	-16.79014970944501
1278.	-16.817211413818484
1278.5	-16.8423423243958
1279.	-16.865578615277244
1279.5	-16.886963918730146
1280.	-16.90654186702184
1280.5	-16.924363526154423
1281.	-16.940462121166554
1281.5	-16.95487831083166
1282.	-16.967652753923158
1282.5	-16.97883340157511
1283.	-16.988450703256056
1283.5	-16.996542400795164
1284.	-17.003146236021614
1284.5	-17.00830701447015
1285.	-17.01205258878214
1285.5	-17.014417875304517
1286.	-17.015437790384226
1286.5	-17.015154022721955
1287.	-17.013592007369393
1287.5	-17.010783951731987
1288.	-17.006762063215174
1288.5	-17.001564987595454
1289.	-16.995215918558788
1289.5	-16.987744488162186
1290.	-16.97918032846267
1290.5	-16.969559149402432
1291.	-16.958902073999244
1291.5	-16.94723630315605
1292.	-16.934589037775797
1292.5	-16.920993182411976
1293.	-16.906467952856772
1293.5	-16.89103826855292
1294.	-16.874729048943145
1294.5	-16.85757053904613
1295.	-16.839580202498272
1295.5	-16.820780828511932
1296.	-16.801195206299454
1296.5	-16.780851076275653
1297.	-16.759764295969436
1297.5	-16.737955674112172
1298.	-16.715446019435234
1298.5	-16.692256140669986
1299.	-16.6684068465478
1299.5	-16.643918945800042
1300.	-16.61881324715808