1076.	13.811212614293963
1076.5	13.773789510840237
1077.	13.73658528845285
1077.5	13.699602936981474
1078.	13.662845446275773
1078.5	13.626315806185412
1079.	13.59001700656006
1079.5	13.553952037249383
1080.	13.518123888103048
1080.5	13.482535548970722
1081.	13.447190009702071
1081.5	13.412090260146762
1082.	13.377239290154462
1082.5	13.342646942311179
1083.	13.308306612635702
1083.5	13.27421854988316
1084.	13.240383002808686
1084.5	13.206804445299126
1085.	13.173477210925205
1085.5	13.140399858389367
1086.	13.107570946394057
1086.5	13.07499013564857
1087.	13.042654442045755
1087.5	13.010561983485317
1088.	12.978710877866956
1088.5	12.947098464676342
1089.	12.915723951592824
1089.5	12.884585767881715
1090.	12.853682342808332
1090.5	12.823010997048513
1091.	12.79257171189284
1091.5	12.762363360042421
1092.	12.732384814198362
1092.5	12.702638569341346
1093.	12.673118426981071
1093.5	12.643821810906815
1094.	12.61474614490785
1094.5	12.585886351242868
1095.	12.557243355843962
1095.5	12.52881558311264
1096.	12.500601457450413
1096.5	12.472599279793073
1097.	12.444807647394128
1097.5	12.417225034041373
1098.	12.3898499135226
1098.5	12.362679389270534
1099.	12.335713853570066
1099.5	12.308952328351017
1100.	12.282393835543209
1100.5	12.256040927268613
1101.	12.229887683188037
1101.5	12.203931713154445
1102.	12.178170627020794
1102.5	12.152598211548558
1103.	12.127217428918783
1103.5	12.102027418221024
1104.	12.077027318544838
1104.5	12.052217333039948
1105.	12.027595111111678
1105.5	12.003159366225516
1106.	11.978908811846953
1106.5	11.95484328184564
1107.	11.93095992112124
1107.5	11.907256994977576
1108.	11.883732768718476
1108.5	11.860382864710319
1109.	11.837209248369348
1109.5	11.81421124217437
1110.	11.79138816860418
1110.5	11.768741713658168
1111.	11.746267890886317
1111.5	11.723965077359198
1112.	11.701831650147378
1112.5	11.679864621971017
1113.	11.65806427999126
1113.5	11.636429547018837
1114.	11.614959345864484
1114.5	11.593651186713588
1115.	11.572505970052367
1115.5	11.55152318374169
1116.	11.53070231564243
1116.5	11.510046568320913
1117.	11.489550229050373
1117.5	11.469211299809498
1118.	11.449027782576975
1118.5	11.42899245082971
1119.	11.40911062644889
1119.5	11.389382402813913
1120.	11.369807873304184
1120.5	11.350392170274205
1121.	11.331128332538235
1121.5	11.31201443788564
1122.	11.29304856410578
1122.5	11.274223501423418
1123.	11.255544730218356
1123.5	11.237012443305794
1124.	11.218626833500934
1124.5	11.200393213619215
1125.	11.182304608475507
1125.5	11.164359162884915
1126.	11.14655502166255
1126.5	11.128884993639467
1127.	11.111354694008442
1127.5	11.093964401978203
1128.	11.076714396757474
1128.5	11.059610137981373
1129.	11.042644652261682
1129.5	11.025816146636569
1130.	11.009122828144204
1130.5	10.992558858219574
1131.	10.976128107745309
1131.5	10.959830402000849
1132.	10.943665566265638
1132.5	10.92763602113191
1133.	10.911737958441204
1133.5	10.895970165347844
1134.	10.880331429006157
1134.5	10.864817760849625
1135.	10.849431834041761
1135.5	10.834173546025228
1136.	10.819042794242694
1136.5	10.804040751038299
1137.	10.789165528992642
1137.5	10.774416515587799
1138.	10.759793098305842
1138.5	10.74531123994512
1139.	10.730947122544928
1139.5	10.716693503460828
1140.	10.70254314004839
1140.5	10.688458501135708
1141.	10.674474748016806
1141.5	10.660596753458236
1142.	10.646829390226552
1142.5	10.633188312125881
1143.	10.619663298470172
1143.5	10.606254909610952
1144.	10.59296370589974
1144.5	10.579795781710134
1145.	10.566743949762758
1145.5	10.553806556800305
1146.	10.540981949565472
1146.5	10.52820085148719
1147.	10.515556281947422
1147.5	10.503073637014365
1148.	10.490778312756218
1148.5	10.47868722131215
1149.	10.466837636251002
1149.5	10.455258347212586
1150.	10.443978143836716
1150.5	10.433234256229946
1151.	10.422763657378647
1151.5	10.412511760735931
1152.	10.402423979754916
1152.5	10.392308721520818
1153.	10.382303208401805
1153.5	10.372407656398149
1154.	10.362622281510122
1154.5	10.352953190157068
1155.	10.343392351752557
1155.5	10.333937626129236
1156.	10.324586873119745
1156.5	10.315328985736423
1157.	10.306174377360342
1157.5	10.29712449455227
1158.	10.288180783872972
1158.5	10.279352141143129
1159.	10.270629583959629
1159.5	10.262011579179276
1160.	10.253496593658873
1160.5	10.245079463405473
1161.	10.236763738465525
1161.5	10.228549338035732
1162.	10.220436181312795
1162.5	10.212423574075622
1163.	10.204512294305827
1163.5	10.196702506567226
1164.	10.18899437542364
1164.5	10.18139182874383
1165.	10.173889762464697
1165.5	10.16648683582808
1166.	10.15918170807582
1166.5	10.151968760415734
1167.	10.144852641337298
1167.5	10.137833721295967
1168.	10.130912370747195
1168.5	10.124092238346385
1169.	10.117369105069058
1169.5	10.11074203009068
1170.	10.104210072586728
1170.5	10.097768844837733
1171.	10.091422231672079
1171.5	10.085170671023212
1172.	10.079014600824578
1172.5	10.072956083820385
1173.	10.066993283209015
1173.5	10.06112598699961
1174.	10.05535398320131
1174.5	10.049678892988448
1175.	10.044097937938902
1175.5	10.038610172795742
1176.	10.033214652302036
1176.5	10.027908660153807
1177.	10.022693730559983
1177.5	10.01756962668245
1178.	10.012536111683092
1178.5	10.007590932780037
1179.	10.002736675456429
1179.5	9.997973909251657
1180.	9.993303203705109
1180.5	9.988728965106194
1181.	9.98424639154427
1181.5	9.979854517858714
1182.	9.975552378888906
1182.5	9.971337089496803
1183.	9.967210372490177
1183.5	9.963172030699374
1184.	9.959221866954742
1184.5	9.955359663572308
1185.	9.95158525210247
1185.5	9.947898443581309
1186.	9.944299049044899
1186.5	9.940786836556478
1187.	9.937361677314101
1187.5	9.93402339954298
1188.	9.930771831468329
1188.5	9.927604532711674
1189.	9.924524507543392
1189.5	9.921532491630172
1190.	9.918629220638703
1190.5	9.915822107831982
1191.	9.913102540241866
1191.5	9.91046858249652
1192.	9.907918299224114
1192.5	9.905443078025952
1193.	9.903050331367803
1193.5	9.900740794688577
1194.	9.898515203427184
1194.5	9.89637402305177
1195.	9.894318366960313
1195.5	9.892349078580034
1196.	9.890467001338145
1196.5	9.888680209459702
1197.	9.886979423254948
1197.5	9.885362593831962
1198.	9.883827672298825
1198.5	9.88236538816962
1199.	9.880983802784025
1199.5	9.87968375588772
1200.	9.878466087226387
1200.5	9.877334005495008
1201.	9.876285033910241
1201.5	9.875319064638045
1202.	9.874435989844383
1202.5	9.873632969749794
1203.	9.872913721243822
1203.5	9.872279229270598
1204.	9.871730478774246
1204.5	9.87127920776606
1205.	9.870911346896133
1205.5	9.87062357988173
1206.	9.87041259044011
1206.5	9.870258886277187
1207.	9.870181797526108
1207.5	9.870184478308675
1208.	9.870270082746682
1208.5	9.870452515313723
1209.	9.87071987963909
1209.5	9.871071029703867
1210.	9.871504819489138
1210.5	9.872020346071409
1211.	9.87261612309817
1211.5	9.87329090731234
1212.	9.87404345545683
1212.5	9.874866724932923
1213.	9.87576759156182
1213.5	9.876747131823084
1214.	9.877806422196286
1214.5	9.87894622079662
1215.	9.880168049813772
1215.5	9.88147311307306
1216.	9.8828626143998
1216.5	9.884350209272656
1217.	9.885919669202256
1217.5	9.887567217352577
1218.	9.889289076887598
1218.5	9.891062739496421
1219.	9.892910652407846
1219.5	9.8948365313758
1220.	9.89684409215421
1220.5	9.89895286634274
1221.	9.901144427511282
1221.5	9.903416165075468
1222.	9.905765468450928
1222.5	9.908180027700777
1223.	9.910670811334167
1223.5	9.91323908850774
1224.	9.915886128378133
1224.5	9.918616387876881
1225.	9.921426673275768
1225.5	9.924316978621475
1226.	9.927287297960678
1226.5	9.930337606475314
1227.	9.933467924622708
1227.5	9.936678253995437
1228.	9.939968596186082
1228.5	9.943342617891492
1229.	9.946795189558268
1229.5	9.95032484673728
1230.	9.953930124979399
1230.5	9.957602338580784
1231.	9.961350132848903
1231.5	9.96517493183651
1232.	9.96907815959636
1232.5	9.973064738021481
1233.	9.977131194188248
1233.5	9.981277553013308
1234.	9.98550383941331
1234.5	9.989810060851084
1235.	9.994196266678621
1235.5	9.998662488794096
1236.	10.003208759095681
1236.5	10.007839154845218
1237.	10.01254804443175
1237.5	10.017333841607982
1238.	10.022194960126622
1238.5	10.027121855502534
1239.	10.032124083021406
1239.5	10.03720323973109
1240.	10.04236092267943
1240.5	10.047602595187623
1241.	10.052924441520824
1241.5	10.058326512217542
1242.	10.063808857816284
1242.5	10.069375856347374
1243.	10.075021499860775
1243.5	10.08074410789826
1244.	10.08654200000161
1244.5	10.09240497581791
1245.	10.098343282741508
1245.5	10.104358648272061
1246.	10.110452799909226
1246.5	10.116631601767207
1247.	10.122890990085288
1247.5	10.129231037717307
1248.	10.135651817517099
1248.5	10.142158050920873
1249.	10.14874330276714
1249.5	10.155405786476782
1250.	10.162143715470684
1250.5	10.168946162929108
1251.	10.17582413860981
1251.5	10.18277951202992
1252.	10.189814152706571
1252.5	10.196934376084007
1253.	10.204135827381405
1253.5	10.211418597745052
1254.	10.218782778321238
1254.5	10.226233433748568
1255.	10.233763692284084
1255.5	10.241371655677147
1256.	10.249055425677115
1256.5	10.256803316020008
1257.	10.264627131673864
1257.5	10.272528889593382
1258.	10.280510606733259
1258.5	10.28857906302108
1259.	10.2967296072495
1259.5	10.304962351184058
1260.	10.313277406590297
1260.5	10.321680210904034
1261.	10.330163419952424
1261.5	10.338725015232901
1262.	10.347362978242895
1262.5	10.356064815558858
1263.	10.364843173567593
1263.5	10.373700223734923
1264.	10.382638137526676
1264.5	10.391664178076978
1265.	10.400773388516026
1265.5	10.409965903642323
1266.	10.419241858254374
1266.5	10.42860709618274
1267.	10.438053759581038
1267.5	10.447579699634948
1268.	10.457182767530147
1268.5	10.466849605685534
1269.	10.47659375756028
1269.5	10.486417557846776
1270.	10.496323341237414
1270.5	10.506324878352812
1271.	10.51640849358584
1271.5	10.526571947257603
1272.	10.536812999689195
1272.5	10.547117683225293
1273.	10.557500177353994
1273.5	10.567962933586964
1274.	10.578508403435874
1274.5	10.58915101371327
1275.	10.599876450509594
1275.5	10.610682375216166
1276.	10.621566449224304
1276.5	10.63250766874807
1277.	10.643529826426944
1277.5	10.654638049723145
1278.	10.665837466098894
1278.5	10.677164764543436
1279.	10.68858088638116
1279.5	10.700078334463482
1280.	10.711649611641814
1280.5	10.723248813681414
1281.	10.734922213354313
1281.5	10.746677676346382
1282.	10.758523068343496
1282.5	10.770505488702515
1283.	10.782577875969935
1283.5	10.79473240236324
1284.	10.806961240099906
1284.5	10.819216431914786
1285.	10.831546331301045
1285.5	10.843959162269218
1286.	10.856463148829837
1286.5	10.86910037391535
1287.	10.881831659045611
1287.5	10.894651684662394
1288.	10.907555131207465
1288.5	10.920523295976238
1289.	10.933569595815383
1289.5	10.946694064425209
1290.	10.959896735506032
1290.5	10.973170197227027
1291.	10.986524907032097
1291.5	10.999963876834002
1292.	11.01349011854551
1292.5	11.02711360490974
1293.	11.040827602676961
1293.5	11.0546323394278
1294.	11.068528042742876
1294.5	11.082530451922267
1295.	11.096618078139365
1295.5	11.110784944287015
1296.	11.125025073258064
1296.5	11.139294120862964
1297.	11.153639823909904
1297.5	11.168071552124683
1298.	11.182598675233102
1298.5	11.197230562960959
1299.	11.211976585034055
1299.5	11.226846111178187
1300.	11.241848511119157