1076.	0.15428491069020933
1076.5	0.23582231124766523
1077.	0.310942824833254
1077.5	0.38007503916532287
1078.	0.4436475419622191
1078.5	0.5020889209422901
1079.	0.5558277638238829
1079.5	0.605292658325345
1080.	0.6509121921650236
1080.5	0.693114953061266
1081.	0.7323295287324194
1081.5	0.7689845068968313
1082.	0.8035084752728487
1082.5	0.8370110598308177
1083.	0.8689673947362875
1083.5	0.8995336524068057
1084.	0.9288660052599205
1084.5	0.9573152274147513
1085.	0.9847650489066455
1085.5	1.011293801472522
1086.	1.0369798168492999
1086.5	1.0619824253516976
1087.	1.086266560707715
1087.5	1.1098781552231518
1088.	1.1328631412038068
1088.5	1.155307632201954
1089.	1.1772013067783287
1089.5	1.19857402474014
1090.	1.2194556458945975
1090.5	1.2398988409109963
1091.	1.2599015343896265
1091.5	1.2794844617928631
1092.	1.2986683585830816
1092.5	1.317488363502587
1093.	1.335945047421853
1093.5	1.3540533844912837
1094.	1.3718283488612826
1094.5	1.3892936786096697
1095.	1.4064520783884653
1095.5	1.4233150167771071
1096.	1.4398939623550318
1096.5	1.4562068430624737
1097.	1.4722560843737538
1097.5	1.4880505711239902
1098.	1.503599188148301
1098.5	1.5189155688988742
1099.	1.5340019501469304
1099.5	1.5488653172807594
1100.	1.5635126556886516
1100.5	1.5779536875260967
1101.	1.5921915667073054
1101.5	1.6062321839136884
1102.	1.620081429826656
1102.5	1.6337481993654892
1103.	1.6472341772785797
1103.5	1.6605440525521888
1104.	1.6736825141725789
1104.5	1.6866558657544308
1105.	1.69946653580422
1105.5	1.7121185674568409
1106.	1.7246160038471878
1106.5	1.7369646964138328
1107.	1.7491661566665215
1107.5	1.7612237044186771
1108.	1.7731406594837231
1108.5	1.7849211889937358
1109.	1.796567426516024
1109.5	1.80808235293655
1110.	1.8194689491412754
1110.5	1.8307313030189043
1111.	1.84187084565156
1111.5	1.8528901151241082
1112.	1.8637916495214137
1112.5	1.8745789692750299
1113.	1.8852532371844593
1113.5	1.895816598395892
1114.	1.906271198055518
1114.5	1.9166198500427378
1115.	1.9268637632772476
1115.5	1.9370048154119541
1116.	1.9470448840997636
1116.5	1.9569857172290972
1117.	1.9668293741231404
1117.5	1.9765777843405938
1118.	1.986232877440158
1118.5	1.9957981309745536
1119.	2.0052733073108526
1119.5	2.0146597168101477
1120.	2.023958669833531
1120.5	2.033171212339165
1121.	2.042299024852244
1121.5	2.0513435234950324
1122.	2.0603061243897933
1122.5	2.06918852426345
1123.	2.0779917463917448
1123.5	2.0867170946550786
1124.	2.095365872933853
1124.5	2.1039401979679173
1125.	2.1124402356344443
1125.5	2.1208669646700553
1126.	2.129221363811371
1126.5	2.137503823954262
1127.	2.145716146812401
1127.5	2.15385954625871
1128.	2.161935236166111
1128.5	2.169945772836382
1129.	2.1778904907420453
1129.5	2.1857700667844817
1130.	2.193585177865069
1130.5	2.2013358259007885
1131.	2.2090236327711774
1131.5	2.2166495453713746
1132.	2.224214510596519
1132.5	2.231719912367738
1133.	2.239166085743786
1133.5	2.246553802809407
1134.	2.253883835649345
1134.5	2.2611574426027565
1135.	2.268374714998206
1135.5	2.2755362304186724
1136.	2.2826425664471333
1136.5	2.2896937492959144
1137.	2.296691128466907
1137.5	2.303635502091351
1138.	2.310527668300485
1138.5	2.3173688426202603
1139.	2.3241592388293193
1139.5	2.330899488101017
1140.	2.3375902216087074
1140.5	2.3442329353248432
1141.	2.3508270497040424
1141.5	2.3573728500000195
1142.	2.36387062146649
1142.5	2.3703196195566547
1143.	2.37672157124495
1143.5	2.383077173705297
1144.	2.3893871241116176
1144.5	2.395652548276373
1145.	2.401873543279529
1145.5	2.4080506348395923
1146.	2.414184348675067
1146.5	2.4203267980552936
1147.	2.42640628612761
1147.5	2.4324027035901894
1148.	2.4382959411412037
1148.5	2.4440766448257327
1149.	2.4497096478562783
1149.5	2.45517053879225
1150.	2.4604349061930564
1150.5	2.465308993148879
1151.	2.470005471876047
1151.5	2.4745676691216603
1152.	2.47903891163282
1152.5	2.483569025975571
1153.	2.4880522391504916
1153.5	2.4924892779771044
1154.	2.4968808692749316
1154.5	2.501229628624427
1155.	2.5055336385798106
1155.5	2.5097928704562324
1156.	2.514007295568842
1156.5	2.5181750541557313
1157.	2.5222986810399335
1157.5	2.5263788799674227
1158.	2.5304163546841725
1158.5	2.53441381322625
1159.	2.5383691533334996
1159.5	2.542282277035858
1160.	2.546153086363262
1160.5	2.549980046115247
1161.	2.5537650704443124
1161.5	2.557508636272557
1162.	2.561211220522079
1162.5	2.5648732928525177
1163.	2.5684953403534125
1163.5	2.572077842851845
1164.	2.5756212801748957
1164.5	2.5791278013018917
1165.	2.5825955492467707
1165.5	2.586024336175716
1166.	2.58941397425491
1166.5	2.592762695744724
1167.	2.5960725246794785
1167.5	2.599343905187681
1168.	2.60257728139784
1168.5	2.605773069530056
1169.	2.6089317527846068
1169.5	2.6120537864533633
1170.	2.6151396258281965
1170.5	2.618191543502088
1171.	2.6212074505453535
1171.5	2.624187075329418
1172.	2.6271301462257077
1172.5	2.6300340152704997
1173.	2.6329017377044295
1173.5	2.6357339924329817
1174.	2.6385314583616433
1174.5	2.6412973305553065
1175.	2.6440287652962873
1175.5	2.6467254350263087
1176.	2.649387012187094
1176.5	2.652010632734871
1177.	2.6545995201910553
1177.5	2.6571543615915676
1178.	2.659675843972328
1178.5	2.662166620082111
1179.	2.664624624958843
1179.5	2.667049759353302
1180.	2.6694419240162683
1180.5	2.6718004018100445
1181.	2.674125958529277
1181.5	2.6764187420801355
1182.	2.6786789003687894
1182.5	2.6809066104082286
1183.	2.6831019793550754
1183.5	2.6852651434727717
1184.	2.6873962390247588
1184.5	2.689495418332001
1185.	2.6915627951774095
1185.5	2.6935984994014173
1186.	2.695602660844457
1186.5	2.6975746546458894
1187.	2.699515667227649
1187.5	2.7014261303105975
1188.	2.7033064756155976
1188.5	2.705158664184114
1189.	2.7069809866881642
1189.5	2.708773263120369
1190.	2.7105353134733483
1190.5	2.712267056322552
1191.	2.713968173644641
1191.5	2.715638445999103
1192.	2.7172776539454286
1192.5	2.718883175652324
1193.	2.7204581550263742
1193.5	2.7220033335833804
1194.	2.723519452839145
1194.5	2.7250088041398914
1195.	2.726469959238832
1195.5	2.7279030397196
1196.	2.7293081671658284
1196.5	2.7306872504327315
1197.	2.7320379089237297
1197.5	2.7333595493138243
1198.	2.734651578278016
1198.5	2.735909974137254
1199.	2.737138943262212
1199.5	2.738339263669513
1200.	2.7395117133757796
1200.5	2.740659688189979
1201.	2.7417803012194497
1201.5	2.7428732833638754
1202.	2.7439383655229395
1202.5	2.744974426958905
1203.	2.745982390863845
1203.5	2.7469623287924123
1204.	2.7479143122992586
1204.5	2.7488384278541855
1205.	2.7497347261306366
1205.5	2.7506032727172043
1206.	2.7514441332024813
1206.5	2.7522563992152613
1207.	2.753041499887856
1207.5	2.7537998903927767
1208.	2.7545320259025368
1208.5	2.755240301136573
1209.	2.7559224559017026
1209.5	2.7565781695516676
1210.	2.7572071214402096
1210.5	2.7578080588535205
1211.	2.7583819660399134
1211.5	2.75892889518015
1212.	2.759448898454993
1212.5	2.7599420408017066
1213.	2.76040835654195
1213.5	2.7608478927538855
1214.	2.761260696515674
1214.5	2.7616457412659376
1215.	2.7620045771781934
1215.5	2.7623376807864197
1216.	2.7626455286245934
1216.5	2.7629307262812914
1217.	2.7631907696140527
1217.5	2.7634252835350157
1218.	2.763633892956319
1218.5	2.763815191283263
1219.	2.7639702475375585
1219.5	2.764099099234078
1220.	2.764201783887696
1220.5	2.7642771938438635
1221.	2.7643269698546438
1221.5	2.764351607502678
1222.	2.764351602370608
1222.5	2.76433091388753
1223.	2.764285188251049
1223.5	2.7642135355052253
1224.	2.7641150656941194
1224.5	2.763984250807296
1225.	2.7638266941651075
1225.5	2.763643361033412
1226.	2.7634352166780674
1226.5	2.763205502053819
1227.	2.7629519964620823
1227.5	2.762674754893159
1228.	2.762373832337352
1228.5	2.762051832610312
1229.	2.7617052423468538
1229.5	2.761333097007142
1230.	2.7609344320513394
1230.5	2.7605033119496136
1231.	2.760045731548123
1231.5	2.759562714703029
1232.	2.7590552852704935
1232.5	2.758528241942269
1233.	2.757977323804691
1233.5	2.757402044779685
1234.	2.7568019187891775
1234.5	2.756175210900023
1235.	2.7555231834312464
1235.5	2.7548458498468014
1236.	2.754143223610642
1236.5	2.7534139558114163
1237.	2.7526599672385066
1237.5	2.751881816305988
1238.	2.7510800614279374
1238.5	2.750257964823814
1239.	2.7494122995801575
1239.5	2.74854254258889
1240.	2.747648170741934
1240.5	2.7467273371800673
1241.	2.7457813720468156
1241.5	2.7448102817345594
1242.	2.7438140726356792
1242.5	2.742792767034528
1243.	2.7417463490747247
1243.5	2.7406748187918604
1244.	2.7395781762215266
1244.5	2.738454933196108
1245.	2.737307173235685
1245.5	2.7361354916571314
1246.	2.734940483777322
1246.5	2.733725674500959
1247.	2.732487557721956
1247.5	2.731225556922057
1248.	2.729939095583005
1248.5	2.7286261672325116
1249.	2.7272881972879626
1249.5	2.725925181212713
1250.	2.7245371144701176
1250.5	2.7231239999132035
1251.	2.721685822659785
1251.5	2.720222575217348
1252.	2.7187342500933793
1252.5	2.7172192376640627
1253.	2.715679773420707
1253.5	2.714116490723319
1254.	2.712530022931905
1254.5	2.7109257995768536
1255.	2.7092977393796374
1255.5	2.707644557232111
1256.	2.7059649680261275
1256.5	2.704251260041918
1257.	2.70251114542761
1257.5	2.7007459097197066
1258.	2.698956838454712
1258.5	2.6971483763792894
1259.	2.6953173861357187
1259.5	2.6934638895764396
1260.	2.6915879085538914
1260.5	2.689692936525033
1261.	2.6877741350959767
1261.5	2.685830137477355
1262.	2.683859576879799
1262.5	2.681854276773024
1263.	2.6798224040049456
1263.5	2.6777653156825627
1264.	2.675684368912875
1264.5	2.6735860719144218
1265.	2.671464570238044
1265.5	2.6693191605461246
1266.	2.6671491395010456
1266.5	2.6649520954273647
1267.	2.6627297166604187
1267.5	2.6604819831977196
1268.	2.658208875036779
1268.5	2.655908527055204
1269.	2.6535835024183743
1269.5	2.651234519171764
1270.	2.648862295360847
1270.5	2.6464730944843535
1271.	2.6440598709531997
1271.5	2.641621124631558
1272.	2.6391553553836005
1272.5	2.636653631924448
1273.	2.634124857726944
1273.5	2.6315705051148823
1274.	2.628992046412055
1274.5	2.6263965618285727
1275.	2.6237776726473836
1275.5	2.621134608037752
1276.	2.6184665971689434
1276.5	2.615771023957845
1277.	2.613049700927052
1277.5	2.610302595346781
1278.	2.607529674487248
1278.5	2.6047309080231247
1279.	2.6019062598583904
1279.5	2.599055696301481
1280.	2.59617918366083
1280.5	2.593274616446425
1281.	2.590344861484527
1281.5	2.5873907138029493
1282.	2.584412968429506
1282.5	2.5814186064382603
1283.	2.5783997623922756
1283.5	2.575354756900866
1284.	2.572281910573344
1284.5	2.569171265271281
1285.	2.5660327318508305
1285.5	2.562867942420403
1286.	2.5596785290884094
1286.5	2.5564723765341815
1287.	2.5532423632668406
1287.5	2.5499876203664296
1288.	2.54670727891299
1288.5	2.543398394521503
1289.	2.5400630039230974
1289.5	2.5367010683838402
1290.	2.533312549169799
1290.5	2.529897429849184
1291.	2.5264556404650613
1291.5	2.522987133362642
1292.	2.5194918608871353
1292.5	2.515969762664223
1293.	2.5124208088464544
1293.5	2.5088449568668514
1294.	2.5052421641584353
1294.5	2.501610078719682
1295.	2.4979518911919767
1295.5	2.4942684827821573
1296.	2.4905607346970635
1296.5	2.4868364649899988
1297.	2.483086843282752
1297.5	2.479309976043578
1298.	2.47550396974073
1298.5	2.4716669308424617
1299.	2.4677969658170262
1299.5	2.463892181132678
1300.	2.4599506832576705