1076.	-0.10026665620057407
1076.5	-0.15227932481733797
1077.	-0.20003056890854337
1077.5	-0.24380251912995332
1078.	-0.28387730613733086
1078.5	-0.32053706058643894
1079.	-0.35406391313304064
1079.5	-0.38473999443289886
1080.	-0.41284743514177663
1080.5	-0.438668365915437
1081.	-0.4624849174096429
1081.5	-0.48457922028015743
1082.	-0.5052334051827435
1082.5	-0.5251747886704189
1083.	-0.54406224114279
1083.5	-0.5619998188967179
1084.	-0.5790915782290637
1084.5	-0.5955697754534128
1085.	-0.6113589868432122
1085.5	-0.6265119886886333
1086.	-0.6410815572798474
1086.5	-0.655173954744041
1087.	-0.6687670771995643
1087.5	-0.6818923066017823
1088.	-0.6945810249060602
1088.5	-0.7068916701399658
1089.	-0.7188177457577807
1089.5	-0.7303798112859892
1090.	-0.7415984262510754
1090.5	-0.7525095738930925
1091.	-0.7631122205395282
1091.5	-0.7734207562314395
1092.	-0.7834495710098828
1092.5	-0.7932225249258593
1093.	-0.8027407500065037
1093.5	-0.8120148482888949
1094.	-0.8210554218101119
1094.5	-0.8298794087457066
1095.	-0.838488540538896
1095.5	-0.84689088477137
1096.	-0.8550945090248183
1096.5	-0.8631116614062795
1097.	-0.8709445567619554
1097.5	-0.8785995904633965
1098.	-0.8860831578821533
1098.5	-0.8934049854826378
1099.	-0.9005668051063943
1099.5	-0.9075736796878286
1100.	-0.9144306721613468
1100.5	-0.9211448992931469
1101.	-0.9277185486531255
1101.5	-0.9341558616429714
1102.	-0.9404610796643732
1102.5	-0.9466405369847595
1103.	-0.9526955449937836
1103.5	-0.9586295079468389
1104.	-0.9644458300993182
1104.5	-0.9701490114502694
1105.	-0.9757409222139689
1105.5	-0.9812245283483477
1106.	-0.9866027958113369
1106.5	-0.9918798488361381
1107.	-0.9970570317953038
1107.5	-1.0021368473366568
1108.	-1.0071217981080198
1108.5	-1.0120152453637201
1109.	-1.0168184897024746
1109.5	-1.021533690329505
1110.	-1.0261630064500324
1110.5	-1.030709294854977
1111.	-1.035173738129582
1111.5	-1.0395582164447887
1112.	-1.0438646099715396
1112.5	-1.0480953692939325
1113.	-1.0522515760044904
1113.5	-1.0563348821088925
1114.	-1.0603469396128178
1114.5	-1.0642900119819878
1115.	-1.0681648951780225
1115.5	-1.0719729966225846
1116.	-1.0757157237373365
1116.5	-1.079394629640883
1117.	-1.0830109177791667
1117.5	-1.0865659372950731
1118.	-1.0900610373314874
1118.5	-1.0934983015544555
1119.	-1.0968780507744378
1119.5	-1.1002013403250555
1120.	-1.103469225539929
1120.5	-1.106682800138391
1121.	-1.1098430657140668
1121.5	-1.1129510622462924
1122.	-1.1160078297144047
1122.5	-1.1190145017911466
1123.	-1.121971987285085
1123.5	-1.1248812886981943
1124.	-1.127743408532448
1124.5	-1.1305600016655426
1125.	-1.1333311572734404
1125.5	-1.136057616907826
1126.	-1.1387401221203843
1126.5	-1.1413793149029656
1127.	-1.143976076191023
1127.5	-1.1465311873601751
1128.	-1.1490454297860404
1128.5	-1.1515199098714073
1129.	-1.1539549539538567
1129.5	-1.1563512133981395
1130.	-1.1587093395690067
1130.5	-1.16102996377353
1131.	-1.1633137654572103
1131.5	-1.1655614040078701
1132.	-1.167773538813332
1132.5	-1.1699509515706348
1133.	-1.1720941304346972
1133.5	-1.1742036858696547
1134.	-1.1762802283396427
1134.5	-1.1783248308308205
1135.	-1.1803374562764903
1135.5	-1.1823185301319779
1136.	-1.184268477852609
1136.5	-1.186187295354589
1137.	-1.188076009448013
1137.5	-1.1899352174038547
1138.	-1.1917655164930883
1138.5	-1.1935681333593051
1139.	-1.1953427841518154
1139.5	-1.197089814392546
1140.	-1.1988095696034244
1140.5	-1.200502323345601
1141.	-1.2021685218860905
1141.5	-1.2038085395311309
1142.	-1.2054227505869601
1142.5	-1.2070111752795518
1143.	-1.208574683627514
1143.5	-1.2101137915691904
1144.	-1.211629015042925
1144.5	-1.2131215551576389
1145.	-1.214590968612867
1145.5	-1.2160374972787231
1146.	-1.2174613830253191
1146.5	-1.2188722610161953
1147.	-1.2202572225106665
1147.5	-1.2216127520614748
1148.	-1.222935334221362
1148.5	-1.22422358307805
1149.	-1.2254710018353092
1149.5	-1.2266732232318898
1150.	-1.227825880006542
1150.5	-1.2288923229049047
1151.	-1.2299133794560841
1151.5	-1.2308975951960748
1152.	-1.2318535156608714
1152.5	-1.2328103723495065
1153.	-1.2337477504497223
1153.5	-1.2346659211122981
1154.	-1.2355651554880138
1154.5	-1.236445789305292
1155.	-1.2373080033062123
1155.5	-1.2381520428104968
1156.	-1.2389781531378685
1156.5	-1.2397865857382957
1157.	-1.240577577349156
1157.5	-1.2413513708380741
1158.	-1.2421082090726736
1158.5	-1.242848423611782
1159.	-1.2435721331553389
1159.5	-1.2442795450944864
1160.	-1.2449708668203672
1160.5	-1.2456463054379399
1161.	-1.246306068739005
1161.5	-1.2469503642291788
1162.	-1.2475793994140778
1162.5	-1.2481934568948307
1163.	-1.2487926390433364
1163.5	-1.2493771233270061
1164.	-1.2499470872132514
1164.5	-1.2505027612525152
1165.	-1.2510442485959647
1165.5	-1.2515717054777986
1166.	-1.2520852881322153
1166.5	-1.252585055189954
1167.	-1.2530712995300568
1167.5	-1.2535442164281065
1168.	-1.2540040011596856
1168.5	-1.2544508743542886
1169.	-1.2548849957920214
1169.5	-1.2553065506069019
1170.	-1.2557157239329477
1170.5	-1.2561128025243053
1171.	-1.2564978292468125
1171.5	-1.2568709485864358
1172.	-1.2572323050291414
1172.5	-1.257582053142679
1173.	-1.2579203232985186
1173.5	-1.2582472559499132
1174.	-1.2585629915501158
1174.5	-1.2588677025240453
1175.	-1.2591614845646228
1175.5	-1.2594444653364356
1176.	-1.2597167725040703
1176.5	-1.2599788572567787
1177.	-1.260230394324617
1177.5	-1.260471381962306
1178.	-1.2607018184245666
1178.5	-1.2609211140373473
1179.	-1.2611300901556508
1179.5	-1.2613289802057075
1180.	-1.2615180176137475
1180.5	-1.2616977373118599
1181.	-1.2618679506180723
1181.5	-1.2620287703562718
1182.	-1.262180309350345
1182.5	-1.262322711304847
1183.	-1.2624560458107286
1183.5	-1.2625804133396088
1184.	-1.262695914363107
1184.5	-1.2628026557892813
1185.	-1.2629007290787362
1185.5	-1.2629902321285151
1186.	-1.2630712628356613
1186.5	-1.2631439402309443
1187.	-1.2632083326241914
1187.5	-1.2632645294589548
1188.	-1.263312620178788
1188.5	-1.263352691067472
1189.	-1.2633848359922404
1189.5	-1.2634091456605547
1190.	-1.2634257107798768
1190.5	-1.2634346493570943
1191.	-1.2634360138804726
1191.5	-1.2634298841377032
1192.	-1.263416339916477
1192.5	-1.2633958352287238
1193.	-1.2633679259482014
1193.5	-1.2633325421729062
1194.	-1.2632896140008345
1194.5	-1.2632379763269177
1195.	-1.2631790925334425
1195.5	-1.263113330799631
1196.	-1.263041059304705
1196.5	-1.2629641441469603
1197.	-1.262880856418916
1197.5	-1.262790965132164
1198.	-1.2626942392982972
1198.5	-1.2625889413590863
1199.	-1.2624769495238741
1199.5	-1.2623586354321816
1200.	-1.2622343707235297
1200.5	-1.2621060746138824
1201.	-1.2619719521357409
1201.5	-1.2618317558980487
1202.	-1.2616852385097503
1202.5	-1.2615305902779688
1203.	-1.2613697510341966
1203.5	-1.2612030983081064
1204.	-1.26103100962937
1204.5	-1.2608554794449407
1205.	-1.2606746216002973
1205.5	-1.2604881668581998
1206.	-1.2602958459814075
1206.5	-1.2600961741823635
1207.	-1.2598905839942716
1207.5	-1.2596792924000177
1208.	-1.259462516382489
1208.5	-1.259240460092405
1209.	-1.2590133584776857
1209.5	-1.2587814336540848
1210.	-1.2585449077373558
1210.5	-1.2583052904126646
1211.	-1.2580610011985869
1211.5	-1.2578117471831112
1212.	-1.2575572354542257
1212.5	-1.257295905627232
1213.	-1.2570292392518803
1213.5	-1.256757450405234
1214.	-1.256480753164356
1214.5	-1.2561997813021735
1215.	-1.2559141613215403
1215.5	-1.2556239394211748
1216.	-1.2553291617997944
1216.5	-1.2550294229481798
1217.	-1.254725401456161
1217.5	-1.2544173242056307
1218.	-1.2541054180784814
1218.5	-1.2537912978021677
1219.	-1.2534732472747956
1219.5	-1.2531509382400337
1220.	-1.2528240424415498
1220.5	-1.2524908613841592
1221.	-1.252152985145924
1221.5	-1.251810633566053
1222.	-1.2514640264837555
1222.5	-1.2511138413694725
1223.	-1.2507596573786885
1223.5	-1.2504015112981197
1224.	-1.2500394399144825
1224.5	-1.2496729920940821
1225.	-1.2493028877122105
1225.5	-1.2489293587237487
1226.	-1.2485526370835769
1226.5	-1.248174431445419
1227.	-1.2477929063857762
1227.5	-1.2474077031799917
1228.	-1.2470184631034096
1228.5	-1.246623370325584
1229.	-1.246224106069964
1229.5	-1.2458208944542086
1230.	-1.245413959595978
1230.5	-1.2450040058089231
1231.	-1.2445905849363148
1231.5	-1.244173729017416
1232.	-1.243753470091489
1232.5	-1.2433298514573596
1233.	-1.2429028893909024
1233.5	-1.2424726114275548
1234.	-1.2420390451027543
1234.5	-1.2416016860673063
1235.	-1.241161306495133
1235.5	-1.2407181466755246
1236.	-1.240272446897771
1236.5	-1.2398260404013277
1237.	-1.239376937345254
1237.5	-1.2389247408387738
1238.	-1.2384690539911116
1238.5	-1.2380079008310094
1239.	-1.2375430951803665
1239.5	-1.2370748717806004
1240.	-1.236603465373128
1240.5	-1.23612963694091
1241.	-1.2356528844872028
1241.5	-1.2351732322568063
1242.	-1.2346907044945201
1242.5	-1.2342053359233012
1243.	-1.2337171361185293
1243.5	-1.2332261251337415
1244.	-1.232732323022475
1244.5	-1.2322351586233329
1245.	-1.2317354796907596
1245.5	-1.2312335427642653
1246.	-1.2307296043833607
1246.5	-1.230225665686826
1247.	-1.2297195407751942
1247.5	-1.229210788348267
1248.	-1.2286989671058477
1248.5	-1.2281819114805412
1249.	-1.2276615941462259
1249.5	-1.2271382635095835
1250.	-1.226612167977295
1250.5	-1.2260841284537756
1251.	-1.2255535918488794
1251.5	-1.2250205775701943
1252.	-1.2244851050253085
1252.5	-1.2239471957029713
1253.	-1.2234068660971442
1253.5	-1.2228641347829508
1254.	-1.2223190203355137
1254.5	-1.2217715511251719
1255.	-1.2212217320137468
1255.5	-1.2206695776582759
1256.	-1.2201151027157962
1256.5	-1.2195576792016427
1257.	-1.2189982214712354
1257.5	-1.2184370012382917
1258.	-1.2178742902165296
1258.5	-1.2173122564522558
1259.	-1.2167485167935637
1259.5	-1.216182584421135
1260.	-1.2156139725156518
1260.5	-1.2150403170693345
1261.	-1.2144637593267118
1261.5	-1.213884563343851
1262.	-1.2133029931768193
1262.5	-1.2127199356140492
1263.	-1.2121347828862956
1263.5	-1.2115475499566795
1264.	-1.2109582517883217
1264.5	-1.2103669049079049
1265.	-1.209773522089563
1265.5	-1.209178117670992
1266.	-1.2085807059898879
1266.5	-1.207981310688831
1267.	-1.2073799330786794
1267.5	-1.2067765837751752
1268.	-1.2061712733940602
1268.5	-1.205564002257183
1269.	-1.2049547953917372
1269.5	-1.2043436675310226
1270.	-1.203730633408339
1270.5	-1.2031157130240016
1271.	-1.2024989137374884
1271.5	-1.201880248175293
1272.	-1.2012597289639089
1272.5	-1.2006373739359943
1273.	-1.2000131884294123
1273.5	-1.1993871829881906
1274.	-1.1987593681563569
1274.5	-1.1981290408763072
1275.	-1.1974972107343533
1275.5	-1.1968641737151757
1276.	-1.196230225803454
1276.5	-1.1955977930773234
1277.	-1.1949641893906275
1277.5	-1.194328858690665
1278.	-1.1936912449247343
1278.5	-1.1930486681751435
1279.	-1.1924035458001772
1279.5	-1.1917561712931302
1280.	-1.191106838147297
1280.5	-1.1904565557851048
1281.	-1.1898046153990625
1281.5	-1.1891510241108108
1282.	-1.1884957890419914
1282.5	-1.187839660539927
1283.	-1.187181605210305
1283.5	-1.1865213328844935
1284.	-1.1858585533938613
1284.5	-1.1851907314692995
1285.	-1.1845207200828454
1285.5	-1.183849127106058
1286.	-1.1831765604104971
1286.5	-1.1825058749120028
1287.	-1.1818345326201416
1287.5	-1.1811622425887613
1288.	-1.180488713871709
1288.5	-1.17981290252642
1289.	-1.1791355718017185
1289.5	-1.1784567319500172
1290.	-1.1777763932237282
1290.5	-1.1770945745588477
1291.	-1.1764112740507706
1291.5	-1.1757264984784757
1292.	-1.1750402546209415
1292.5	-1.1743525461850624
1293.	-1.1736633842507354
1293.5	-1.172972776825773
1294.	-1.1722807319179878
1294.5	-1.1715872622404273
1295.	-1.170892369213575
1295.5	-1.1701960589631497
1296.	-1.1694983376148695
1296.5	-1.1687992042474038
1297.	-1.1680986748523403
1297.5	-1.1673967583742177
1298.	-1.1666934637575739
1298.5	-1.1659887999469476
1299.	-1.165282775886877
1299.5	-1.1645754005219002
1300.	-1.1638666827965563