1078	12.400465948455485
1080	12.266222468047573
1082	12.136167974154754
1084	12.010133897830306
1086	11.887960863465088
1088	11.769498070924286
1090	11.654602726726981
1092	11.543139519793717
1094	11.434980137747884
1096	11.330002820163626
1098	11.228091945515482
1100	11.129137648905376
1102	11.033035467929997
1104	10.939686014304963
1106	10.848994669091022
1108	10.760871299570589
1110	10.675229996004486
1112	10.591988826663048
1114	10.511069609670912
1116	10.432397700337804
1118	10.35590179276511
1120	10.281513734624816
1122	10.20916835410449
1124	10.138803298097342
1126	10.070358880796956
1128	10.003777941925343
1130	9.939005713888635
1132	9.875989697213448
1134	9.814679543668097
1136	9.755026946524032
1138	9.696985537453553
1140	9.640510789602311
1142	9.585559926409903
1144	9.532091835786273
1146	9.480066989280713
1148	9.429447365909345
1150	9.38019638033113
1152	9.3322788150866
1154	9.285660756633817
1156	9.240309534937207
1158	9.196193666380525
1160	9.15328279979393
1162	9.111547665398977
1164	9.070960026489256
1166	9.031492633678221
1168	8.99311918155644
1170	8.95581426761191
1172	8.919553353277333
1174	8.884312726977091
1176	8.850069469055459
1178	8.816801418475608
1180	8.78448714118644
1182	8.753105900060152
1184	8.722637626311267
1186	8.693062892312208
1188	8.664362885727495
1190	8.636519384891514
1192	8.609514735361701
1194	8.58333182758223
1196	8.557954075597138
1198	8.533365396756139
1200	8.509550192359669
1202	8.486493329192683
1204	8.46418012190069
1206	8.442596316162591
1208	8.421728072619867
1210	8.401561951521801
1212	8.382084898050586
1214	8.363284228291032
1216	8.345147615812438
1218	8.327663078831646
1220	8.310818967928011
1222	8.29460395428315
1224	8.279007018419271
1226	8.264017439411681
1228	8.249624784552573
1230	8.23581889944385
1232	8.222589898498981
1234	8.209928155833435
1236	8.197824296526345
1238	8.186269188235155
1240	8.17525393314682
1242	8.164769860250335
1244	8.154808517915157
1246	8.145361666761945
1248	8.136421272812239
1250	8.127979500903956
1252	8.120028708361467
1254	8.112561438908134
1256	8.105570416811286
1258	8.099048541248584
1260	8.092988880886537
1262	8.087384668661981
1264	8.082229296757337
1266	8.077516311761384
1268	8.073239410007734
1270	8.069392433084092
1272	8.065969363502857
1274	8.062964320529453
1276	8.06037155615908
1278	8.058185451236657
1280	8.056400511715397
1282	8.055011365045099
1284	8.054012756688657
1286	8.053399546758486
1288	8.053166706769629
1290	8.053309316504915
1292	8.053822560986076
1294	8.054701727549247
1296	8.05594220301812
1298	8.057539470972511
1300	8.059489109108323