1076.	-0.1824269781200607
1076.5	-0.2775214441539487
1077.	-0.3649007663701666
1077.5	-0.4450767006603834
1078.	-0.5185610029162683
1078.5	-0.5858654290294905
1079.	-0.6475017348917191
1079.5	-0.7039816763946233
1080.	-0.7558170094298723
1080.5	-0.8035194898891351
1081.	-0.8476008736640811
1081.5	-0.8885729166463794
1082.	-0.926947374727699
1082.5	-0.9640447886019886
1083.	-0.9992446154377261
1083.5	-1.032735097205669
1084.	-1.0647044758765745
1084.5	-1.0955737113173105
1085.	-1.1252052404440798
1085.5	-1.153694218069195
1086.	-1.1811357990049693
1086.5	-1.2077220629566419
1087.	-1.233412469886429
1087.5	-1.258263404649474
1088.	-1.2823312521009194
1088.5	-1.3057212735754626
1089.	-1.32842142685687
1089.5	-1.3504685462084614
1090.	-1.3718994658935582
1090.5	-1.3927788214104067
1091.	-1.4131045252934313
1091.5	-1.4329022913119827
1092.	-1.4521978332354109
1092.5	-1.4710340769212928
1093.	-1.4894126392154619
1093.5	-1.5073523490519776
1094.	-1.5248720353648997
1094.5	-1.5420018645669342
1095.	-1.5587447931220362
1095.5	-1.575115114972807
1096.	-1.5911271240618479
1096.5	-1.6068029559029078
1097.	-1.622145926238981
1097.5	-1.6371671923842104
1098.	-1.6518779116527376
1098.5	-1.6662948800931288
1099.	-1.6804213607913332
1099.5	-1.6942662555677233
1100.	-1.7078384662426718
1100.5	-1.7211510818902949
1101.	-1.7342071421757244
1101.5	-1.747013874017836
1102.	-1.7595785043355052
1102.5	-1.7719114551758726
1103.	-1.7840154802782422
1103.5	-1.7958965285101833
1104.	-1.8075605487392652
1104.5	-1.8190159859388346
1105.	-1.8302652944283722
1105.5	-1.8413134246331366
1106.	-1.852165326978386
1106.5	-1.8628279428314183
1107.	-1.8733034352986364
1107.5	-1.8835959584284827
1108.	-1.8937096662693995
1108.5	-1.9036503309010664
1109.	-1.913419841128194
1109.5	-1.9230217037867294
1110.	-1.9324594257126206
1110.5	-1.9417378515530122
1111.	-1.9508586152081755
1111.5	-1.9598246883895794
1112.	-1.9686390428086926
1112.5	-1.977305774304275
1113.	-1.9858262808095875
1113.5	-1.9942030843851823
1114.	-2.0024387070916116
1114.5	-2.010536630231173
1115.	-2.018498032925975
1115.5	-2.026325053539872
1116.	-2.0340198304367183
1116.5	-2.041585332834109
1117.	-2.0490225359006606
1117.5	-2.05633324565873
1118.	-2.0635192681306753
1118.5	-2.070583139601036
1119.	-2.0775256437251146
1119.5	-2.0843482944203946
1120.	-2.091052605604361
1120.5	-2.0976407423970147
1121.	-2.104113307032317
1121.5	-2.1104715529467435
1122.	-2.116716733576773
1122.5	-2.1228506914505645
1123.	-2.1288738552762405
1123.5	-2.134787242853605
1124.	-2.1405918719824624
1124.5	-2.1462893009897126
1125.	-2.1518797909372256
1125.5	-2.1573641434139685
1126.	-2.1627431600089064
1126.5	-2.1680181452574043
1127.	-2.1731891966234707
1127.5	-2.1782569145175117
1128.	-2.183221899349934
1128.5	-2.1880852259239028
1129.	-2.1928468304999624
1129.5	-2.197507123731418
1130.	-2.2020665162715716
1130.5	-2.206525872122291
1131.	-2.2108849672488904
1131.5	-2.2151440309652486
1132.	-2.219303292585243
1132.5	-2.2233634200370775
1133.	-2.227324028574575
1133.5	-2.231185172065883
1134.	-2.2349469043791497
1134.5	-2.2386097086049954
1135.	-2.2421730377001072
1135.5	-2.245636773843645
1136.	-2.2490007992147674
1136.5	-2.252265420358121
1137.	-2.255429925341184
1137.5	-2.2584940265969204
1138.	-2.2614574365582953
1138.5	-2.264320291004384
1139.	-2.2670817096835956
1139.5	-2.2697412356904514
1140.	-2.2722984121194716
1140.5	-2.2747532075958206
1141.	-2.2771045694711174
1141.5	-2.279351870627625
1142.	-2.2814944839476063
1142.5	-2.2835322126250053
1143.	-2.2854638271057315
1143.5	-2.287288528147376
1144.	-2.2890055165075287
1144.5	-2.2906144300169395
1145.	-2.292113857530777
1145.5	-2.293502824977369
1146.	-2.294780358285043
1146.5	-2.295945928539429
1147.	-2.296997938448631
1147.5	-2.2979352358780543
1148.	-2.298756668693105
1148.5	-2.299461538591195
1149.	-2.300048058072923
1149.5	-2.300514893470891
1150.	-2.3008607111177044
1150.5	-2.301084639603696
1151.	-2.301184698100648
1151.5	-2.301159368038071
1152.	-2.301007130845477
1152.5	-2.300726937405753
1153.	-2.300316611913685
1153.5	-2.2997744480174327
1154.	-2.2990987393651583
1154.5	-2.298288253866572
1155.	-2.297340621203665
1155.5	-2.296253945319979
1156.	-2.2950263301590543
1156.5	-2.2936563549775455
1157.	-2.292141458280635
1157.5	-2.2904795538866187
1158.	-2.288668555613792
1158.5	-2.2867068482724533
1159.	-2.284591686292094
1159.5	-2.282320795094209
1160.	-2.2798919001002917
1160.5	-2.2773031861400206
1161.	-2.2745517354634326
1161.5	-2.271635089728749
1162.	-2.2685507905941913
1162.5	-2.2652968180799102
1163.	-2.2618701001374237
1163.5	-2.258268003080182
1164.	-2.254487893221633
1164.5	-2.2505275422208046
1165.	-2.2463837489073355
1165.5	-2.242053717456442
1166.	-2.2375346520433417
1166.5	-2.232824114373333
1167.	-2.227918808079519
1167.5	-2.222815794325084
1168.	-2.2175121342732127
1168.5	-2.212005180889963
1169.	-2.2062915868144963
1169.5	-2.2003682964888482
1170.	-2.194232254355053
1170.5	-2.187880609680541
1171.	-2.1813100201517943
1171.5	-2.1745173482806903
1172.	-2.167499456579106
1172.5	-2.160253300700878
1173.	-2.1527756127591395
1173.5	-2.1450632180089846
1174.	-2.1371129417055053
1174.5	-2.128921562448873
1175.	-2.1204859708110724
1175.5	-2.1118030107091648
1176.	-2.1028695260602133
1176.5	-2.0936821430948545
1177.	-2.0842380104911453
1177.5	-2.0745340592407184
1178.	-2.064567220335205
1178.5	-2.0543340022956795
1179.	-2.043831927572555
1179.5	-2.033058096145688
1180.	-2.0220096079949332
1180.5	-2.010682900582873
1181.	-1.999076001413545
1181.5	-1.987186275473715
1182.	-1.9750110877501477
1182.5	-1.96254686539786
1183.	-1.9497922863680641
1183.5	-1.936745090780224
1184.	-1.9234030187538038
1184.5	-1.909762564045375
1185.	-1.8958232116824514
1185.5	-1.881583200329654
1186.	-1.867040768651604
1186.5	-1.852192571919434
1187.	-1.8370390655486493
1187.5	-1.821579121561266
1188.	-1.8058116119793008
1188.5	-1.7897334678589536
1189.	-1.7733462785743839
1189.5	-1.756649692533935
1190.	-1.7396433581459496
1190.5	-1.7223246164232404
1191.	-1.7046963461278934
1191.5	-1.6867591186264639
1192.	-1.6685135052855071
1192.5	-1.6499574104785146
1193.	-1.631095139362331
1193.5	-1.6119283301007372
1194.	-1.5924586208575142
1194.5	-1.5726846496843734
1195.	-1.552612254901993
1195.5	-1.5322442747189815
1196.	-1.5115835473439478
1196.5	-1.49062962733268
1197.	-1.4693899500077356
1197.5	-1.4478686670388516
1198.	-1.4260699300957653
1198.5	-1.4039943987190333
1199.	-1.3816511135592449
1199.5	-1.3590456231378087
1200.	-1.3361834759761342
1200.5	-1.313066621238423
1201.	-1.2897056465461743
1201.5	-1.2661075401636794
1202.	-1.2422792903552302
1202.5	-1.2182243046458168
1203.	-1.1939545843347532
1203.5	-1.1694785499820524
1204.	-1.1448046221477268
1204.5	-1.1199378053878033
1205.	-1.0948913026678742
1205.5	-1.0696749009495463
1206.	-1.0442983871944267
1206.5	-1.018768456232673
1207.	-0.9930992240099208
1207.5	-0.9673017143403557
1208.	-0.9413869510381645
1208.5	-0.915363351839847
1209.	-0.8892455890683503
1209.5	-0.863045728968935
1210.	-0.8367758377868622
1210.5	-0.8104460149322431
1211.	-0.7840710802195476
1211.5	-0.757663886628096
1212.	-0.7312372871372088
1212.5	-0.704802938352841
1213.	-0.6783753681770246
1213.5	-0.6519679081384261
1214.	-0.6255938897657121
1214.5	-0.599266315481616
1215.	-0.5729989775631107
1215.5	-0.546805339181236
1216.	-0.5206988635070315
1216.5	-0.49469360397625134
1217.	-0.4688021973893354
1217.5	-0.44303787081143764
1218.	-0.41741385130771236
1218.5	-0.39194487634420205
1219.	-0.36664205842481695
1219.5	-0.3415180204543558
1220.	-0.31658538533761726
1220.5	-0.2918591540490797
1221.	-0.26734862019599026
1221.5	-0.24306545545527597
1222.	-0.2190213315038636
1222.5	-0.1952310633455566
1223.	-0.17170192199965467
1223.5	-0.14844432181233408
1224.	-0.12546867712977106
1224.5	-0.10278916668625637
1225.	-0.080410934684606
1225.5	-0.05834288971575036
1226.	-0.036593940370619915
1226.5	-0.015177206712123525
1227.	0.005904298729578122
1227.5	0.02664335195234595
1228.	0.04703272895404087
1228.5	0.06706073664784118
1229.	0.08672640775016345
1229.5	0.10602430589274164
1230.	0.12494899470730969
1230.5	0.1434905013198864
1231.	0.16164974047020697
1231.5	0.1794230903922914
1232.	0.19680692932015975
1232.5	0.2137932089375083
1233.	0.23038450464881033
1233.5	0.24657896530821533
1234.	0.2623747397698728
1234.5	0.2777658139289186
1235.	0.2927561647821214
1235.5	0.3073456063672362
1236.	0.3215339527220179
1236.5	0.33531724094559173
1237.	0.34870057278979444
1237.5	0.361685273067833
1238.	0.37427266659291436
1238.5	0.3864607747466994
1239.	0.3982555471465595
1239.5	0.40965962997832006
1240.	0.42067566942780643
1240.5	0.4313035340508421
1241.	0.4415497587152551
1241.5	0.4514181006588715
1242.	0.4609123171195175
1242.5	0.47003393322090503
1243.	0.47878983116062
1243.5	0.48718466102213437
1244.	0.49522307288891987
1244.5	0.502908022021396
1245.	0.5102465312553077
1245.5	0.5172439286033481
1246.	0.5239055420782096
1246.5	0.5302355117912458
1247.	0.5362408288170246
1247.5	0.5419272963287742
1248.	0.5473007174997233
1248.5	0.5523661681637523
1249.	0.5571304697691768
1249.5	0.5615997164249645
1250.	0.5657800022400832
1250.5	0.5696770980817029
1251.	0.5732975505973077
1251.5	0.5766475831925844
1252.	0.5797334192732193
1252.5	0.5825613017156668
1253.	0.5851374266665389
1253.5	0.5874680097432152
1254.	0.5895592665630756
1254.5	0.5914177128622746
1255.	0.5930491440919067
1255.5	0.5944596558218415
1256.	0.5956553436219483
1256.5	0.5966428243018455
1257.	0.5974274636957544
1257.5	0.5980151488776452
1258.	0.598411766921488
1258.5	0.5986238925044942
1259.	0.598656450056096
1259.5	0.5985150516089671
1260.	0.5982053091957811
1260.5	0.5977336401908628
1261.	0.597104529148574
1261.5	0.5963232659649278
1262.	0.5953951405359372
1262.5	0.5943263239938862
1263.	0.5931208725040086
1263.5	0.591783723467809
1264.	0.5903198142867923
1264.5	0.588735004531851
1265.	0.5870329405673466
1265.5	0.5852181909270286
1266.	0.5832953241446466
1266.5	0.58126984348729
1267.	0.5791450088620324
1267.5	0.5769250149092867
1268.	0.5746140562694665
1268.5	0.5722172525590729
1269.	0.5697375034519963
1269.5	0.5671786335982152
1270.	0.5645444676477078
1270.5	0.5618397285078215
1271.	0.5590669832682178
1271.5	0.5562296972759275
1272.	0.5533313358779814
1272.5	0.5503762236113072
1273.	0.5473666229570798
1273.5	0.5443056555863709
1274.	0.5411964431702523
1274.5	0.5380429190204916
1275.	0.5348470685111867
1275.5	0.5316116886571314
1276.	0.528339576473119
1276.5	0.5250342877472141
1277.	0.5216975572116311
1277.5	0.5183318783718556
1278.	0.5149397447333729
1278.5	0.5115243529152257
1279.	0.508087212063919
1279.5	0.5046305344395157
1280.	0.5011565323020777
1280.5	0.497668064539836
1281.	0.49416643813341743
1281.5	0.49065360669161723
1282.	0.48713152382323066
1282.5	0.483602733942682
1283.	0.48006836353088567
1283.5	0.47653012987438503
1284.	0.4729897502597237
1284.5	0.46944947870886083
1285.	0.46591028107875804
1285.5	0.46237365996179236
1286.	0.4588411179503411
1286.5	0.4553146428173592
1287.	0.45179505790241503
1287.5	0.4482836717256546
1288.	0.44478179280722396
1288.5	0.4412911663099926
1289.	0.43781248945429385
1289.5	0.43434689610318444
1290.	0.4308955201197211
1290.5	0.4274598867849629
1291.	0.42404058197676325
1291.5	0.42063858299097795
1292.	0.4172548671234628
1292.5	0.41389076131473884
1293.	0.4105467533581305
1293.5	0.4072236806916275
1294.	0.4039223807532195
1294.5	0.4006440023232094
1295.	0.3973889469603485
1295.5	0.3941579275657011
1296.	0.39095165704033175
1296.5	0.3877711247293752
1297.	0.38461665651219734
1297.5	0.3814888547122344
1298.	0.3783883216529227
1298.5	0.37531565965769836
1299.	0.3722714710499978
1299.5	0.36925635815325714
1300.	0.3662709232909127