1076.	0.12109259359337621
1076.5	0.18358137181630613
1077.	0.2408980993435123
1077.5	0.2933848984179106
1078.	0.34138389128241703
1078.5	0.3852372001799476
1079.	0.4252869473534183
1079.5	0.4618752550457451
1080.	0.49534424549984396
1080.5	0.5260360409586309
1081.	0.5542927636650219
1081.5	0.5804565358619328
1082.	0.6048694797922798
1082.5	0.6284122004314401
1083.	0.6506729441968838
1083.5	0.6717784402385424
1084.	0.6918554177063473
1084.5	0.7111863064793518
1085.	0.7296798546867167
1085.5	0.7474005111867249
1086.	0.764412724837659
1086.5	0.7808458708757886
1087.	0.7966735012302149
1087.5	0.8119340942080255
1088.	0.8266661281163086
1088.5	0.8409410989951722
1089.	0.854751260325476
1089.5	0.8681218833210999
1090.	0.8810782391959238
1090.5	0.893664355167781
1091.	0.9058792440450165
1091.5	0.9177406746399288
1092.	0.9292664157648164
1092.5	0.9404859001152674
1093.	0.9514005670669746
1093.5	0.9620235198789205
1094.	0.9723678618100878
1094.5	0.9824545014548127
1095.	0.9922856146025825
1095.5	1.001871182378238
1096.	1.0112211859066202
1096.5	1.0203507009179955
1097.	1.0292625760896095
1097.5	1.0379647547041329
1098.	1.0464651800442366
1098.5	1.0547759790720308
1099.	1.0628992379189715
1099.5	1.070841226395954
1100.	1.0786082143138733
1100.5	1.0862089887063269
1101.	1.093646295272427
1101.5	1.1009253969339883
1102.	1.1080515566128253
1102.5	1.1150324759922619
1103.	1.1218700037279992
1103.5	1.128568427237248
1104.	1.1351320339372193
1104.5	1.141566626101298
1105.	1.1478743703480507
1105.5	1.1540589481522183
1106.	1.1601240409885416
1106.5	1.166074647175378
1107.	1.1719126046064052
1107.5	1.1776410680189178
1108.	1.18326319215021
1108.5	1.1887834553316703
1109.	1.194203159268861
1109.5	1.1995249292614387
1110.	1.2047513906090603
1110.5	1.2098856931696105
1111.	1.214929727861226
1111.5	1.2198859101602728
1112.	1.2247566555431157
1112.5	1.2295453482771321
1113.	1.2342530475312707
1113.5	1.238881781265492
1114.	1.2434335774397562
1114.5	1.2479110772545472
1115.	1.2523154501330933
1115.5	1.2566484787391456
1116.	1.2609119457364555
1116.5	1.2651080287957
1117.	1.2692379575709345
1117.5	1.2733033567231398
1118.	1.277305850913297
1118.5	1.2812474824362334
1119.	1.2851292912655452
1119.5	1.2889527350086747
1120.	1.2927192712730646
1120.5	1.296430878320933
1121.	1.3000882848430366
1121.5	1.303692740184907
1122.	1.3072454936920765
1122.5	1.3107478238056895
1123.	1.3142009391374212
1123.5	1.3176060773945584
1124.	1.3209644762843884
1124.5	1.3242779352524705
1125.	1.327546905572511
1125.5	1.3307724002564882
1126.	1.3339554323163807
1126.5	1.3370971237865572
1127.	1.3401983350476494
1127.5	1.3432600355026794
1128.	1.3462831945546692
1128.5	1.349269154341646
1129.	1.352218362437625
1129.5	1.3551316391516264
1130.	1.3580098047926705
1130.5	1.3608535158850243
1131.	1.3636638220363626
1131.5	1.3664416090696063
1132.	1.3691877628076774
1132.5	1.371903644289175
1133.	1.3745894740350715
1133.5	1.3772459477820171
1134.	1.379873761266662
1134.5	1.382473641509073
1135.	1.385046240449117
1135.5	1.3875922413100779
1136.	1.3901123273152391
1136.5	1.392607193409353
1137.	1.395077506405647
1137.5	1.3975239448388177
1138.	1.3999471872435612
1138.5	1.402348785305711
1139.	1.4047281951483712
1139.5	1.407085746045783
1140.	1.4094217672721878
1140.5	1.4117386681863358
1141.	1.4140338659441554
1141.5	1.416306857786085
1142.	1.418557140952562
1142.5	1.4207790363413355
1143.	1.4229792880726078
1143.5	1.4251594639238911
1144.	1.4273211316726995
1144.5	1.4294684119627417
1145.	1.4315992985588564
1145.5	1.433714338092078
1146.	1.4358140771934418
1146.5	1.4378912089279154
1147.	1.439957274919027
1147.5	1.4420159632242375
1148.	1.4440709619010084
1148.5	1.4461239772773495
1149.	1.4481814718319541
1149.5	1.4502479263140637
1150.	1.45232782147292
1150.5	1.454454591462633
1151.	1.456592182265629
1151.5	1.4587334932692027
1152.	1.4608714238606488
1152.5	1.4629802743758853
1153.	1.4650789828741342
1153.5	1.4671678883632402
1154.	1.4692473298510489
1154.5	1.471318007156861
1155.	1.4733797541524838
1155.5	1.4754327655211803
1156.	1.4774772359462138
1156.5	1.4795131344342174
1157.	1.4815409716157355
1157.5	1.4835610324446833
1158.	1.4855736018749754
1158.5	1.4875789929958683
1159.	1.4895774513717988
1159.5	1.4915692507025458
1160.	1.4935546646878874
1160.5	1.495534018914107
1161.	1.4975075144398766
1161.5	1.4994754042103724
1162.	1.5014379411707712
1162.5	1.5033953995641396
1163.	1.5053480025186081
1163.5	1.507295994460197
1164.	1.509239619814927
1164.5	1.5111795398178747
1165.	1.513115415362382
1165.5	1.5150473241508466
1166.	1.5169753438856668
1166.5	1.518898849240155
1167.	1.5208189021574285
1167.5	1.5227358615515194
1168.	1.5246500863364596
1168.5	1.526562300306009
1169.	1.5284723515425804
1169.5	1.530380453008315
1170.	1.532286817665353
1170.5	1.5341921266403076
1171.	1.536095937465059
1171.5	1.5379982758359587
1172.	1.5398991674493594
1172.5	1.5417982721468935
1173.	1.5436961278215202
1173.5	1.5455929065114795
1174.	1.5474887802550112
1174.5	1.5493834674857019
1175.	1.551277775288306
1175.5	1.5531720571429248
1176.	1.5550666665296597
1176.5	1.5569633766685405
1177.	1.5588605534037683
1177.5	1.560757982319473
1178.	1.5626554489997844
1178.5	1.564550868193592
1179.	1.566446644654362
1179.5	1.5683433123003203
1180.	1.570241405049693
1180.5	1.5721429049091464
1181.	1.57404631847309
1181.5	1.575951600424373
1182.	1.577858705445845
1182.5	1.5797671287892991
1183.	1.5816774683410644
1183.5	1.583589862556413
1184.	1.5855044498906177
1184.5	1.587421388667444
1185.	1.5893407895262734
1185.5	1.591262782974981
1186.	1.5931874995214417
1186.5	1.5951156548743346
1187.	1.5970465602604087
1187.5	1.5989801121072174
1188.	1.6009162068423133
1188.5	1.6028530399487568
1189.	1.6047928891763914
1189.5	1.6067363313305678
1190.	1.6086839432166364
1190.5	1.6106386271274644
1191.	1.612597704185879
1191.5	1.6145608210022238
1192.	1.6165276241868427
1192.5	1.6184960146836598
1193.	1.6204680830360068
1193.5	1.6224441741207951
1194.	1.6244246328149368
1194.5	1.6264103895827828
1195.	1.62840096947883
1195.5	1.6303964831450142
1196.	1.6323970412232713
1196.5	1.6344027610989975
1197.	1.6364137439732847
1197.5	1.638430097790685
1198.	1.6404519304957503
1198.5	1.6424800709546183
1199.	1.6445136178216213
1199.5	1.646552390672677
1200.	1.6485962090837027
1200.5	1.650644257466621
1201.	1.6526972446269435
1201.5	1.6547552442061861
1202.	1.6568183298458652
1202.5	1.6588850800763517
1203.	1.6609576616947648
1203.5	1.6630367463870783
1204.	1.6651230058392668
1204.5	1.6672200262512253
1205.	1.6693243989894384
1205.5	1.6714356299343112
1206.	1.6735532249662493
1206.5	1.6756752992984902
1207.	1.6778033057454749
1207.5	1.6799373064544756
1208.	1.6820773635727653
1208.5	1.6842227145276638
1209.	1.6863745760743778
1209.5	1.6885333402481606
1210.	1.6906993990842665
1210.5	1.6928747491582337
1211.	1.6950575361489173
1211.5	1.6972475102754574
1212.	1.6994444217569935
1212.5	1.7016463827674537
1213.	1.7038554367892746
1213.5	1.7060719892596807
1214.	1.7082964456158964
1214.5	1.710530002566408
1215.	1.7127719577686742
1215.5	1.7150224001514145
1216.	1.7172814186433494
1216.5	1.7195509751295583
1217.	1.721828536399858
1217.5	1.7241134422004243
1218.	1.7264050322774334
1218.5	1.728698081510246
1219.	1.73099832045858
1219.5	1.7333069148153373
1220.	1.7356250302734202
1220.5	1.7379594118882216
1221.	1.740303414245157
1221.5	1.7426559712921326
1222.	1.7450160169770546
1222.5	1.747377759640493
1223.	1.7497467490806242
1223.5	1.7521238094882887
1224.	1.754509765054327
1224.5	1.7569083430043557
1225.	1.7593163032805288
1225.5	1.7617333088597764
1226.	1.764159022719029
1226.5	1.766591084841414
1227.	1.769031990395185
1227.5	1.7714822115547935
1228.	1.7739422204946902
1228.5	1.7764145716325428
1229.	1.7788968220022994
1229.5	1.781388610881125
1230.	1.783889577546184
1230.5	1.786398361269331
1231.	1.788916001335165
1231.5	1.7914425370229747
1232.	1.7939780076120488
1232.5	1.7965212842037412
1233.	1.7990740415264495
1233.5	1.8016367861306364
1234.	1.8042100245667645
1234.5	1.8067965364221763
1235.	1.809393645995703
1235.5	1.8120009506230557
1236.	1.8146180476399454
1236.5	1.8172434361453222
1237.	1.8198782510063622
1237.5	1.8225225288534803
1238.	1.8251763063170914
1238.5	1.8278383536529212
1239.	1.8305104804159504
1239.5	1.8331932297864697
1240.	1.8358871449447705
1240.5	1.8385952369122027
1241.	1.8413145938915745
1241.5	1.8440447719267528
1242.	1.8467853270616048
1242.5	1.849534615062315
1243.	1.8522938723615068
1243.5	1.85506313511412
1244.	1.8578424394750952
1244.5	1.8606318321177169
1245.	1.8634313344712434
1245.5	1.8662409784832776
1246.	1.8690607961014223
1246.5	1.8718894234080974
1247.	1.8747288465621612
1247.5	1.8775796558572897
1248.	1.8804424415871581
1248.5	1.8833219371165744
1249.	1.8862129324396295
1249.5	1.8891143606215464
1250.	1.8920251547275484
1250.5	1.8949386876495924
1251.	1.8978616766954737
1251.5	1.9007952789997216
1252.	1.9037406516968653
1252.5	1.906701653353787
1253.	1.9096756590997226
1253.5	1.91266274549626
1254.	1.9156629891049872
1254.5	1.9186795545312356
1255.	1.9217081950753538
1255.5	1.9247477520814327
1256.	1.9277970668935638
1256.5	1.930848971141274
1257.	1.9339107197690444
1257.5	1.936983558006792
1258.	1.9400687310844333
1258.5	1.943172025201358
1259.	1.9462883282302215
1259.5	1.9494170690131516
1260.	1.952557676392276
1260.5	1.9557080810238983
1261.	1.9588698092103005
1261.5	1.9620428890679409
1262.	1.965227348713277
1262.5	1.9684232179881374
1263.	1.9716305225934607
1263.5	1.9748492899555563
1264.	1.978079547500734
1264.5	1.9813195899204494
1265.	1.9845718704698072
1265.5	1.987837109669058
1266.	1.9911160280384528
1266.5	1.9944145117188485
1267.	1.9977260493616478
1267.5	2.0010492952388588
1268.	2.0043829036224903
1268.5	2.0077185888571467
1269.	2.011064721113202
1269.5	2.0144227306336253
1270.	2.0177940476613876
1270.5	2.0211853499351906
1271.	2.024590721203979
1271.5	2.0280094927124304
1272.	2.031440995705221
1272.5	2.0348809260353895
1273.	2.038333704495907
1273.5	2.0418001164881066
1274.	2.04528094741332
1274.5	2.0487826401767224
1275.	2.052298059674267
1275.5	2.0558257283057486
1276.	2.0593641684709634
1276.5	2.0629043060952315
1277.	2.0664552986426132
1277.5	2.070018707102694
1278.	2.0735960924650585
1278.5	2.0771947512047872
1279.	2.080808214631773
1279.5	2.0844357495414036
1280.	2.088076622729066
1280.5	2.091728215310991
1281.	2.0953924340333865
1281.5	2.0990692999633027
1282.	2.1027588341677905
1282.5	2.1064610469637777
1283.	2.1101759744684863
1283.5	2.113903642049016
1284.	2.117644075072466
1284.5	2.1213972998031
1285.	2.1251633403519876
1285.5	2.1289422217273626
1286.	2.132733968937458
1286.5	2.136538619534005
1287.	2.1403561809643405
1287.5	2.1441866732193002
1288.	2.148030116289719
1288.5	2.151884253573572
1289.	2.1557522922916967
1289.5	2.1596351630720725
1290.	2.1635337965426773
1290.5	2.1674535576003624
1291.	2.1713891688966847
1291.5	2.1753397873520735
1292.	2.1793045698869586
1292.5	2.183280517768702
1293.	2.187269805832027
1293.5	2.1912724532585903
1294.	2.195288479230048
1294.5	2.199317880006361
1295.	2.2033607068595598
1295.5	2.2074169881399786
1296.	2.211486752197953
1296.5	2.2155700512525347
1297.	2.2196668802378543
1297.5	2.22377725795676
1298.	2.2279012032121
1298.5	2.2320387348067228
1299.	2.2361898715434756
1299.5	2.2403546322252073
1300.	2.2445330356547655