1076.	0.8205682586921581
1076.5	1.2683412342743363
1077.	1.6835171972163743
1077.5	2.068334430951496
1078.	2.425031218912924
1078.5	2.7558458445338823
1079.	3.063016591247594
1079.5	3.3487817424872834
1080.	3.6153795816861733
1080.5	3.865048392277487
1081.	4.100026457694448
1081.5	4.322552061370281
1082.	4.534863486738208
1082.5	4.742788686219823
1083.	4.943540406664631
1083.5	5.137921063910508
1084.	5.326733073795328
1084.5	5.511793536074464
1085.	5.692484309101293
1085.5	5.869201935146693
1086.	6.042342956481538
1086.5	6.212721428060347
1087.	6.380149374396897
1087.5	6.544856332688605
1088.	6.70707184013289
1088.5	6.867229287679047
1089.	7.025272817271868
1089.5	7.181350424608022
1090.	7.335610105384176
1090.5	7.4883183967483005
1091.	7.6394573363652425
1091.5	7.78912750335115
1092.	7.937429476822171
1092.5	8.08453102663518
1093.	8.230438664869308
1093.5	8.375226094344413
1094.	8.518967017880351
1094.5	8.661786607775905
1095.	8.80368650958044
1095.5	8.944719838322245
1096.	9.084939709029609
1096.5	9.224422637308473
1097.	9.363188977378414
1097.5	9.501282484036654
1098.	9.638746912080425
1098.5	9.775654292920002
1099.	9.912008794094344
1099.5	10.047842859755454
1100.	10.183188934055341
1100.5	10.318091217462323
1101.	10.45256569528557
1101.5	10.586640109150565
1102.	10.72034220068279
1102.5	10.853714298748638
1103.	10.986763722836317
1103.5	11.119512379674948
1104.	11.251982175993646
1104.5	11.38420478748357
1105.	11.516188444326986
1105.5	11.647951145668197
1106.	11.77951089065151
1106.5	11.91089357900714
1107.	12.042106149059114
1107.5	12.17316343971737
1108.	12.30408028989185
1108.5	12.434874557166012
1109.	12.565556854306866
1109.5	12.696140812754944
1110.	12.826640063950778
1110.5	12.957072949837187
1111.	13.087446507151498
1111.5	13.217772483133329
1112.	13.348062625022296
1112.5	13.4783406211362
1113.	13.608601501205198
1113.5	13.738852236037635
1114.	13.869099796441853
1114.5	13.99934805887661
1115.	14.129608326239666
1115.5	14.259888807079198
1116.	14.390197709943383
1116.5	14.520546375326564
1117.	14.650938627052286
1117.5	14.781381420890256
1118.	14.911881712610182
1118.5	15.042449341540964
1119.	15.173087226469448
1119.5	15.303801169741666
1120.	15.434596973703655
1120.5	15.565493178422374
1121.	15.696477753434559
1121.5	15.827551405997875
1122.	15.958714843369988
1122.5	16.08996306239293
1123.	16.221304764906247
1123.5	16.35274294233385
1124.	16.48428058609966
1124.5	16.61591788491447
1125.	16.74766175400056
1125.5	16.879516305867092
1126.	17.01148565302323
1126.5	17.143593123863663
1127.	17.275815928657817
1127.5	17.408150493560637
1128.	17.540593244727074
1128.5	17.673133613420532
1129.	17.805777818644128
1129.5	17.93852508450943
1130.	18.071374635128002
1130.5	18.204328878058217
1131.	18.337382580586123
1131.5	18.470533693444573
1132.	18.603780167366413
1132.5	18.737123397992047
1133.	18.870556513183754
1133.5	19.004076085711365
1134.	19.137678688344703
1134.5	19.271371753312224
1135.	19.405136650141685
1135.5	19.538965607819467
1136.	19.672850855331955
1136.5	19.806782619426954
1137.	19.94075593222485
1137.5	20.074763823607448
1138.	20.208799323456564
1138.5	20.342890103519935
1139.	20.47698069506707
1139.5	20.611050271233406
1140.	20.745078005154383
1140.5	20.87896664401207
1141.	21.012802357276623
1141.5	21.146594888464826
1142.	21.280353981093462
1142.5	21.414174408367955
1143.	21.547946872241003
1143.5	21.681647104353925
1144.	21.815250836348056
1144.5	21.94871546954458
1145.	22.082042398033035
1145.5	22.2152146855828
1146.	22.34821539596327
1146.5	22.480320680861002
1147.	22.61250328096134
1147.5	22.745029024866806
1148.	22.878163741179915
1148.5	23.011975171008064
1149.	23.14700646544694
1149.5	23.28360268809711
1150.	23.42210890255914
1150.5	23.565296266813455
1151.	23.710113312328822
1151.5	23.85593466495386
1152.	24.002134950537197
1152.5	24.146599545463847
1153.	24.290788024831482
1153.5	24.43467071427417
1154.	24.578217939425976
1154.5	24.721413447132495
1155.	24.864208773331654
1155.5	25.006568875172903
1156.	25.1484587098057
1156.5	25.289857053525168
1157.	25.43070951667682
1157.5	25.57097552875184
1158.	25.71061451924141
1158.5	25.84959649245623
1159.	25.987866073140154
1159.5	26.12537846085657
1160.	26.262088855168848
1160.5	26.39796962080388
1161.	26.53295192609613
1161.5	26.666984104543566
1162.	26.80001448964416
1162.5	26.93200647582806
1163.	27.0628873112882
1163.5	27.19259930514967
1164.	27.321084766537577
1164.5	27.448304566061903
1165.	27.574175026768916
1165.5	27.698631033189766
1166.	27.8216074698556
1166.5	27.94305640557745
1167.	28.062888666894636
1167.5	28.181032264626342
1168.	28.297415209591772
1168.5	28.411984750632968
1169.	28.524641965337135
1169.5	28.635307169314327
1170.	28.743900678174604
1170.5	28.85036270748964
1171.	28.954585712923222
1171.5	29.05648205010075
1172.	29.15596407464763
1172.5	29.252962951404008
1173.	29.347364703094655
1173.5	29.439074161659082
1174.	29.527996159036793
1174.5	29.614058418400017
1175.	29.69713372396246
1175.5	29.777117751170547
1176.	29.853906175470705
1176.5	29.9274098047533
1177.	29.997503129043235
1177.5	30.06407577080935
1178.	30.12701735252049
1178.5	30.186236852873733
1179.	30.2415967956184
1179.5	30.292979060732044
1180.	30.340265528192216
1180.5	30.38335537154171
1181.	30.422106259766746
1181.5	30.456393155418777
1182.	30.486091021049255
1182.5	30.511081342146483
1183.	30.531229949150337
1183.5	30.54640919543753
1184.	30.556491434384785
1184.5	30.561361803057896
1185.	30.56087475766887
1185.5	30.554897538118798
1186.	30.543297384308765
1186.5	30.525938179519922
1187.	30.502691862921267
1187.5	30.473427017061862
1188.	30.438012224490766
1188.5	30.39631368825806
1189.	30.348203322211383
1189.5	30.293550660699378
1190.	30.2322252380707
1190.5	30.164080174777965
1191.	30.089007984624278
1191.5	30.006884767516713
1192.	29.917586623362336
1192.5	29.82096597410047
1193.	29.716932068793035
1193.5	29.60537047853419
1194.	29.486166774418106
1194.5	29.359173257516566
1195.	29.224322076955072
1195.5	29.08151211183675
1196.	28.93064224126472
1196.5	28.771505740257975
1197.	28.604149333637416
1197.5	28.42851414213981
1198.	28.244541286501935
1198.5	28.052294066346022
1199.	27.851542551969196
1199.5	27.642178992554047
1200.	27.424095637283166
1200.5	27.19692432601696
1201.	26.960921880989062
1201.5	26.71608471511094
1202.	26.462409241294054
1202.5	26.199871102081605
1203.	25.928495788900616
1203.5	25.648288022809847
1204.	25.359252524868058
1204.5	25.061324541302625
1205.	24.75460605793625
1205.5	24.439129585760263
1206.	24.114927635765973
1206.5	23.781906403455505
1207.	23.440275241505056
1207.5	23.090117187101622
1208.	22.7315152774322
1208.5	22.364458906338662
1209.	21.989162211691188
1209.5	21.605745688014824
1210.	21.214329829834632
1210.5	20.814911155176187
1211.	20.407783725663798
1211.5	19.993117626422308
1212.	19.571082942576552
1212.5	19.141727826910614
1213.	18.705393069826396
1213.5	18.262297529385037
1214.	17.812660063647687
1214.5	17.35654097851917
1215.	16.89438110507947
1215.5	16.42646272225226
1216.	15.953068108961212
1216.5	15.474221354466675
1217.	14.990566203220961
1217.5	14.50248821001307
1218.	14.010372929631995
1218.5	13.514016888513169
1219.	13.01463028114058
1219.5	12.51283427364465
1220.	12.009250032155798
1220.5	11.502615183735891
1221.	10.996187849211331
1221.5	10.491342610339967
1222.	9.989454048879637
1222.5	9.495535587472393
1223.	9.005867430638197
1223.5	8.52036862378121
1224.	8.038958212305596
1224.5	7.55428654403903
1225.	7.07644884099276
1225.5	6.608271627601547
1226.	6.15258142830015
1226.5	5.715105668078667
1227.	5.294609610594385
1227.5	4.892759420059926
1228.	4.511221260687916
1228.5	4.16278218857002
1229.	3.8335391192882016
1229.5	3.5207098603034686
1230.	3.2215122190768266
1230.5	2.9294435766182336
1231.	2.6469303374201645
1231.5	2.3726784795240454
1232.	2.1053939809713027
1232.5	1.8392175541001328
1233.	1.5792465489364833
1233.5	1.326013049803072
1234.	1.080049141022617
1234.5	0.844709790504619
1235.	0.6165750455503002
1235.5	0.39504783704766533
1236.	0.17953109588471916
1236.5	-0.031562415259766774
1237.	-0.23744353000486101
1237.5	-0.43831325017886513
1238.	-0.634372577610081
1238.5	-0.826123933709338
1239.	-1.0133463328893995
1239.5	-1.1961202091455558
1240.	-1.374525996473098
1240.5	-1.548745661368357
1241.	-1.7187174923251676
1241.5	-1.884481310338404
1242.	-2.046076936402941
1242.5	-2.2035643422968505
1243.	-2.356955137918531
1243.5	-2.5062810839495797
1244.	-2.651573941071592
1244.5	-2.7928711692490205
1245.	-2.9301965501674627
1245.5	-3.0635795647953734
1246.	-3.193049694101206
1246.5	-3.3186211332283038
1247.	-3.440344763300276
1247.5	-3.558256179615621
1248.	-3.672390977472837
1248.5	-3.782778133977208
1249.	-3.8894625098977325
1249.5	-3.992482347810194
1250.	-4.0918758902903765
1250.5	-4.187667759460892
1251.	-4.279915266531964
1251.5	-4.3686621022606476
1252.	-4.453951957403993
1252.5	-4.535894608838709
1253.	-4.614441226754332
1253.5	-4.689609067460052
1254.	-4.761415387265059
1254.5	-4.8296666878372845
1255.	-4.894675281983684
1255.5	-4.956542727869952
1256.	-5.015370583661783
1256.5	-5.07143689544238
1257.	-5.124596138292928
1257.5	-5.174879275212117
1258.	-5.222317269198641
1258.5	-5.266913018950515
1259.	-5.308736777487376
1259.5	-5.347830733528188
1260.	-5.38423707579191
1260.5	-5.417953977530269
1261.	-5.449085249116357
1261.5	-5.477690685456031
1262.	-5.503830081455149
1262.5	-5.527636642983698
1263.	-5.549067389597749
1263.5	-5.568152751817507
1264.	-5.584923160163177
1264.5	-5.59931721250556
1265.	-5.611493905074022
1265.5	-5.621520401448526
1266.	-5.629463865209038
1266.5	-5.635468950706301
1267.	-5.639494334441186
1267.5	-5.641576183685347
1268.	-5.641750665710434
1268.5	-5.640035719068796
1269.	-5.63649303123911
1269.5	-5.6311660609807515
1270.	-5.624098267053094
1270.5	-5.615339318983863
1271.	-5.604923980456741
1271.5	-5.592893225923763
1272.	-5.579288029836965
1272.5	-5.564183400642336
1273.	-5.547572665200373
1273.5	-5.529483184365525
1274.	-5.5099423189922465
1274.5	-5.48890188858101
1275.	-5.466495011881836
1275.5	-5.442779266290767
1276.	-5.417812229203845
1276.5	-5.391768132671841
1277.	-5.36454123757418
1277.5	-5.33614245944501
1278.	-5.306582713818484
1278.5	-5.275796253302051
1279.	-5.243901321527245
1279.5	-5.210939499198897
1280.	-5.1769523670218405
1280.5	-5.142044404279424
1281.	-5.106169133666556
1281.5	-5.069342976456658
1282.	-5.031582353923158
1282.5	-4.99282254220011
1283.	-4.953193565756055
1283.5	-4.9127443039201655
1284.	-4.871523636021614
1284.5	-4.829702540251401
1285.	-4.787158957532139
1285.5	-4.743892927648267
1286.	-4.699904490384226
1286.5	-4.655136098503204
1287.	-4.609668413619395
1287.5	-4.563524510325737
1288.	-4.516727463215174
1288.5	-4.469311461032955
1289.	-4.4212840185587865
1289.5	-4.372663764724686
1290.	-4.3234693284626715
1290.5	-4.2736894908086835
1291.	-4.223384667749244
1291.5	-4.1725854273748
1292.	-4.121322337775798
1292.5	-4.069663869911976
1293.	-4.017587527856772
1293.5	-3.9651087185529184
1294.	-3.9122428489431442
1294.5	-3.8590716593586274
1295.	-3.805517689998272
1295.5	-3.7515698144494305
1296.	-3.697216906299454
1296.5	-3.642327266900652
1297.	-3.587058570969436
1297.5	-3.5314479209871736
1298.	-3.4755324194352344
1298.5	-3.419349168794987
1299.	-3.3629352715477996
1299.5	-3.306327830175041
1300.	-3.24956394715808