1076.	10.862498586269854
1076.5	10.81695494456979
1077.	10.771613466954374
1077.5	10.726474360009904
1078.	10.681537830322686
1078.5	10.63680408447902
1079.	10.59227332906521
1079.5	10.547945770667555
1080.	10.503821615872361
1080.5	10.459901071265929
1081.	10.41618434343456
1081.5	10.372671638964558
1082.	10.329363164442224
1082.5	10.286274483263243
1083.	10.24338430248078
1083.5	10.20068668595739
1084.	10.158175697555617
1084.5	10.115824021798566
1085.	10.073655653624012
1085.5	10.031673208630282
1086.	9.989879302415703
1086.5	9.94829221892271
1087.	9.906892638067882
1087.5	9.865676908111904
1088.	9.824641377315462
1088.5	9.783782682975161
1089.	9.7430967687014
1089.5	9.702579867140496
1090.	9.662228210938768
1090.5	9.62202641011221
1091.	9.581986968989591
1091.5	9.542110769269357
1092.	9.502398692649953
1092.5	9.462863058174124
1093.	9.4234887352583
1093.5	9.384272030663201
1094.	9.34520925114956
1094.5	9.3062845084593
1095.	9.267511182379465
1095.5	9.228890457678308
1096.	9.190423519124073
1096.5	9.152123621685233
1097.	9.11397505184972
1097.5	9.075974166305684
1098.	9.038117321741288
1098.5	9.000394689946408
1099.	8.962811286466785
1099.5	8.925365941949888
1100.	8.888057487043183
1100.5	8.850884573392614
1101.	8.813846282247777
1101.5	8.776941515856747
1102.	8.740169176467596
1102.5	8.703527980838532
1103.	8.667017090903443
1103.5	8.63063548310635
1104.	8.594382133891276
1104.5	8.558255858359717
1105.	8.52225585883523
1105.5	8.486381176298847
1106.	8.4506308517316
1106.5	8.415003768821236
1107.	8.379499188759388
1107.5	8.344116215444396
1108.	8.30885395277461
1108.5	8.273711343068303
1109.	8.23868771643592
1109.5	8.203782241407831
1110.	8.168994086514413
1110.5	8.13432990627899
1111.	8.099778388841806
1111.5	8.06533570833605
1112.	8.03099803889492
1112.5	7.996746515894842
1113.	7.9625983677284795
1113.5	7.928555784031729
1114.	7.894620954440487
1114.5	7.860811196075845
1115.	7.827107520094432
1115.5	7.79350606513807
1116.	7.760002969848579
1116.5	7.726578646679475
1117.	7.693251250936209
1117.5	7.6600232117359255
1118.	7.626896958195769
1118.5	7.593882425152243
1119.	7.56097153371539
1119.5	7.528163710714613
1120.	7.4954583829793116
1120.5	7.462863378697664
1121.	7.430366362796787
1121.5	7.397963401562571
1122.	7.365650561280907
1122.5	7.333415837741143
1123.	7.301266595924333
1123.5	7.269202130314985
1124.	7.23722173539761
1124.5	7.205324612237995
1125.	7.173510186106857
1125.5	7.141777788856198
1126.	7.110126752338015
1126.5	7.078547217578952
1127.	7.047051383586502
1127.5	7.0156422585428055
1128.	6.984322850630002
1128.5	6.953113887363384
1129.	6.921993569858677
1129.5	6.890957818564761
1130.	6.860002553930512
1130.5	6.82911489988477
1131.	6.798303092004469
1131.5	6.767566569346503
1132.	6.736904770967765
1132.5	6.706317049899576
1133.	6.6758029656346345
1133.5	6.645361991640064
1134.	6.61499360138299
1134.5	6.584697205098994
1135.	6.554472364779358
1135.5	6.524318579183825
1136.	6.494235347072134
1136.5	6.464211982048161
1137.	6.434262242089858
1137.5	6.404389700019314
1138.	6.3745979286586145
1138.5	6.3449205256061205
1139.	6.315319028997137
1139.5	6.2857850017432435
1140.	6.256310006756018
1140.5	6.2268556578983185
1141.	6.197455446749932
1141.5	6.168112915841924
1142.	6.138831607705363
1142.5	6.109614157469785
1143.	6.080465378028398
1143.5	6.05138917487288
1144.	6.0223894534949105
1144.5	5.993502026926307
1145.	5.964686130102552
1145.5	5.935932905499268
1146.	5.907233495592076
1146.5	5.878369280829471
1147.	5.849625070525055
1147.5	5.821075911965299
1148.	5.792796852436679
1148.5	5.764826984068268
1149.	5.737291691366897
1149.5	5.710280403682
1150.	5.683882550363007
1150.5	5.658802080322765
1151.	5.634268095521928
1151.5	5.6101242174845645
1152.	5.586214067734743
1152.5	5.561992418220364
1153.	5.53784727987213
1153.5	5.513777814044574
1154.	5.489783182092232
1154.5	5.46586199061278
1155.	5.4420141776203526
1155.5	5.418239126372232
1156.	5.394536220125693
1156.5	5.370900546946903
1157.	5.347337503360698
1157.5	5.323848190700801
1158.	5.300433710300937
1158.5	5.277101737153022
1159.	5.25384416946931
1159.5	5.230659479120246
1160.	5.207546137976278
1160.5	5.184499630641881
1161.	5.16152261115986
1161.5	5.138614746307051
1162.	5.115775702860289
1162.5	5.093005107137906
1163.	5.070302682558642
1163.5	5.047668112082731
1164.	5.025101078670412
1164.5	5.002601245773524
1165.	4.980168323664056
1165.5	4.957802003105603
1166.	4.935501974861758
1166.5	4.913254434972414
1167.	4.891077966814346
1167.5	4.868977659040628
1168.	4.846958600304335
1168.5	4.825065979564518
1169.	4.803248745045883
1169.5	4.781495945279113
1170.	4.759796628794893
1170.5	4.738099933927174
1171.	4.716450783482064
1171.5	4.6948541900689404
1172.	4.673315166297178
1172.5	4.651851909485455
1173.	4.630450973650126
1173.5	4.60911209751685
1174.	4.587835019811284
1174.5	4.566605016630302
1175.	4.545442074379856
1175.5	4.524351716837117
1176.	4.503339467779256
1176.5	4.482453905025635
1177.	4.461640276694357
1177.5	4.440886884945712
1178.	4.420182031939996
1178.5	4.3994562076877095
1179.	4.378778651358854
1179.5	4.358160789973637
1180.	4.337614050552272
1180.5	4.317208650475517
1181.	4.29687371025881
1181.5	4.276597140778142
1182.	4.2563668529095
1182.5	4.236110896448459
1183.	4.21590098778359
1183.5	4.19574898222305
1184.	4.1756667350749925
1184.5	4.155726960177336
1185.	4.135856310896572
1185.5	4.11604229912895
1186.	4.096272436770723
1186.5	4.076472286474025
1187.	4.056716089076872
1187.5	4.037016136173159
1188.	4.017384719356787
1188.5	3.997897099728018
1189.	3.9784774115718378
1189.5	3.9591127586795984
1190.	3.9397902448426527
1190.5	3.920432905041836
1191.	3.9011175394032227
1191.5	3.88185687924237
1192.	3.8626636558748366
1192.5	3.843598887985834
1193.	3.824607704573405
1193.5	3.8056835220052463
1194.	3.7868197566490545
1194.5	3.767993788702438
1195.	3.7492214851712173
1195.5	3.7305026768911236
1196.	3.7118371946978885
1196.5	3.693224857342949
1197.	3.6746655125800496
1197.5	3.65615899607864
1198.	3.6377051435081706
1198.5	3.6193037751667068
1199.	3.600954748243636
1199.5	3.5826579045569615
1200.	3.564413085924687
1200.5	3.546220127197461
1201.	3.528078879947583
1201.5	3.5099891887799988
1202.	3.4919508982996526
1202.5	3.473963827178192
1203.	3.456027856327179
1203.5	3.438142840724879
1204.	3.420308635349556
1204.5	3.4025250893178365
1205.	3.384792065814278
1205.5	3.3671094221618003
1206.	3.349477015683322
1206.5	3.331894690544397
1207.	3.3143623224882575
1207.5	3.2968797741007694
1208.	3.2794469079677993
1208.5	3.262063570105904
1209.	3.2447296462979827
1209.5	3.2274450057576236
1210.	3.2102095176984173
1210.5	3.19302304695636
1211.	3.175885468873671
1211.5	3.158796654414978
1212.	3.1417564745449074
1212.5	3.1247450892719133
1213.	3.107789964899265
1213.5	3.0908988567740576
1214.	3.0740795202433877
1214.5	3.0573984766940505
1215.	3.040781209017563
1215.5	3.0242119661451405
1216.	3.0076749970079995
1216.5	2.9910960630858185
1217.	2.974541295741966
1217.5	2.9580183388882726
1218.	2.9415348364365688
1218.5	2.925097222588439
1219.	2.908714834850059
1219.5	2.8923958010173596
1220.	2.87614824888627
1220.5	2.8600417766108803
1221.	2.8439984534856957
1221.5	2.8280018191633816
1222.	2.8120354132966034
1222.5	2.7960003751675053
1223.	2.779995604947483
1223.5	2.764037602437411
1224.	2.748142867438163
1224.5	2.7323899801988207
1225.	2.7167085278927683
1225.5	2.7010901781415972
1226.	2.685526598566899
1226.5	2.670010701636575
1227.	2.654532412187383
1227.5	2.6390828999023896
1228.	2.623653334464662
1228.5	2.6081696658817237
1229.	2.592714371382404
1229.5	2.5773047085199874
1230.	2.5619579348477597
1230.5	2.5467561901147926
1231.	2.5316258968002696
1231.5	2.51655835957916
1232.	2.501544883126434
1232.5	2.486555240546717
1233.	2.471610880713462
1233.5	2.456711720929777
1234.	2.4418576784987707
1234.5	2.4270717878751826
1235.	2.412321602349837
1235.5	2.397597792365189
1236.	2.3828910283636944
1236.5	2.3681229224313203
1237.	2.353380826709606
1237.5	2.338683034983602
1238.	2.324047841038359
1238.5	2.309562257908489
1239.	2.295148372429657
1239.5	2.28079699068709
1240.	2.2664989187660147
1240.5	2.2521980416281724
1241.	2.2379508549316682
1241.5	2.2237669332111234
1242.	2.2096558510011577
1242.5	2.195699187736232
1243.	2.181805711091191
1243.5	2.167956193640719
1244.	2.1541314079595004
1244.5	2.140240432535948
1245.	2.1263644116655267
1245.5	2.112512795557431
1246.	2.0986950344208544
1246.5	2.084944368977332
1247.	2.071236942718779
1247.5	2.0575726896494517
1248.	2.043951543773608
1248.5	2.0303479485728397
1249.	2.016797524783134
1249.5	2.003310402617814
1250.	1.9898967122902032
1250.5	1.9766426601039546
1251.	1.9634518697459282
1251.5	1.9503040409933146
1252.	1.9371788736233042
1252.5	1.9239803233897799
1253.	1.9107941317025632
1253.5	1.8976302959481675
1254.	1.8844988135131069
1254.5	1.871408305139402
1255.	1.8583706955158563
1255.5	1.845396532686781
1256.	1.8324963646964867
1256.5	1.8197599021913868
1257.	1.8070868655728487
1257.5	1.7944561378443424
1258.	1.7818466020093378
1258.5	1.7691311046318419
1259.	1.7564369797305728
1259.5	1.743785524884785
1260.	1.7311980376737344
1260.5	1.7187756778452796
1261.	1.70642793594263
1261.5	1.6941441646775985
1262.	1.6819137167619989
1262.5	1.6696994400529799
1263.	1.6575277940588846
1263.5	1.645398733433392
1264.	1.6333122128301811
1264.5	1.621296467362677
1265.	1.6093118590409141
1265.5	1.5973470303346724
1266.	1.5853906237137325
1266.5	1.5733467653849673
1267.	1.5613224205862277
1267.5	1.5493400382924571
1268.	1.537422067478599
1268.5	1.5256751089722107
1269.	1.5140037991545758
1269.5	1.5023969262595924
1270.	1.490843278521158
1270.5	1.4793037063234635
1271.	1.4678061108899962
1271.5	1.4563504555945372
1272.	1.4449367038108667
1272.5	1.433564818699366
1273.	1.4222347639325745
1273.5	1.4109465029696333
1274.	1.3996999992696821
1274.5	1.3884952005848552
1275.	1.377332092364102
1275.5	1.366210644349365
1276.	1.3551308262825872
1276.5	1.344062104044137
1277.	1.3330471527821617
1277.5	1.3220981437832342
1278.	1.3112272483339273
1278.5	1.3005377902313997
1279.	1.2899143272474038
1279.5	1.2793325696642783
1280.	1.2687682277643617
1280.5	1.258106226958398
1281.	1.2474493763489578
1281.5	1.236809700167017
1282.	1.2261992226435519
1282.5	1.2156284410641014
1283.	1.2051115173832536
1283.5	1.1946610866101595
1284.	1.1842897837539699
1284.5	1.1741048224568051
1285.	1.1639864276416592
1285.5	1.1539094028644954
1286.	1.1438485516812769
1286.5	1.1336520454492547
1287.	1.123471972802589
1287.5	1.1133337901767286
1288.	1.1032629540071213
1288.5	1.093413101132631
1289.	1.0836302354239238
1289.5	1.0738885411550823
1290.	1.0641622026001878
1290.5	1.054295662660325
1291.	1.0444447435317725
1291.5	1.0346355260378113
1292.	1.0248940910017224
1292.5	1.0153441959377192
1293.	1.005875174301777
1293.5	0.996474036240804
1294.	0.9871277919017079
1294.5	0.9777910227454896
1295.	0.968496139079327
1295.5	0.9592431225244906
1296.	0.9500319547022515
1296.5	0.9408626183242358
1297.	0.9317350934852165
1297.5	0.9226493613703223
1298.	0.9136054031646816
1298.5	0.9046032000534231
1299.	0.8956427332216753
1299.5	0.8867239838545667
1300.	0.8778469331372261