1076.	0.389282903593958
1076.5	0.6017037314623597
1077.	0.7985912310762231
1077.5	0.9810095449897853
1078.	1.1500228157572832
1078.5	1.3066951859329539
1079.	1.4520907980710347
1079.5	1.5872737947257627
1080.	1.7133083184513747
1080.5	1.8312585118021079
1081.	1.9421885173321995
1081.5	2.047162477595887
1082.	2.1472445351474065
1082.5	2.245215562164615
1083.	2.3397362797286823
1083.5	2.4311841385443986
1084.	2.519936589316553
1084.5	2.6068412437767323
1085.	2.69161732719221
1085.5	2.7744542258570566
1086.	2.855541326065342
1086.5	2.9352698938766952
1087.	3.0135466839134053
1087.5	3.0904803305633193
1088.	3.1661794682142848
1088.5	3.2408587796651536
1089.	3.314478431528366
1089.5	3.387104638827368
1090.	3.4588036165856035
1090.5	3.5296816194869454
1091.	3.5997488070302417
1091.5	3.669055378374767
1092.	3.7376515326797954
1092.5	3.8056321553960784
1093.	3.872984884874824
1093.5	3.9397420457587162
1094.	4.00593596269044
1094.5	4.071616794157979
1095.	4.136791897420598
1095.5	4.201486463582862
1096.	4.265725683749336
1096.5	4.329554790522841
1097.	4.392970916910382
1097.5	4.455991237417224
1098.	4.5186329265486265
1098.5	4.580907420032142
1099.	4.6428399266618285
1099.5	4.704449916454031
1100.	4.765756859425098
1100.5	4.826809503436863
1101.	4.887586329521989
1101.5	4.948095096558628
1102.	5.008343563424933
1102.5	5.068334859660264
1103.	5.12808322521708
1103.5	5.1875982707090476
1104.	5.246889606749836
1104.5	5.3059572573978935
1105.	5.364824254444195
1105.5	5.423504043124495
1106.	5.482010068674549
1106.5	5.5403852172929104
1107.	5.598601716867416
1107.5	5.656661236248702
1108.	5.714565444287406
1108.5	5.772306242921694
1109.	5.829898974679658
1109.5	5.887349215176924
1110.	5.944662540029114
1110.5	6.001838567885502
1111.	6.058891214114604
1111.5	6.1158284371185845
1112.	6.172658195299605
1112.5	6.229396991184644
1113.	6.286040821401129
1113.5	6.342594226701298
1114.	6.39906174783739
1114.5	6.455458079245899
1115.	6.511773546521109
1115.5	6.568008628941557
1116.	6.624163805785781
1116.5	6.680233037650719
1117.	6.736225929969149
1117.5	6.792145569492245
1118.	6.847995042971185
1118.5	6.903778364668208
1119.	6.959497322819003
1119.5	7.015154633170322
1120.	7.070753011468916
1120.5	7.126285948965218
1121.	7.181769075700825
1121.5	7.237208797221021
1122.	7.292611519071082
1122.5	7.348003512666382
1123.	7.403363371334071
1123.5	7.458689554271393
1124.	7.513980520675592
1124.5	7.569226094996104
1125.	7.624436825077101
1125.5	7.679614624014951
1126.	7.734761404906018
1126.5	7.789879545890354
1127.	7.844970309003165
1127.5	7.900035421323344
1128.	7.9550766099297805
1128.5	8.010084311050207
1129.	8.06507605895514
1129.5	8.120058097063934
1130.	8.175036668795943
1130.5	8.230053054266964
1131.	8.285064445521337
1131.5	8.340063071299843
1132.	8.39504116034326
1132.5	8.449956992783449
1133.	8.504850325413678
1133.5	8.55972696641829
1134.	8.614592723981636
1134.5	8.669451900328665
1135.	8.72431241198688
1135.5	8.779180669524381
1136.	8.834063083509276
1136.5	8.889004951503596
1137.	8.943958242283946
1137.5	8.998913811620863
1138.	9.05386251528488
1138.5	9.108743239212801
1139.	9.163619596942382
1139.5	9.21850323217765
1140.	9.273405788622629
1140.5	9.32839307112595
1141.	9.383400897789192
1141.5	9.438419247858542
1142.	9.493438100580182
1142.5	9.548406648162365
1143.	9.603371971704382
1143.5	9.65834036526759
1144.	9.713318122913343
1144.5	9.76832514964718
1145.	9.82334868420861
1145.5	9.878389576281315
1146.	9.93344867554898
1146.5	9.988273776257168
1147.	10.043220005702938
1147.5	10.098389435745224
1148.	10.153884138242962
1148.5	10.209742777469685
1149.	10.266156195903893
1149.5	10.323251828438679
1150.	10.381157109967138
1150.5	10.440852904630818
1151.	10.501271846374983
1151.5	10.562199998393346
1152.	10.623423423879625
1152.5	10.684190375254742
1153.	10.745039850794319
1153.5	10.805973038001188
1154.	10.866991124378181
1154.5	10.92809877897739
1155.	10.989292315132682
1155.5	11.050571527727186
1156.	11.111936211644029
1156.5	11.173382749082583
1157.	11.234915712683234
1157.5	11.296536262402615
1158.	11.358245558197357
1158.5	11.420036117989556
1159.	11.481921200584189
1159.5	11.543905422751704
1160.	11.605993401262547
1160.5	11.668224675184238
1161.	11.730554970071314
1161.5	11.792974933775385
1162.	11.85547521414807
1162.5	11.918010266605538
1163.	11.980621408409021
1163.5	12.043313764384308
1164.	12.106092459357187
1164.5	12.168974659187993
1165.	12.231948631254154
1165.5	12.295014683967642
1166.	12.358173125740429
1166.5	12.42142432121916
1167.	12.484768500087265
1167.5	12.548205948262847
1168.	12.61173695166401
1168.5	12.675361840723173
1169.	12.739080839038396
1169.5	12.802894214722052
1170.	12.866802235886519
1170.5	12.9307829694373
1171.	12.994867765176394
1171.5	13.059065771698918
1172.	13.1233861376
1172.5	13.187904228940853
1173.	13.252536489864074
1173.5	13.31726558197835
1174.	13.382074166892371
1174.5	13.446879351242332
1175.	13.51175557359841
1175.5	13.57671171755829
1176.	13.641756666719655
1176.5	13.706897000969146
1177.	13.772144829099911
1177.5	13.83750995619405
1178.	13.903002187333668
1178.5	13.968702787104428
1179.	14.034521517283448
1179.5	14.100439599151398
1180.	14.16643825398896
1180.5	14.23240271116101
1181.	14.298448580630343
1181.5	14.364595480443954
1182.	14.430863028648844
1182.5	14.497369275144983
1183.	14.563996033385202
1183.5	14.630723548675302
1184.	14.69753206632109
1184.5	14.764301046794214
1185.	14.831151834168299
1185.5	14.898104987682814
1186.	14.965181066577225
1186.5	15.032476855284477
1187.	15.099906197773173
1187.5	15.167459163205391
1188.	15.235125820743209
1188.5	15.3028987561572
1189.	15.37076451535755
1189.5	15.438712160862938
1190.	15.506730755192045
1190.5	15.574726958073756
1191.	15.64280519593246
1191.5	15.71098749240276
1192.	15.77929587111925
1192.5	15.847834166453413
1193.	15.916509867008209
1193.5	15.985312272123483
1194.	16.05423068113908
1194.5	16.123227363072925
1195.	16.192329459715552
1195.5	16.261537082535572
1196.	16.3308503430016
1196.5	16.400269364106727
1197.	16.469794241185298
1197.5	16.539425081096134
1198.	16.609161990698052
1198.5	16.679005095148877
1199.	16.74895447568883
1199.5	16.819010231857135
1200.	16.889172463193013
1200.5	16.959441294386117
1201.	17.029816789765068
1201.5	17.100299038808917
1202.	17.17088813099672
1202.5	17.241584156629585
1203.	17.31238720403568
1203.5	17.38329736236523
1204.	17.454314720768462
1204.5	17.52543939573474
1205.	17.596671438139495
1205.5	17.668010926197297
1206.	17.73945793812272
1206.5	17.81101255526406
1207.	17.882674851448662
1207.5	17.954444903637608
1208.	18.02632278879197
1208.5	18.098274215198778
1209.	18.170347375962773
1209.5	18.242556095514658
1210.	18.314914198285123
1210.5	18.387537975303747
1211.	18.46029779776279
1211.5	18.5331665034534
1212.	18.60611693016672
1212.5	18.67902017073616
1213.	18.751991505893685
1213.5	18.825044471413538
1214.	18.898192603069955
1214.5	18.971446597352163
1215.	19.044823965033412
1215.5	19.118339377601945
1216.	19.192007506546005
1216.5	19.26595191399884
1217.	19.340034824545683
1217.5	19.414227353416766
1218.	19.488500615842327
1218.5	19.562679574225694
1219.	19.63693995775478
1219.5	19.711311342790584
1220.	19.785823305694105
1220.5	19.86065451562286
1221.	19.93562581902273
1221.5	20.01070715513611
1222.	20.085868463205404
1222.5	20.160927653735797
1223.	20.236067506201774
1223.5	20.311318771340623
1224.	20.386712199889622
1224.5	20.462433572030722
1225.	20.538296597278663
1225.5	20.61427001459286
1226.	20.690322562932728
1226.5	20.766264959535256
1227.	20.842287173771247
1227.5	20.918421153289078
1228.	20.994698845737133
1228.5	21.071271461835927
1229.	21.14800398093285
1229.5	21.224880645447435
1230.	21.301885697799204
1230.5	21.378963893140533
1231.	21.456154756064965
1231.5	21.53345832389889
1232.	21.610874633968702
1232.5	21.688403724296414
1233.	21.76604563123454
1233.5	21.843800391831213
1234.	21.921668043134574
1234.5	21.999648630401786
1235.	22.077742179188352
1235.5	22.1559487232588
1236.	22.234268296377653
1236.5	22.312700932424896
1237.	22.391246665003422
1237.5	22.469905527831582
1238.	22.548677554627723
1238.5	22.627562790680106
1239.	22.7065612535092
1239.5	22.78567297220539
1240.	22.864897975859055
1240.5	22.944236293163115
1241.	23.023687953764405
1241.5	23.103252986912295
1242.	23.182931421856154
1242.5	23.262723302838864
1243.	23.342628638118878
1243.5	23.42264745094815
1244.	23.502779764578655
1244.5	23.583025589691736
1245.	23.663384967138217
1245.5	23.743857925198302
1246.	23.824444492152196
1246.5	23.905144718658125
1247.	23.985958601667075
1247.5	24.06688616050804
1248.	24.147927414510022
1248.5	24.229032463778093
1249.	24.310271214554753
1249.5	24.391663653858572
1250.	24.47322976870812
1250.5	24.555138435307256
1251.	24.63720119581515
1251.5	24.719378481576246
1252.	24.801630723935013
1252.5	24.88371870027836
1253.	24.9658823574913
1253.5	25.048161988501292
1254.	25.130597886235808
1254.5	25.213433412156757
1255.	25.29642456324339
1255.5	25.379530405009405
1256.	25.462710002968493
1256.5	25.545715924607453
1257.	25.628796332677627
1257.5	25.71199289190347
1258.	25.79534726700943
1258.5	25.879056847202854
1259.	25.962945282932136
1259.5	26.046991949128564
1260.	26.131176220723432
1260.5	26.215480978242574
1261.	26.299880688784913
1261.5	26.38435332504393
1262.	26.468876859713088
1262.5	26.55326479829342
1263.	26.63772536754782
1263.5	26.722302327046737
1264.	26.807039436360625
1264.5	26.892144034618905
1265.	26.977430870009467
1265.5	27.062878270279178
1266.	27.148464563174898
1266.5	27.23411385119811
1267.	27.319880377439215
1267.5	27.40576415974322
1268.	27.491765215955144
1268.5	27.577883565126612
1269.	27.664119223413383
1269.5	27.75047220817783
1270.	27.836942536782324
1270.5	27.923530227691305
1271.	28.01023529672425
1271.5	28.0970577608027
1272.	28.183997636848197
1272.5	28.27105494669169
1273.	28.35822970038156
1273.5	28.445521912875588
1274.	28.53293159913155
1274.5	28.62045876720428
1275.	28.708103441715693
1275.5	28.795865640384754
1276.	28.883745380930428
1276.5	28.971742689705113
1277.	29.05985757234096
1277.5	29.148090043103558
1278.	29.2364401162585
1278.5	29.324844392745923
1279.	29.413391665487044
1279.5	29.502107314077627
1280.	29.591016718113437
1280.5	29.680334546910373
1281.	29.76982117445602
1281.5	29.85942626445809
1282.	29.949099480624305
1282.5	30.03853681146354
1283.	30.128043065961883
1283.5	30.21766937790658
1284.	30.307466881084885
1284.5	30.397744217607727
1285.	30.4881920096092
1285.5	30.578758387547083
1286.	30.669391481879153
1286.5	30.759778060225646
1287.	30.85023216101689
1287.5	30.940806459845685
1288.	31.031553632304817
1288.5	31.12279160436688
1289.	31.214201701092946
1289.5	31.305730497923886
1290.	31.39732457030057
1290.5	31.488661326014377
1291.	31.58006417521547
1291.5	31.67158736040451
1292.	31.763285124082167
1292.5	31.855414564479766
1293.	31.947745926075058
1293.5	32.040252309076436
1294.	32.132906813692315
1294.5	32.22561523955742
1295.	32.31844490768329
1295.5	32.411395838507815
1296.	32.504468052468866
1296.5	32.597661577972914
1297.	32.690976424301795
1297.5	32.784412608705935
1298.	32.87797014843577
1298.5	32.97164906074174
1299.	33.06544936287427
1299.5	33.15937107208379
1300.	33.25341420562074