1076.	-0.6122462094875507
1076.5	-0.9458047025716239
1077.	-1.2549729246868746
1077.5	-1.5414193000540575
1078.	-1.806812252893927
1078.5	-2.0528202074272377
1079.	-2.281111587874744
1079.5	-2.4933548184572008
1080.	-2.6912183233953626
1080.5	-2.8763705269099837
1081.	-3.0504798532218187
1081.5	-3.2152147265516224
1082.	-3.372243571120149
1082.5	-3.525911471014452
1083.	-3.6741395266424677
1083.5	-3.8175254982784312
1084.	-3.956667146196578
1084.5	-4.092926486181639
1085.	-4.225831320793155
1085.5	-4.355673708101161
1086.	-4.482745706175695
1086.5	-4.607634029646982
1087.	-4.730218217400793
1087.5	-4.850672464883089
1088.	-4.9691709675398315
1088.5	-5.086065842618014
1089.	-5.20128219504215
1089.5	-5.314923051537789
1090.	-5.427091438830477
1090.5	-5.537951080129011
1091.	-5.647520027082388
1091.5	-5.755877027822858
1092.	-5.863100830482667
1092.5	-5.96934200210533
1093.	-6.074578744347321
1093.5	-6.178861077776381
1094.	-6.282239022960249
1094.5	-6.384783739151318
1095.	-6.486515652758817
1095.5	-6.587476328876626
1096.	-6.687707332598627
1096.5	-6.787288120163483
1097.	-6.886207209062379
1097.5	-6.984491007931283
1098.	-7.082165925406164
1098.5	-7.179253832746649
1099.	-7.275787490915582
1099.5	-7.371795123499469
1100.	-7.467304954084812
1100.5	-7.562378831057862
1101.	-7.656997903285479
1101.5	-7.7511769444342695
1102.	-7.84493072817084
1102.5	-7.938265798331008
1103.	-8.031208450344483
1103.5	-8.123776749810187
1104.	-8.21598876232704
1104.5	-8.307881564860752
1105.	-8.399446607096738
1105.5	-8.490694350087209
1106.	-8.581635254884366
1106.5	-8.672278986820555
1107.	-8.76263712095579
1107.5	-8.85272043663022
1108.	-8.942539713183997
1108.5	-9.032101974801861
1109.	-9.12142325804154
1109.5	-9.21051584430535
1110.	-9.299392014995611
1110.5	-9.388090009435476
1111.	-9.476585767938088
1111.5	-9.564881188737429
1112.	-9.652978170067477
1112.5	-9.740850232204112
1113.	-9.828539002522659
1113.5	-9.916057730440343
1114.	-10.003419665374388
1114.5	-10.090672554746613
1115.	-10.177781350767807
1115.5	-10.264745503653355
1116.	-10.351564463618638
1116.5	-10.438214651957036
1117.	-10.524727759374743
1117.5	-10.611112447655946
1118.	-10.697377378584834
1118.5	-10.783550405659849
1119.	-10.869613322265218
1119.5	-10.955567113499429
1120.	-11.041412764460965
1120.5	-11.127133813858617
1121.	-11.212755671736442
1121.5	-11.298286301748803
1122.	-11.383733667550066
1122.5	-11.469126112448656
1123.	-11.554443068583247
1123.5	-11.639684347746579
1124.	-11.724849761731386
1124.5	-11.809930644792521
1125.	-11.894938677275764
1125.5	-11.979877061989008
1126.	-12.064749001740147
1126.5	-12.149547012246108
1127.	-12.234289258242137
1127.5	-12.31898321737251
1128.	-12.403636367281507
1128.5	-12.488290467925035
1129.	-12.572905001711092
1129.5	-12.657473733359307
1130.	-12.741990427589307
1130.5	-12.826416077627327
1131.	-12.910790328283746
1131.5	-12.995120052875544
1132.	-13.07941212471971
1132.5	-13.163672081970516
1133.	-13.247908667172743
1133.5	-13.332129287708456
1134.	-13.41634135095973
1134.5	-13.500603412421023
1135.	-13.584851272117055
1135.5	-13.669071878184935
1136.	-13.753252178761777
1136.5	-13.837303220782692
1137.	-13.921318214067588
1137.5	-14.005314467234378
1138.	-14.089309288900969
1138.5	-14.17338512064564
1139.	-14.25746808494179
1139.5	-14.341549437223179
1140.	-14.425620432923573
1140.5	-14.509632620145773
1141.	-14.593632844586889
1141.5	-14.67762824461307
1142.	-14.761625958590464
1142.5	-14.845661475520425
1143.	-14.929702242879815
1143.5	-15.013744058780702
1144.	-15.097782721335154
1144.5	-15.181855698204727
1145.	-15.265900450132204
1145.5	-15.349896107409856
1146.	-15.433821800329957
1146.5	-15.51677929092585
1147.	-15.599976025052303
1147.5	-15.683742080305162
1148.	-15.768407534280268
1148.5	-15.854302728729298
1149.	-15.941757371429928
1149.5	-16.031101434315662
1150.	-16.122664889320014
1150.5	-16.219082020934657
1151.	-16.317456763511665
1151.5	-16.41719736396128
1152.	-16.517712069193742
1152.5	-16.616927457480777
1153.	-16.71632611182655
1153.5	-16.815908946596714
1154.	-16.915676876156915
1154.5	-17.015629150834346
1155.	-17.1157690146485
1155.5	-17.216098047580406
1156.	-17.316617829611097
1156.5	-17.417333555949835
1157.	-17.518241745258127
1157.5	-17.619342531425723
1158.	-17.720636048342357
1158.5	-17.822120856709216
1159.	-17.92379929288002
1159.5	-18.025672120019937
1160.	-18.127740101294126
1160.5	-18.23000212590987
1161.	-18.33246158057337
1161.5	-18.435119978032947
1162.	-18.537978831036916
1162.5	-18.641045599511536
1163.	-18.74431347015601
1163.5	-18.84778157684748
1164.	-18.951449053463097
1164.5	-19.055305173998683
1165.	-19.159362876165225
1165.5	-19.263625237792386
1166.	-19.36809533670984
1166.5	-19.472788447713164
1167.	-19.577690572879753
1167.5	-19.682799911252907
1168.	-19.788114661875927
1168.5	-19.89353864143778
1169.	-19.999202184277838
1169.5	-20.105141242381144
1170.	-20.211391767732735
1170.5	-20.31823746206796
1171.	-20.425367427721422
1171.5	-20.532718516778033
1172.	-20.640227581322705
1172.5	-20.747624070571156
1173.	-20.855135200625174
1173.5	-20.962780784717353
1174.	-21.070580636080287
1174.5	-21.178557520654383
1175.	-21.286727117881288
1175.5	-21.39510805991047
1176.	-21.503718978891392
1176.5	-21.61264645231924
1177.	-21.721813988859473
1177.5	-21.831213042523263
1178.	-21.940835067321785
1178.5	-22.050649143055388
1179.	-22.16067804763041
1179.5	-22.270922184742357
1180.	-22.38138195808675
1180.5	-22.492057804427667
1181.	-22.60295008116461
1181.5	-22.71405917876566
1182.	-22.825385487698895
1182.5	-22.93690342886942
1183.	-23.048649750133475
1183.5	-23.16063522978433
1184.	-23.27287064611525
1184.5	-23.385444282007956
1185.	-23.498258409331886
1185.5	-23.61129280454493
1186.	-23.724527244104976
1186.5	-23.837837405283345
1187.	-23.951348803399124
1187.5	-24.065082854584826
1188.	-24.17906097497297
1188.5	-24.29338333494491
1189.	-24.407961094684786
1189.5	-24.52278416862558
1190.	-24.637842471200273
1190.5	-24.75309991531307
1191.	-24.86858281753723
1191.5	-24.984291492917244
1192.	-25.1002262564976
1192.5	-25.2163874630381
1193.	-25.332775371981793
1193.5	-25.44939028248704
1194.	-25.566232493712214
1194.5	-25.683302323408153
1195.	-25.800600044703742
1195.5	-25.918125949320363
1196.	-26.035880328979374
1196.5	-26.15386351986774
1197.	-26.272075751455006
1197.5	-26.39051729767631
1198.	-26.509188432466786
1198.5	-26.628058234585335
1199.	-26.747170651213818
1199.5	-26.866538434357867
1200.	-26.986174336023105
1200.5	-27.106184095372456
1201.	-27.226450282391337
1201.5	-27.346948454222463
1202.	-27.467654168008547
1202.5	-27.58841814266222
1203.	-27.709390708848307
1203.5	-27.830597359001548
1204.	-27.952063585556687
1204.5	-28.07390921350853
1205.	-28.19602766970773
1205.5	-28.318406713564997
1206.	-28.44103410449106
1206.5	-28.56386641001102
1207.	-28.686935058175447
1207.5	-28.8102402851493
1208.	-28.93378232709754
1208.5	-29.057561442205404
1209.	-29.181577835809463
1209.5	-29.305831735266572
1210.	-29.430323367933575
1210.5	-29.55501758387678
1211.	-29.6799641386598
1211.5	-29.805177410555697
1212.	-29.93067177783754
1212.5	-30.056567107861362
1213.	-30.182730094184077
1213.5	-30.309132919445567
1214.	-30.435747766285715
1214.5	-30.562405227542975
1215.	-30.68927571157922
1215.5	-30.8163880369549
1216.	-30.943771022230475
1216.5	-31.071597993112135
1217.	-31.199695458156288
1217.5	-31.32803443306508
1218.	-31.456585933540666
1218.5	-31.58517359504953
1219.	-31.713974765623753
1219.5	-31.843019413059757
1220.	-31.972337505153952
1220.5	-32.10207028900355
1221.	-32.23209194138386
1221.5	-32.36238791837098
1222.	-32.49294367604101
1222.5	-32.62366799997192
1223.	-32.75465368493721
1223.5	-32.885916855212216
1224.	-33.01747363507229
1224.5	-33.14945891134494
1225.	-33.2817225407325
1225.5	-33.41423314248949
1226.	-33.54695933587041
1226.5	-33.67971038889113
1227.	-33.81267801254021
1227.5	-33.94589456656761
1228.	-34.079392410723266
1228.5	-34.21336633429053
1229.	-34.34762129567258
1229.5	-34.48212468280602
1230.	-34.616843883627425
1230.5	-34.75158080500181
1231.	-34.88653450836597
1231.5	-35.02173857408513
1232.	-35.157226582524515
1232.5	-35.29315699583747
1233.	-35.42938855988584
1233.5	-35.565904902319595
1234.	-35.70268965078871
1234.5	-35.83968508777253
1235.	-35.976932724159894
1235.5	-36.11443272566905
1236.	-36.2521852580182
1236.5	-36.39014515310098
1237.	-36.528376043990065
1237.5	-36.666896229933506
1238.	-36.80572401017938
1238.5	-36.945012888862856
1239.	-37.084591878390064
1239.5	-37.22442519605422
1240.	-37.364477059148555
1240.5	-37.504530330929306
1241.	-37.64480312434149
1241.5	-37.78533219829313
1242.	-37.92615431169226
1242.5	-38.06749086519238
1243.	-38.20912011925783
1243.5	-38.35100497609845
1244.	-38.493108337924056
1244.5	-38.635205185896524
1245.	-38.77752151169282
1245.5	-38.92009538594194
1246.	-39.062964879272904
1246.5	-39.20626034802123
1247.	-39.349890662826795
1247.5	-39.49385698003601
1248.	-39.638160455995255
1248.5	-39.78290288015251
1249.	-39.927944522511986
1249.5	-40.07324628617944
1250.	-40.21876907426064
1250.5	-40.36432702818508
1251.	-40.51008651740533
1251.5	-40.65606714969767
1252.	-40.8022885328384
1252.5	-40.94876687206957
1253.	-41.0955265387154
1253.5	-41.24258850156587
1254.	-41.38997372941097
1254.5	-41.537805573442554
1255.	-41.68596166708798
1255.5	-41.8344220261765
1256.	-41.983166666537336
1256.5	-42.13212526744348
1257.	-42.28134831590291
1257.5	-42.43083596236738
1258.	-42.58058835728862
1258.5	-42.73060566202152
1259.	-42.880888011753406
1259.5	-43.031435552574756
1260.	-43.18224843057604
1260.5	-43.33332679475214
1261.	-43.48467078712737
1261.5	-43.636280552630446
1262.	-43.78815623619009
1262.5	-43.94029799718187
1263.	-44.09270596030891
1263.5	-44.24538026472118
1264.	-44.398321049568644
1264.5	-44.55147104640621
1265.	-44.70491076501696
1265.5	-44.85866330758889
1266.	-45.012751776310004
1266.5	-45.16731226014637
1267.	-45.3222096797967
1267.5	-45.477421942737784
1268.	-45.6329269564464
1268.5	-45.78864703690255
1269.	-45.94463791967851
1269.5	-46.100899748849756
1270.	-46.257432668491774
1270.5	-46.414236824791274
1271.	-46.57131235886804
1271.5	-46.72865941395306
1272.	-46.88627813327733
1272.5	-47.044107568298436
1273.	-47.20223339073015
1273.5	-47.36068018051285
1274.	-47.51947251758689
1274.5	-47.67881735092903
1275.	-47.83848394382868
1275.5	-47.99842392861166
1276.	-48.15858893760377
1276.5	-48.31868617517107
1277.	-48.47900947278302
1277.5	-48.639608233949325
1278.	-48.800531862179696
1278.5	-48.962014020409136
1279.	-49.12384614895194
1279.5	-49.2860039475477
1280.	-49.448463115935986
1280.5	-49.6111382459851
1281.	-49.77409058845445
1281.5	-49.93732028623214
1282.	-50.1008274822063
1282.5	-50.26461232457138
1283.	-50.42867494878659
1283.5	-50.5930154956175
1284.	-50.757634105829666
1284.5	-50.92246406211541
1285.	-51.08759910654285
1285.5	-51.25306612310683
1286.	-51.41889199580221
1286.5	-51.58530322701971
1287.	-51.752047235000006
1287.5	-51.91907105637963
1288.	-52.0863217277951
1288.5	-52.253478802627555
1289.	-52.420863794071074
1289.5	-52.58853073206436
1290.	-52.7565336465461
1290.5	-52.92512815052151
1291.	-53.09408605763614
1291.5	-53.26338076460208
1292.	-53.43298566813142
1292.5	-53.602807310422634
1293.	-53.77291268450685
1293.5	-53.94330192890159
1294.	-54.11397518212439
1294.5	-54.28486070075925
1295.	-54.456059258030635
1295.5	-54.62759974522946
1296.	-54.79951105364667
1296.5	-54.971963786317275
1297.	-55.14478843809049
1297.5	-55.317957215559616
1298.	-55.49144232531795
1298.5	-55.66521597395879
1299.	-55.839250368075426
1299.5	-56.01351771426117
1300.	-56.18799021910931