1076.	-0.4020250094875508
1076.5	-0.6200274736653739
1077.	-0.8218966059368746
1077.5	-1.0087317008353076
1078.	-1.181632052893927
1078.5	-1.3416969566459878
1079.	-1.4900257066247442
1079.5	-1.627717597363451
1080.	-1.7558719233953626
1080.5	-1.8755879792537336
1081.	-1.9879650594718188
1081.5	-2.0941024585828725
1082.	-2.195099471120149
1082.5	-2.293816797576952
1083.	-2.388887764142468
1083.5	-2.4807071029659316
1084.	-2.569669546196578
1084.5	-2.656669171337889
1085.	-2.741401627043155
1085.5	-2.824061907319911
1086.	-2.904845006175695
1086.5	-2.9841509101157313
1087.	-3.0618876236507924
1087.5	-3.1381681437893385
1088.	-3.213105467539831
1088.5	-3.286914459024264
1089.	-3.359565501292151
1089.5	-3.4311308445065394
1090.	-3.501682738830477
1090.5	-3.5713505293477605
1091.	-3.6401265333323884
1091.5	-3.708060162979108
1092.	-3.775200830482667
1092.5	-3.84163274351158
1093.	-3.9073566005973213
1093.5	-3.9724078957451305
1094.	-4.036822122960249
1094.5	-4.100657336807568
1095.	-4.163917446508816
1095.5	-4.226628921845376
1096.	-4.2888182325986275
1096.5	-4.350527192819733
1097.	-4.411760790312379
1097.5	-4.472539357150033
1098.	-4.532883225406164
1098.5	-4.592823568684149
1099.	-4.652365540915582
1099.5	-4.711525137561969
1100.	-4.770318354084813
1100.5	-4.828769088089112
1101.	-4.886882272035479
1101.5	-4.94467074052802
1102.	-5.00214732817084
1102.5	-5.059330780362258
1103.	-5.116225656594484
1103.5	-5.172842427153936
1104.	-5.229191562327039
1104.5	-5.285288051579501
1105.	-5.341136038346739
1105.5	-5.396744185243459
1106.	-5.452121154884367
1106.5	-5.507279130570555
1107.	-5.562221845955788
1107.5	-5.616956555380218
1108.	-5.671490513183996
1108.5	-5.72583376152061
1109.	-5.779989651791539
1109.5	-5.8339643232116005
1110.	-5.887763914995611
1110.5	-5.9413968055292266
1111.	-5.994865999188089
1111.5	-6.048176739518678
1112.	-6.101334270067477
1112.5	-6.154345655641611
1113.	-6.207213590022659
1113.5	-6.2599425882528426
1114.	-6.312537165374388
1114.5	-6.365003334434114
1115.	-6.417343513267808
1115.5	-6.469561617715854
1116.	-6.521661563618638
1116.5	-6.573648511332037
1117.	-6.625524634374743
1117.5	-6.677293350780947
1118.	-6.728958078584834
1118.5	-6.780523279097348
1119.	-6.831990909765219
1119.5	-6.88336397131193
1120.	-6.934645464460966
1120.5	-6.985839271671117
1121.	-7.036947159236442
1121.5	-7.087971775186304
1122.	-7.138915767550066
1122.5	-7.189782535104906
1123.	-7.240573674833247
1123.5	-7.291291534465328
1124.	-7.341938461731386
1124.5	-7.392517447917521
1125.	-7.443029939775764
1125.5	-7.493478027614008
1126.	-7.543863801740146
1126.5	-7.594189907558608
1127.	-7.6444576582421355
1127.5	-7.694668922060009
1128.	-7.744825567281506
1128.5	-7.794929943706284
1129.	-7.8449832454610915
1129.5	-7.8949871482030565
1130.	-7.944943327589307
1130.5	-7.994853879189828
1131.	-8.044719890783744
1131.5	-8.094542870063044
1132.	-8.14432432471971
1132.5	-8.194066130408016
1133.	-8.243769279672742
1133.5	-8.293435133020957
1134.	-8.34306505095973
1134.5	-8.392660717889774
1135.	-8.442223040867056
1135.5	-8.491753250841185
1136.	-8.541252578761776
1136.5	-8.59072254187644
1137.	-8.640163970317587
1137.5	-8.689577980515626
1138.	-8.738965688900969
1138.5	-8.788328465958141
1139.	-8.83766707244179
1139.5	-8.88698252316068
1140.	-8.936275832923574
1140.5	-8.985548242802023
1141.	-9.034800450836888
1141.5	-9.08403338133182
1142.	-9.133247958590465
1142.5	-9.182445309114176
1143.	-9.231626074129816
1143.5	-9.280791097061952
1144.	-9.329941221335154
1144.5	-9.379077471642228
1145.	-9.428200437632205
1145.5	-9.477310890222357
1146.	-9.526409600329957
1146.5	-9.57549750186335
1147.	-9.624575137552304
1147.5	-9.673643213117662
1148.	-9.722702434280269
1148.5	-9.771753653729299
1149.	-9.820797371429927
1149.5	-9.869834234315661
1150.	-9.918864889320012
1150.5	-9.967890116247155
1151.	-10.016910376011662
1151.5	-10.065926262398778
1152.	-10.114938369193741
1152.5	-10.163947410605775
1153.	-10.21295381182655
1153.5	-10.261958118471714
1154.	-10.310960876156916
1154.5	-10.359962739896849
1155.	-10.408964102148502
1155.5	-10.457965464767907
1156.	-10.506967329611099
1156.5	-10.555970298137334
1157.	-10.604974732758128
1157.5	-10.653981095488222
1158.	-10.702989848342355
1158.5	-10.752001544209215
1159.	-10.80101651788002
1159.5	-10.850035195019936
1160.	-10.899058001294126
1160.5	-10.94808544544112
1161.	-10.99711783682337
1161.5	-11.046155567876696
1162.	-11.095199031036916
1162.5	-11.144248694824036
1163.	-11.19330484515601
1163.5	-11.242367844034984
1164.	-11.291438053463098
1164.5	-11.340515905248685
1165.	-11.389601663665225
1165.5	-11.438695662792387
1166.	-11.487798236709839
1166.5	-11.536909783650666
1167.	-11.586030547879753
1167.5	-11.635160837815407
1168.	-11.684300961875927
1168.5	-11.733451287531528
1169.	-11.782612040527837
1169.5	-11.831783505662393
1170.	-11.880965967732735
1170.5	-11.93015976597421
1171.	-11.979365108971422
1171.5	-12.028582259746782
1172.	-12.077811481322705
1172.5	-12.127053086977407
1173.	-12.176307269375176
1173.5	-12.225574271436106
1174.	-12.274854336080288
1174.5	-12.324147752685633
1175.	-12.373454699131289
1175.5	-12.422775399754219
1176.	-12.47211007889139
1176.5	-12.52145900388174
1177.	-12.57082233885947
1177.5	-12.62020029096076
1178.	-12.669593067321784
1178.5	-12.719000914930387
1179.	-12.768423985130408
1179.5	-12.81786246911736
1180.	-12.86731655808675
1180.5	-12.916786480208918
1181.	-12.966272374914611
1181.5	-13.01577441860941
1182.	-13.065292787698896
1182.5	-13.11482769293192
1183.	-13.164379262633476
1183.5	-13.213947659471831
1184.	-13.263533046115253
1184.5	-13.313135617164209
1185.	-13.362755490581888
1185.5	-13.412392816263683
1186.	-13.462047744104979
1186.5	-13.511720453720848
1187.	-13.561411053399127
1187.5	-13.611119681147327
1188.	-13.66084647497297
1188.5	-13.710591600569911
1189.	-13.760355157184788
1189.5	-13.810137271750582
1190.	-13.859938071200272
1190.5	-13.909757708281816
1191.	-13.959596273787227
1191.5	-14.009453884323491
1192.	-14.059330656497597
1192.5	-14.109226731006848
1193.	-14.15914219073179
1193.5	-14.209077142643293
1194.	-14.259031693712215
1194.5	-14.309005973408153
1195.	-14.359000057203746
1195.5	-14.409014043070362
1196.	-14.459048028979375
1196.5	-14.50910213393024
1197.	-14.559176426455007
1197.5	-14.60927099611381
1198.	-14.659385932466785
1198.5	-14.709521344741583
1199.	-14.759677294963817
1199.5	-14.809853864826614
1200.	-14.860051136023102
1200.5	-14.910269208653702
1201.	-14.960508138641336
1201.5	-15.010768000316213
1202.	-15.061048868008546
1202.5	-15.111350833287222
1203.	-15.16167394634831
1203.5	-15.212018274626551
1204.	-15.26238388555669
1204.5	-15.31277086272728
1205.	-15.363179250957728
1205.5	-15.413609111221248
1206.	-15.464060504491059
1206.5	-15.514533506886018
1207.	-15.565028158175444
1207.5	-15.615544513274298
1208.	-15.666082627097538
1208.5	-15.716642568767902
1209.	-15.767224373309464
1209.5	-15.817828089954071
1210.	-15.868453767933575
1210.5	-15.919101469814281
1211.	-15.969771226159798
1211.5	-16.020463080868197
1212.	-16.07117707783754
1212.5	-16.12191327348636
1213.	-16.17267169418408
1213.5	-16.223452378820568
1214.	-16.274255366285715
1214.5	-16.325080707230473
1215.	-16.37592842407922
1215.5	-16.426798551017402
1216.	-16.477691122230475
1216.5	-16.528606182955887
1217.	-16.579543751906286
1217.5	-16.63050385884633
1218.	-16.681486533540664
1218.5	-16.73249181614328
1219.	-16.783519721873756
1219.5	-16.834570276341008
1220.	-16.885643505153954
1220.5	-16.93673944369105
1221.	-16.987858103883855
1221.5	-17.038999507433473
1222.	-17.090163676041005
1222.5	-17.141350640596922
1223.	-17.192560409937208
1223.5	-17.243793002087216
1224.	-17.295048435072296
1224.5	-17.34632673556369
1225.	-17.397627909482505
1225.5	-17.448951971395747
1226.	-17.50029893587041
1226.5	-17.551668825609877
1227.	-17.603061643790213
1227.5	-17.65447740172386
1228.	-17.705916110723265
1228.5	-17.757377789759275
1229.	-17.80886243942258
1229.5	-17.860370067962265
1230.	-17.911900683627422
1230.5	-17.963454301876805
1231.	-18.015030920865968
1231.5	-18.066630545960134
1232.	-18.11825318252452
1232.5	-18.169898842712474
1233.	-18.221567522385843
1233.5	-18.2732592241946
1234.	-18.324973950788717
1234.5	-18.37671171121003
1235.	-18.4284724991599
1235.5	-18.480256314731548
1236.	-18.532063158018204
1236.5	-18.583893035132235
1237.	-18.63574593774006
1237.5	-18.687621863527255
1238.	-18.739520810179382
1238.5	-18.79144278105036
1239.	-18.843387765890064
1239.5	-18.895355760116722
1240.	-18.94734675914856
1240.5	-18.999360763741812
1241.	-19.051397761841496
1241.5	-19.103457746730637
1242.	-19.15554071169226
1242.5	-19.207646655036132
1243.	-19.259775563007835
1243.5	-19.311927426879702
1244.	-19.364102237924055
1244.5	-19.416299992146527
1245.	-19.46852067419282
1245.5	-19.520764273441944
1246.	-19.573030779272905
1246.5	-19.62532018552123
1247.	-19.677632475326796
1247.5	-19.729967636286005
1248.	-19.782325655995255
1248.5	-19.834706526246265
1249.	-19.887110228761983
1249.5	-19.939536749460686
1250.	-19.99198607426064
1250.5	-20.044458193028827
1251.	-20.096953086155324
1251.5	-20.149470737978916
1252.	-20.2020111328384
1252.5	-20.254574258788317
1253.	-20.307160094965393
1253.5	-20.359768624222117
1254.	-20.412399829410965
1254.5	-20.465053696880048
1255.	-20.51773020458798
1255.5	-20.570429333988997
1256.	-20.623151066537336
1256.5	-20.675895386974727
1257.	-20.728662272152913
1257.5	-20.781451702211132
1258.	-20.834263657288624
1258.5	-20.88709812061527
1259.	-20.939955068003407
1259.5	-20.992834478356002
1260.	-21.045736330576034
1260.5	-21.098660606470883
1261.	-21.151607280877364
1261.5	-21.204576331536696
1262.	-21.25756773619009
1262.5	-21.310581475306872
1263.	-21.36361752280891
1263.5	-21.416675855346174
1264.	-21.469756449568642
1264.5	-21.52285928468746
1265.	-21.575984333766957
1265.5	-21.629131572432637
1266.	-21.682300976310003
1266.5	-21.735492523427617
1267.	-21.7887061860467
1267.5	-21.841941938831535
1268.	-21.8951997564464
1268.5	-21.948479615808807
1269.	-22.001781488428517
1269.5	-22.05510534806851
1270.	-22.108451168491776
1270.5	-22.16181892557253
1271.	-22.21520859011804
1271.5	-22.268620135046806
1272.	-22.322053533277327
1272.5	-22.375508759704683
1273.	-22.428985784480155
1273.5	-22.482484579731604
1274.	-22.536005117586896
1274.5	-22.589547372022782
1275.	-22.643111312578686
1275.5	-22.696696910642913
1276.	-22.75030413760377
1276.5	-22.80393296657732
1277.	-22.857583366533017
1277.5	-22.911255308168073
1278.	-22.96494876217969
1278.5	-23.018663700877884
1279.	-23.07240009270194
1279.5	-23.12615790770394
1280.	-23.179937115935985
1280.5	-23.23373768895385
1281.	-23.287559594704447
1281.5	-23.341402802638395
1282.	-23.395267282206298
1282.5	-23.449153004258882
1283.	-23.503059936286594
1283.5	-23.556988047180003
1284.	-23.61093730582967
1284.5	-23.664907682427916
1285.	-23.718899144042847
1285.5	-23.77291165904433
1286.	-23.826945195802217
1286.5	-23.880999723894714
1287.	-23.935075210000008
1287.5	-23.98917162200463
1288.	-24.043288927795103
1288.5	-24.09742709637755
1289.	-24.151586094071074
1289.5	-24.205765888314357
1290.	-24.2599664465461
1290.5	-24.314187737240253
1291.	-24.36842972638614
1291.5	-24.422692381008336
1292.	-24.476975668131427
1292.5	-24.53127955573514
1293.	-24.585604009506852
1293.5	-24.639948996089096
1294.	-24.694314482124394
1294.5	-24.748700435134257
1295.	-24.803106820530633
1295.5	-24.85753360460446
1296.	-24.911980753646663
1296.5	-24.966448234754772
1297.	-25.020936013090488
1297.5	-25.075444054622118
1298.	-25.12997232531795
1298.5	-25.18452079114629
1299.	-25.23908941807543
1299.5	-25.29367817207367
1300.	-25.348287019109307