1076.	-22.01841547011817
1076.5	-21.954909488707635
1077.	-21.891737215734395
1077.5	-21.82889517633351
1078.	-21.76637989564005
1078.5	-21.704187898789073
1079.	-21.642315710915643
1079.5	-21.58075985715482
1080.	-21.519516862641673
1080.5	-21.45858325251126
1081.	-21.397955551898644
1081.5	-21.337630285938886
1082.	-21.277603979767054
1082.5	-21.217872697861036
1083.	-21.158433610275935
1083.5	-21.09928342640968
1084.	-21.040418855660207
1084.5	-20.98183617600116
1085.	-20.92353270082447
1085.5	-20.86550531209778
1086.	-20.807750891788736
1086.5	-20.750265917494747
1087.	-20.693047837301787
1087.5	-20.636093694925588
1088.	-20.579400534081884
1088.5	-20.522965019177967
1089.	-20.466784724961403
1089.5	-20.410856846871305
1090.	-20.355178580346788
1090.5	-20.29974676475659
1091.	-20.24455909403836
1091.5	-20.189612906059367
1092.	-20.134905538686873
1092.5	-20.080433995284597
1093.	-20.02619608202478
1093.5	-19.972189270576106
1094.	-19.918411032607267
1094.5	-19.864858525317082
1095.	-19.811529660632054
1095.5	-19.758422036008813
1096.	-19.70553324890399
1096.5	-19.652860600930126
1097.	-19.60040210372559
1097.5	-19.548155473084645
1098.	-19.496118424801566
1098.5	-19.444288396158072
1099.	-19.392663492866003
1099.5	-19.341241542124653
1100.	-19.290020371133316
1100.5	-19.23899754471937
1101.	-19.188171257402786
1101.5	-19.137539441331608
1102.	-19.087100028653897
1102.5	-19.036850704189572
1103.	-18.986789746346073
1103.5	-18.936915186202715
1104.	-18.8872250548388
1104.5	-18.837717150038056
1105.	-18.788389829493607
1105.5	-18.739241217603
1106.	-18.69026943876377
1106.5	-18.64147239717731
1107.	-18.59284852551578
1107.5	-18.544396036255183
1108.	-18.496113141871525
1108.5	-18.447997846882256
1109.	-18.40004865490536
1109.5	-18.352263861600264
1110.	-18.304641762626396
1110.5	-18.257180457125553
1111.	-18.20987851588185
1111.5	-18.162734313161764
1112.	-18.115746223231774
1112.5	-18.068912434544565
1113.	-18.022231581505935
1113.5	-17.97570211270788
1114.	-17.9293224767424
1114.5	-17.883090946409002
1115.	-17.837006216409176
1115.5	-17.79106680565191
1116.	-17.745271233046196
1116.5	-17.699617851097326
1117.	-17.65410541167948
1117.5	-17.608732500263148
1118.	-17.5634977023188
1118.5	-17.518399445715325
1119.	-17.473436536565426
1119.5	-17.428607623380223
1120.	-17.383911354670833
1120.5	-17.33934622960434
1121.	-17.2949111057735
1121.5	-17.25060469142703
1122.	-17.206425694813653
1122.5	-17.162372682589794
1123.	-17.1184445612334
1123.5	-17.074640095630116
1124.	-17.030958050665582
1124.5	-16.987397056914613
1125.	-16.943956067298018
1125.5	-16.900633900425785
1126.	-16.857429374907884
1126.5	-16.814341181887443
1127.	-16.77136831842804
1127.5	-16.7285096541264
1128.	-16.68576405857924
1128.5	-16.643130280353112
1129.	-16.600607358486986
1129.5	-16.558194210989654
1130.	-16.515889755869914
1130.5	-16.473692796163597
1131.	-16.431602410841645
1131.5	-16.38961756390203
1132.	-16.347737219342726
1132.5	-16.305960231892207
1133.	-16.264285718525763
1133.5	-16.222712686949173
1134.	-16.18124014486822
1134.5	-16.13986699609258
1135.	-16.098592393782578
1135.5	-16.057415387202443
1136.	-16.016335025616396
1136.5	-15.97535025945784
1137.	-15.934460276354148
1137.5	-15.893664165101871
1138.	-15.852961014497561
1138.5	-15.812349819284403
1139.	-15.771829799933661
1139.5	-15.731400082863233
1140.	-15.691059794491016
1140.5	-15.65080797168994
1141.	-15.610643866240856
1141.5	-15.570566640379655
1142.	-15.530575456342216
1142.5	-15.490669391076194
1143.	-15.450847726221003
1143.5	-15.411109658127819
1144.	-15.371454383147825
1144.5	-15.331881016365156
1145.	-15.292388867904851
1145.5	-15.252977166624905
1146.	-15.213645141383317
1146.5	-15.17439194357165
1147.	-15.135216910500901
1147.5	-15.096119302015644
1148.	-15.057098377960447
1148.5	-15.018153324307356
1149.	-14.97928350432247
1149.5	-14.940488207399367
1150.	-14.901766722931622
1150.5	-14.863118269840403
1151.	-14.82454223618066
1151.5	-14.786037939534936
1152.	-14.747604697485773
1152.5	-14.709241760361598
1153.	-14.670948539900714
1153.5	-14.632724380587304
1154.	-14.594568626905556
1154.5	-14.556480559133181
1155.	-14.518459611643433
1155.5	-14.480505154603089
1156.	-14.442616558178923
1156.5	-14.404793131218591
1157.	-14.367034329735642
1157.5	-14.3293395484245
1158.	-14.291708181979594
1158.5	-14.254139566512967
1159.	-14.216633178734378
1159.5	-14.179188436771208
1160.	-14.141804758750833
1160.5	-14.104481506813384
1161.	-14.067218177468389
1161.5	-14.030014211238127
1162.	-13.992869048644877
1162.5	-13.955782076685592
1163.	-13.918752810818008
1163.5	-13.881780712974535
1164.	-13.844865245087586
1164.5	-13.808005817900794
1165.	-13.771201965010857
1165.5	-13.734453168825691
1166.	-13.697758911753219
1166.5	-13.661118627231085
1167.	-13.624531866225595
1167.5	-13.58799813073278
1168.	-13.551516922748672
1168.5	-13.515087697406301
1169.	-13.478710022309897
1169.5	-13.442383418200693
1170.	-13.406107405819917
1170.5	-13.369881461048246
1171.	-13.333705167431686
1171.5	-13.297578063655688
1172.	-13.261499688405706
1172.5	-13.225469537410225
1173.	-13.189487209494448
1173.5	-13.153552260526615
1174.	-13.11766424637496
1174.5	-13.081822681761075
1175.	-13.046027180158507
1175.5	-13.010277313894155
1176.	-12.974572655294917
1176.5	-12.938912737263323
1177.	-12.903297187320385
1177.5	-12.867725593562753
1178.	-12.83219754408707
1178.5	-12.796712589204756
1179.	-12.761270369911776
1179.5	-12.725870489418865
1180.	-12.690512550936763
1180.5	-12.65519612145158
1181.	-12.619920854888528
1181.5	-12.584686368948198
1182.	-12.549492281331176
1182.5	-12.514338174999786
1183.	-12.479223716288185
1183.5	-12.444148536792271
1184.	-12.409112268107933
1184.5	-12.374114508508969
1185.	-12.339154936242208
1185.5	-12.304233196232385
1186.	-12.269348933404235
1186.5	-12.23450176071015
1187.	-12.19969136783614
1187.5	-12.164917412495868
1188.	-12.130179552403003
1188.5	-12.095477414585792
1189.	-12.060810699717493
1189.5	-12.026179077785942
1190.	-11.991582218778973
1190.5	-11.957019763226423
1191.	-11.922491422357329
1191.5	-11.887996877942728
1192.	-11.853535811753655
1192.5	-11.81910787727421
1193.	-11.784712795877141
1193.5	-11.750350260648265
1194.	-11.716019964673393
1194.5	-11.681721573869064
1195.	-11.647454819358073
1195.5	-11.613219405093941
1196.	-11.579015035030192
1196.5	-11.544841387018119
1197.	-11.510698201554362
1197.5	-11.476585193033333
1198.	-11.442502075849447
1198.5	-11.408448539313941
1199.	-11.37442433293767
1199.5	-11.340429181148318
1200.	-11.306462808373567
1200.5	-11.27252491493144
1201.	-11.23861525900314
1201.5	-11.204733574660215
1202.	-11.170879595974212
1202.5	-11.137053033837322
1203.	-11.103253654772185
1203.5	-11.06948120212209
1204.	-11.035735419230319
1204.5	-11.002016027150095
1205.	-10.968322800430796
1205.5	-10.934655491331734
1206.	-10.901013852112225
1206.5	-10.86739761359184
1207.	-10.833806558045529
1207.5	-10.800240446308498
1208.	-10.76669903921596
1208.5	-10.733182076976696
1209.	-10.699689349302911
1209.5	-10.666220625280381
1210.	-10.632775673994884
1210.5	-10.599354244683916
1211.	-10.56595613422085
1211.5	-10.532581119630777
1212.	-10.499228977938786
1212.5	-10.465899467066391
1213.	-10.432592390783693
1213.5	-10.399307533757215
1214.	-10.366044680653479
1214.5	-10.332803597748327
1215.	-10.299584095455236
1215.5	-10.266385965797001
1216.	-10.233209000796418
1216.5	-10.200052974768242
1217.	-10.166917704526524
1217.5	-10.133802989177271
1218.	-10.100708627826496
1218.5	-10.06763440252602
1219.	-10.034580136257716
1219.5	-10.001545634949267
1220.	-9.968530704528359
1220.5	-9.93553513449493
1221.	-9.90255875377551
1221.5	-9.869601374868882
1222.	-9.836662810273825
1222.5	-9.803742856661717
1223.	-9.77084134868971
1223.5	-9.737958105187552
1224.	-9.705092944984983
1224.5	-9.67224567165982
1225.	-9.639416125394513
1225.5	-9.606604131119582
1226.	-9.573809513765543
1226.5	-9.541032083562763
1227.	-9.508271686021976
1227.5	-9.47552815195376
1228.	-9.442801312168694
1228.5	-9.410090983306402
1229.	-9.377397016016802
1229.5	-9.344719246778855
1230.	-9.312057512071522
1230.5	-9.27941163471047
1231.	-9.246781470303276
1231.5	-9.214166860794213
1232.	-9.181567648127565
1232.5	-9.148983661071442
1233.	-9.116414760016758
1233.5	-9.083860792178259
1234.	-9.051321604770692
1234.5	-9.018797032300165
1235.	-8.986286939773517
1235.5	-8.953791179488949
1236.	-8.92130960374466
1236.5	-8.888842052579045
1237.	-8.856388395454033
1237.5	-8.823948489571752
1238.	-8.79152219213432
1238.5	-8.759109348515041
1239.	-8.726709832476391
1239.5	-8.694323505952022
1240.	-8.661950230875586
1240.5	-8.629589857765849
1241.	-8.597242264537305
1241.5	-8.564907317689563
1242.	-8.532584883722233
1242.5	-8.500274818117688
1243.	-8.467977002799664
1243.5	-8.43569130867466
1244.	-8.403417606649175
1244.5	-8.37115575699458
1245.	-8.338905645506562
1245.5	-8.306667147345669
1246.	-8.274440137672457
1246.5	-8.242224481379585
1247.	-8.210020068002654
1247.5	-8.177826776809377
1248.	-8.145644487067461
1248.5	-8.11347306812975
1249.	-8.081312413144765
1249.5	-8.049162405346165
1250.	-8.017022927967606
1250.5	-7.984893854667318
1251.	-7.952775082084553
1251.5	-7.920666497283139
1252.	-7.888567987326901
1252.5	-7.856479430030686
1253.	-7.8244007254068935
1253.5	-7.792331764218943
1254.	-7.7602724372302525
1254.5	-7.728222626269273
1255.	-7.696182234608379
1255.5	-7.664151156584979
1256.	-7.632129286536479
1256.5	-7.60011651016743
1257.	-7.568112733901236
1257.5	-7.536117855528445
1258.	-7.504131772839607
1258.5	-7.472154375283145
1259.	-7.440185572328581
1259.5	-7.408225265103312
1260.	-7.376273354734735
1260.5	-7.344329734287949
1261.	-7.3123943161775715
1261.5	-7.280467004755921
1262.	-7.248547704375316
1262.5	-7.2166363115951615
1263.	-7.184732741677854
1263.5	-7.152836902092876
1264.	-7.120948700309711
1264.5	-7.089068036264313
1265.	-7.057194827973104
1265.5	-7.025328985918983
1266.	-6.993470420584842
1266.5	-6.96161903516985
1267.	-6.92977475035412
1267.5	-6.897937479534038
1268.	-6.866107136105988
1268.5	-6.834283626423252
1269.	-6.8024668737425635
1269.5	-6.770656794277548
1270.	-6.738853304241836
1270.5	-6.707056313037765
1271.	-6.675265746414768
1271.5	-6.643481523310987
1272.	-6.611703562664566
1272.5	-6.579931776825741
1273.	-6.548166093955725
1273.5	-6.5164064356278235
1274.	-6.484652723415344
1274.5	-6.452904872518968
1275.	-6.421162813433676
1275.5	-6.389426470281821
1276.	-6.35769576718576
1276.5	-6.32597062210275
1277.	-6.294250967786282
1277.5	-6.2625367308247535
1278.	-6.230827837806558
1278.5	-6.199124209355066
1279.	-6.167425780409706
1279.5	-6.135732479944885
1280.	-6.104044236935003
1280.5	-6.072360974582372
1281.	-6.04068262994233
1281.5	-6.009009134298118
1282.	-5.977340418932982
1282.5	-5.945676409544137
1283.	-5.914017045235262
1283.5	-5.8823622595240135
1284.	-5.850711985928044
1284.5	-5.819066152558459
1285.	-5.787424700502079
1285.5	-5.755787565439181
1286.	-5.724154683050035
1286.5	-5.692525983781525
1287.	-5.660901410640672
1287.5	-5.629280901401104
1288.	-5.59766439383645
1288.5	-5.5660518206540335
1289.	-5.534443126720314
1289.5	-5.502838251835441
1290.	-5.471237135799569
1290.5	-5.439639713507788
1291.	-5.408045931627334
1291.5	-5.3764557319203865
1292.	-5.344869056149122
1292.5	-5.313285841326298
1293.	-5.281706035863278
1293.5	-5.250129583422005
1294.	-5.218556427664424
1294.5	-5.186986507653311
1295.	-5.155419773489443
1295.5	-5.123856170674436
1296.	-5.0922956447099
1296.5	-5.0607381366433515
1297.	-5.029183598212134
1297.5	-4.997631976699498
1298.	-4.966083219388693
1298.5	-4.934537273562968
1299.	-4.902994086505572
1299.5	-4.871453605499754
1300.	-4.8399157778287645