1076.	-22.693011866614864
1076.5	-22.63435530870439
1077.	-22.57614780376545
1077.5	-22.518384326687585
1078.	-22.461059852360332
1078.5	-22.404169355673233
1079.	-22.34770781151583
1079.5	-22.291670194777655
1080.	-22.236051480348255
1080.5	-22.180846643117167
1081.	-22.12605065797393
1081.5	-22.071658499808088
1082.	-22.017665143509177
1082.5	-21.964059247308096
1083.	-21.910844629416484
1083.5	-21.858018791387334
1084.	-21.805579234773642
1084.5	-21.753528638481825
1085.	-21.70185725577009
1085.5	-21.650560517250057
1086.	-21.59963385353335
1086.5	-21.549072309447816
1087.	-21.498871855702376
1087.5	-21.449028077222174
1088.	-21.39953655893235
1088.5	-21.350386430660812
1089.	-21.301582314468824
1089.5	-21.253122377320427
1090.	-21.205004786179654
1090.5	-21.157233232322117
1091.	-21.10979814867564
1091.5	-21.06269549247963
1092.	-21.015921220973492
1092.5	-20.969471008039253
1093.	-20.92334120761664
1093.5	-20.87752789028801
1094.	-20.83202712663572
1094.5	-20.786828371047765
1095.	-20.7419369567786
1095.5	-20.69735160088831
1096.	-20.653071020437
1096.5	-20.60910301700017
1097.	-20.565433589316342
1097.5	-20.52205782063945
1098.	-20.478970794223425
1098.5	-20.43615776379189
1099.	-20.39362757394121
1099.5	-20.351379239737433
1100.	-20.309411776246616
1100.5	-20.2677302856351
1101.	-20.22632526102854
1101.5	-20.185193282652868
1102.	-20.14433093073403
1102.5	-20.103731268446136
1103.	-20.063395799887683
1103.5	-20.023322512105334
1104.	-19.98350939214576
1104.5	-19.943954097669668
1105.	-19.904655076864064
1105.5	-19.86561044853
1106.	-19.826818331468527
1106.5	-19.788280006384277
1107.	-19.74998916541328
1107.5	-19.711942662595156
1108.	-19.67413735196952
1108.5	-19.636566474164148
1109.	-19.599231941995235
1109.5	-19.562132054867128
1110.	-19.52526511218418
1110.5	-19.48863272684081
1111.	-19.452228559355277
1111.5	-19.416049583735905
1112.	-19.380092773991024
1112.5	-19.34434776946406
1113.	-19.308821812694195
1113.5	-19.273514811555703
1114.	-19.238426673922874
1114.5	-19.2035605467303
1115.	-19.168911803167827
1115.5	-19.13447905548561
1116.	-19.100260915933802
1116.5	-19.066263238516793
1117.	-19.03247449702882
1117.5	-18.998890407018333
1118.	-18.965506684033805
1118.5	-18.93231167021818
1119.	-18.899311403887644
1119.5	-18.866504549952865
1120.	-18.833889773324515
1120.5	-18.801461652073744
1121.	-18.769224572686547
1121.5	-18.7371788348094
1122.	-18.70532473808878
1122.5	-18.673669996167735
1123.	-18.642204529097544
1123.5	-18.610925670926054
1124.	-18.579830755701117
1124.5	-18.5489131684893
1125.	-18.518175771912244
1125.5	-18.487617479610318
1126.	-18.457237205223883
1126.5	-18.42703773743864
1127.	-18.397012564831478
1127.5	-18.367159051024622
1128.	-18.3374745596403
1128.5	-18.307948285724528
1129.	-18.278589028906232
1129.5	-18.249397420238115
1130.	-18.220374090772893
1130.5	-18.191527615186764
1131.	-18.162847503459552
1131.5	-18.134331209194574
1132.	-18.105976185995143
1132.5	-18.077779978044163
1133.	-18.049739912133518
1133.5	-18.02185340563469
1134.	-17.99411787591916
1134.5	-17.966517895490917
1135.	-17.93906886453592
1135.5	-17.911773338372633
1136.	-17.884633872319526
1136.5	-17.85767428790791
1137.	-17.830867367758277
1137.5	-17.804207160703967
1138.	-17.77768771557831
1138.5	-17.751281450371298
1139.	-17.72501269709695
1139.5	-17.698884156925935
1140.	-17.67289853102893
1140.5	-17.647071429874412
1141.	-17.621387481616125
1141.5	-17.595844223705623
1142.	-17.570439193594453
1142.5	-17.54516547164022
1143.	-17.520026835226002
1143.5	-17.495022604640926
1144.	-17.470152100174126
1144.5	-17.44541451367713
1145.	-17.42080934525171
1145.5	-17.396335966562035
1146.	-17.37199374927227
1146.5	-17.347424932986677
1147.	-17.323128874253303
1147.5	-17.299247797560287
1148.	-17.275923927395766
1148.5	-17.253232547646526
1149.	-17.231409599642593
1149.5	-17.210624084112638
1150.	-17.19104500178534
1150.5	-17.174043279810927
1151.	-17.158105221927897
1151.5	-17.142919058296304
1152.	-17.128173019076197
1152.5	-17.112772725325037
1153.	-17.097502059946507
1153.5	-17.082362296741703
1154.	-17.06735470951172
1154.5	-17.052490345209034
1155.	-17.03775679522279
1155.5	-17.02315142409353
1156.	-17.00867159636178
1156.5	-16.99430460132584
1157.	-16.980061908865377
1157.5	-16.96594491361782
1158.	-16.95195501022061
1158.5	-16.938103704663646
1159.	-16.92437823569089
1159.5	-16.910775953398776
1160.	-16.89729420788374
1160.5	-16.883919943906744
1161.	-16.870665079033888
1161.5	-16.857531125495793
1162.	-16.844519595523085
1162.5	-16.83164245417481
1163.	-16.818886579721795
1163.5	-16.806249303263304
1164.	-16.79372795589859
1164.5	-16.781314648329854
1165.	-16.769014020212225
1165.5	-16.756825490803777
1166.	-16.744748479362585
1166.5	-16.732776757486945
1167.	-16.720917651158622
1167.5	-16.709172838699597
1168.	-16.697543998431858
1168.5	-16.68604378050654
1169.	-16.674658502684817
1169.5	-16.663385454556998
1170.	-16.652221925713413
1170.5	-16.641153953196284
1171.	-16.630194580163263
1171.5	-16.619345597223912
1172.	-16.60860879498779
1172.5	-16.59799142843608
1173.	-16.587487638058068
1173.5	-16.577097028714658
1174.	-16.566819205266764
1174.5	-16.556659695950767
1175.	-16.54660981290191
1175.5	-16.536666791630918
1176.	-16.52682786764851
1176.5	-16.517084545466705
1177.	-16.507442083994405
1177.5	-16.49790001114181
1178.	-16.488457854819117
1178.5	-16.479108944971447
1179.	-16.46986148666012
1179.5	-16.460717486981363
1180.	-16.45167895303142
1180.5	-16.442759992513757
1181.	-16.433945671674476
1181.5	-16.425233157366915
1182.	-16.416619616444418
1182.5	-16.408083454701824
1183.	-16.399648104474366
1183.5	-16.391318237038785
1184.	-16.383098523671812
1184.5	-16.375025184723743
1185.	-16.367058722768338
1185.5	-16.35919118945291
1186.	-16.351414636424774
1186.5	-16.343682806495135
1187.	-16.336041383681863
1187.5	-16.328497743166714
1188.	-16.32105926013145
1188.5	-16.313772182005565
1189.	-16.306589462823986
1189.5	-16.299502928869376
1190.	-16.292504406424396
1190.5	-16.285546153944242
1191.	-16.278675392670035
1191.5	-16.27189977601542
1192.	-16.265226957394052
1192.5	-16.258697820536472
1193.	-16.25227349641268
1193.5	-16.245948346309568
1194.	-16.23971673151403
1194.5	-16.233552795621975
1195.	-16.22747920468767
1195.5	-16.221498407074407
1196.	-16.215612851145465
1196.5	-16.2098387804474
1197.	-16.204159330086924
1197.5	-16.198571430354022
1198.	-16.19307201153868
1198.5	-16.187643933029715
1199.	-16.18230382437874
1199.5	-16.177054244236185
1200.	-16.1718977512525
1200.5	-16.166843775636583
1201.	-16.16188525585704
1201.5	-16.15702200194094
1202.	-16.152253823915352
1202.5	-16.14758052155952
1203.	-16.14300191924745
1203.5	-16.138517831105336
1204.	-16.13412807125937
1204.5	-16.129840026580702
1205.	-16.12564290935258
1205.5	-16.121533504603214
1206.	-16.1175085973608
1206.5	-16.113549968192608
1207.	-16.109675408372162
1207.5	-16.105887704712043
1208.	-16.102189644024836
1208.5	-16.09859136500981
1209.	-16.095085361838184
1209.5	-16.091671480567864
1210.	-16.088349567256767
1210.5	-16.085127430065075
1211.	-16.081993768107505
1211.5	-16.078945242601048
1212.	-16.075978514762706
1212.5	-16.073066372778563
1213.	-16.070238900108887
1213.5	-16.067502307183034
1214.	-16.064862804430362
1214.5	-16.06235855814412
1215.	-16.05995104054422
1215.5	-16.05763367971447
1216.	-16.055399903738667
1216.5	-16.053227401988995
1217.	-16.051131636745527
1217.5	-16.049112331576715
1218.	-16.047169210051013
1218.5	-16.045284937418543
1219.	-16.04348311889342
1219.5	-16.04177030137143
1220.	-16.040153031748353
1220.5	-16.03866272505906
1221.	-16.037271112804614
1221.5	-16.03597479462518
1222.	-16.034770370160906
1222.5	-16.03365496799512
1223.	-16.032624447247528
1223.5	-16.031675195981016
1224.	-16.030803602258473
1224.5	-16.029988728238255
1225.	-16.02925121824958
1225.5	-16.02859439071714
1226.	-16.028021564065625
1226.5	-16.027544540004374
1227.	-16.02715476035958
1227.5	-16.026852150242075
1228.	-16.026636634762692
1228.5	-16.026508142419235
1229.	-16.026466593580786
1229.5	-16.026511912003393
1230.	-16.026644021443108
1230.5	-16.026862818340764
1231.	-16.027168264693707
1231.5	-16.027560295184077
1232.	-16.02803884449401
1232.5	-16.028613343953623
1233.	-16.029270432937874
1233.5	-16.0300062474697
1234.	-16.03081692357204
1234.5	-16.031670184264186
1235.	-16.032601943774186
1235.5	-16.033619703326448
1236.	-16.034730964145368
1236.5	-16.03598128759241
1237.	-16.037324890700088
1237.5	-16.03875405063798
1238.	-16.04026104457567
1238.5	-16.041799452472542
1239.	-16.04341572759244
1239.5	-16.045117625989004
1240.	-16.04691290371589
1240.5	-16.04884858881361
1241.	-16.050877456554204
1241.5	-16.052991554196584
1242.	-16.05518292899965
1242.5	-16.05741399829474
1243.	-16.059718291239356
1243.5	-16.062099707063425
1244.	-16.064562144996877
1244.5	-16.067108870848717
1245.	-16.069744670638176
1245.5	-16.072473696963556
1246.	-16.075300102423157
1246.5	-16.078259203466118
1247.	-16.081311523299576
1247.5	-16.084448748981494
1248.	-16.087662567569843
1248.5	-16.09091362332379
1249.	-16.094237063219627
1249.5	-16.097636991434843
1250.	-16.101117512146924
1250.5	-16.10469301913283
1251.	-16.1083532111308
1251.5	-16.112098076478528
1252.	-16.115927603513722
1252.5	-16.119841750214157
1253.	-16.123840547421427
1253.5	-16.127923995617206
1254.	-16.132092095283163
1254.5	-16.136344852037073
1255.	-16.140682259170067
1255.5	-16.14510431510937
1256.	-16.149611018282222
1256.5	-16.154190880391546
1257.	-16.1588599812786
1257.5	-16.16362291406033
1258.	-16.16848427185369
1258.5	-16.17348284886621
1259.	-16.17857535668803
1259.5	-16.18375270799987
1260.	-16.189005815482446
1260.5	-16.194291551022783
1261.	-16.199648484412776
1261.5	-16.205081144650617
1262.	-16.21059406073451
1262.5	-16.216203033661074
1263.	-16.221896811630714
1263.5	-16.227675414842256
1264.	-16.233538863494527
1264.5	-16.23947498522237
1265.	-16.245500869814187
1265.5	-16.251621414494412
1266.	-16.25784151648746
1266.5	-16.264202419787527
1267.	-16.270658136141353
1267.5	-16.277199024065457
1268.	-16.283815442076353
1268.5	-16.29044901759664
1269.	-16.297158332674314
1269.5	-16.303953238263457
1270.	-16.31084358531815
1270.5	-16.317888669731808
1271.	-16.325029119543444
1271.5	-16.332255007731415
1272.	-16.33955640727406
1272.5	-16.346873172269575
1273.	-16.354265682128528
1273.5	-16.36174409738133
1274.	-16.3693185785584
1274.5	-16.377050258950575
1275.	-16.38487793722367
1275.5	-16.392791384803918
1276.	-16.40078037311756
1276.5	-16.408782904389895
1277.	-16.416861226928475
1277.5	-16.425025819839924
1278.	-16.433287162230847
1278.5	-16.441694737662534
1279.	-16.450204419005065
1279.5	-16.45881108358319
1280.	-16.46750960872165
1280.5	-16.476281911566698
1281.	-16.48514101369298
1281.5	-16.49408697649665
1282.	-16.50311986137385
1282.5	-16.512239734589222
1283.	-16.521446650723025
1283.5	-16.530740669224013
1284.	-16.540121849540938
1284.5	-16.549590236656016
1285.	-16.559145910271152
1285.5	-16.568788935621708
1286.	-16.578519377943053
1286.5	-16.588322948349784
1287.	-16.598219807846345
1287.5	-16.60821576331641
1288.	-16.618316621643654
1288.5	-16.62857101155527
1289.	-16.63892478935401
1289.5	-16.64936663318614
1290.	-16.659885221197925
1290.5	-16.670411823087225
1291.	-16.681015488828084
1291.5	-16.69170785994613
1292.	-16.702500577966997
1292.5	-16.713448540201327
1293.	-16.72450283007574
1293.5	-16.735657786801852
1294.	-16.746907749591298
1294.5	-16.758232688605794
1295.	-16.76964705972684
1295.5	-16.78115094978602
1296.	-16.79274444561493
1296.5	-16.804427644061192
1297.	-16.816200617933948
1297.5	-16.82806345005837
1298.	-16.84001622325963
1298.5	-16.85205902036291
1299.	-16.864191924193378
1299.5	-16.87641501757621
1300.	-16.88872838333658