1076.	0.6391542278667712
1076.5	0.9867564603622243
1077.	1.3088550694965302
1077.5	1.6071972952064888
1078.	1.8835303774288992
1078.5	2.13960155610056
1079.	2.377158071158272
1079.5	2.5979471625388326
1080.	2.803716070179042
1080.5	2.9962120340156986
1081.	3.1771822939856027
1081.5	3.348374090025553
1082.	3.5115346620723487
1082.5	3.671211003251056
1083.	3.8252306990349005
1083.5	3.974221088085374
1084.	4.118809509063969
1084.5	4.260411995037871
1085.	4.398551712500602
1085.5	4.533540522351378
1086.	4.665690285489414
1086.5	4.795641980799107
1087.	4.923246704000418
1087.5	5.048684668798491
1088.	5.172136088898468
1088.5	5.293941994835628
1089.	5.414057456752925
1089.5	5.532598361623446
1090.	5.64968059642028
1090.5	5.765507433917966
1091.	5.880072420967561
1091.5	5.993456490221577
1092.	6.105740574332522
1092.5	6.217065219471186
1093.	6.327427899364484
1093.5	6.436885701257611
1094.	6.545495712395763
1094.5	6.65334763888835
1095.	6.760452901570669
1095.5	6.866855540142227
1096.	6.972599594302536
1096.5	7.077757355829293
1097.	7.1823333115125445
1097.5	7.2863602002205266
1098.	7.389870760821472
1098.5	7.492906499032831
1099.	7.595487880133938
1099.5	7.6976441362533405
1100.	7.799404499519589
1100.5	7.900821545924258
1101.	8.00189182618766
1101.5	8.102635234893132
1102.	8.203071666624014
1102.5	8.303224046161663
1103.	8.40310802581219
1103.5	8.502742288079727
1104.	8.602145515468404
1104.5	8.701346102046188
1105.	8.800349134127838
1105.5	8.899169409591957
1106.	8.997821726317138
1106.5	9.096323807618479
1107.	9.194686355763478
1107.5	9.292922998456131
1108.	9.391047363400439
1108.5	9.48908051406915
1109.	9.587025668090007
1109.5	9.684893478859507
1110.	9.782694599774146
1110.5	9.880443775955444
1111.	9.978145932384864
1111.5	10.075810085768893
1112.	10.17344525281402
1112.5	10.27106775517577
1113.	10.368676382631975
1113.5	10.466277229909505
1114.	10.563876391735231
1114.5	10.661468049549885
1115.	10.759074976680933
1115.5	10.8567080331697
1116.	10.954378079057513
1116.5	11.052117109535924
1117.	11.149906395435945
1117.5	11.24774834273881
1118.	11.345645357425754
1118.5	11.44359541261741
1119.	11.54160712029986
1119.5	11.63968465959858
1120.	11.737832209639047
1120.5	11.836047027901648
1121.	11.934342983814988
1121.5	12.032727025162577
1122.	12.131206099727933
1122.5	12.22980245534011
1123.	12.32850161971886
1123.5	12.42730442062948
1124.	12.526211685837263
1124.5	12.625222466215495
1125.	12.724340077178288
1125.5	12.823566057247744
1126.	12.92290194494596
1126.5	13.022351745263498
1127.	13.121913543666613
1127.5	13.221587892090021
1128.	13.321375342468436
1128.5	13.421273187871105
1129.	13.521286542644399
1129.5	13.62141726226922
1130.	13.721667202226474
1130.5	13.822045891852659
1131.	13.922544443230843
1131.5	14.023161642299687
1132.	14.123896274997858
1132.5	14.224756449605836
1133.	14.325727900783741
1133.5	14.426805685533509
1134.	14.527984860857078
1134.5	14.629244553238744
1135.	14.730602122405138
1135.5	14.832058997565257
1136.	14.933616607928093
1136.5	15.035305599550219
1137.	15.137086498054016
1137.5	15.238949045909447
1138.	15.34088298558647
1138.5	15.442854669019138
1139.	15.544886585427685
1139.5	15.646977833496436
1140.	15.749127511909718
1140.5	15.851359452612538
1141.	15.953638127724265
1141.5	16.05595274262495
1142.	16.158292502694646
1142.5	16.26064435159576
1143.	16.36300066111305
1143.5	16.465351541313616
1144.	16.56768710226458
1144.5	16.669993939349165
1145.	16.772267083191917
1145.5	16.874498049733493
1146.	16.976678354914547
1146.5	17.07908394308718
1147.	17.181308130416042
1147.5	17.283228661477217
1148.	17.3847232808468
1148.5	17.485749792942677
1149.	17.586073858562408
1149.5	17.685541198345355
1150.	17.78399753293088
1150.5	17.8803880238874
1151.	17.975819174553607
1151.5	18.070496929197237
1152.	18.16462723208604
1152.5	18.258983420420684
1153.	18.352977088362813
1153.5	18.446587223006993
1154.	18.5397928114478
1154.5	18.63258233330186
1155.	18.724921486132857
1155.5	18.816785460026555
1156.	18.90814944506869
1156.5	18.9989948820647
1157.	19.089288210092775
1157.5	19.179002118950798
1158.	19.26810929843665
1158.5	19.356593456632027
1159.	19.444411857737457
1159.5	19.53153278423728
1160.	19.61792451861585
1160.5	19.703563956972893
1161.	19.788407322731217
1161.5	19.872419452929027
1162.	19.955565184604506
1162.5	20.037819641280908
1163.	20.119133258917355
1163.5	20.199466759958018
1164.	20.278780866847068
1164.5	20.35704593682546
1165.	20.434209203621876
1165.5	20.510227535761775
1166.	20.58505780177062
1166.5	20.65867069617684
1167.	20.731003731101744
1167.5	20.802008244669608
1168.	20.871635575004706
1168.5	20.93985099989768
1169.	21.006586341939894
1169.5	21.07178736338907
1170.	21.135399826502944
1170.5	21.19736622171422
1171.	21.257636891835656
1171.5	21.316158907854987
1172.	21.372879340759955
1172.5	21.427790084676396
1173.	21.480775458198703
1173.5	21.531764603059365
1174.	21.58068666099088
1174.5	21.627433833311013
1175.	21.671986978332875
1175.5	21.71429001395486
1176.	21.754286858075346
1176.5	21.791987964053458
1177.	21.82724410014256
1177.5	21.859972570056744
1178.	21.890090677510102
1178.5	21.917483156439452
1179.	21.94211290824708
1179.5	21.963910264557995
1180.	21.9828055569972
1180.5	21.998750809505335
1181.	22.011645984465524
1181.5	22.021412736576522
1182.	22.02797272053708
1182.5	22.031252878372385
1183.	22.031167462524184
1183.5	22.027636012760663
1184.	22.02057806885
1184.5	22.009915228485195
1185.	21.995564150339682
1185.5	21.977443551011724
1186.	21.95547214709957
1186.5	21.929566710322785
1187.	21.899648680109795
1187.5	21.865637551010334
1188.	21.827452817574134
1188.5	21.78502260802493
1189.	21.738254329768857
1189.5	21.687064023886037
1190.	21.631367731456606
1190.5	21.57102284760268
1191.	21.50602751774561
1191.5	21.43632124134874
1192.	21.361843517875403
1192.5	21.282576532628084
1193.	21.198400024895317
1193.5	21.10923641980478
1194.	21.015008142484156
1194.5	20.915580718894116
1195.	20.810956232996148
1195.5	20.70107986958473
1196.	20.585896813454355
1196.5	20.465304255558788
1197.	20.339314572069505
1197.5	20.207892145317267
1198.	20.071001357632838
1198.5	19.92858174286805
1199.	19.780632471224173
1199.5	19.627127864423542
1200.	19.468042244188496
1200.5	19.303316459054496
1201.	19.132971693205498
1201.5	18.956995657638597
1202.	18.77537606335087
1202.5	18.588031931349594
1203.	18.395047138617596
1203.5	18.196436872147878
1204.	17.99221631893345
1204.5	17.782354232909313
1205.	17.566930807349692
1205.5	17.345979802470808
1206.	17.11953497848888
1206.5	16.88755363103263
1207.	16.650176570740765
1207.5	16.4074681436645
1208.	16.159492695855043
1208.5	15.906272066075736
1209.	15.647930110580818
1209.5	15.38454817833665
1210.	15.116207618309593
1210.5	14.842919620569514
1211.	14.564863756537877
1211.5	14.28214943873964
1212.	13.99488607969977
1212.5	13.70313951900265
1213.	13.407080171290055
1213.5	13.106834878263173
1214.	12.802530481623204
1214.5	12.494250094412738
1215.	12.18218177845501
1215.5	11.866469866914656
1216.	11.547258692956309
1216.5	11.224702327753189
1217.	10.898931471257912
1217.5	10.57008656143168
1218.	10.238308036235692
1218.5	9.903821478123724
1219.	9.566648122767374
1219.5	9.22689435033081
1220.	8.884666540978202
1220.5	8.54063743634617
1221.	8.194120510537456
1221.5	7.844995599127254
1222.	7.493142537690756
1222.5	7.139292858041372
1223.	6.782134021020788
1223.5	6.421205183708904
1224.	6.056045503185624
1224.5	5.685955953763963
1225.	5.3108091483974675
1225.5	4.930239517272797
1226.	4.543881490576609
1226.5	4.150837304706521
1227.	3.7514864611538483
1227.5	3.3456762676208704
1228.	2.933254031809862
1228.5	2.5107093833098295
1229.	2.0825903791816267
1229.5	1.650087398372837
1230.	1.2143908198310445
1230.5	0.7787020118562531
1231.	0.3413959683026583
1231.5	-0.09714132762312433
1232.	-0.5365238927144791
1232.5	-0.9771287161872679
1233.	-1.4175016534434066
1233.5	-1.856951532307288
1234.	-2.294787180603306
1234.5	-2.72925640754288
1235.	-3.1611534670085657
1235.5	-3.590211594269947
1236.	-4.016164024596607
1236.5	-4.438490727559475
1237.	-4.857279510406248
1237.5	-5.272364914685972
1238.	-5.683581481947692
1238.5	-6.090647508077792
1239.	-6.4935602785530415
1239.5	-6.892200833187547
1240.	-7.286450211795418
1240.5	-7.676106260017074
1241.	-8.061166489509787
1241.5	-8.441545217757142
1242.	-8.817156762242718
1242.5	-9.187847823858185
1243.	-9.55362738331581
1243.5	-9.914436804735939
1244.	-10.27021745223892
1244.5	-10.620847490254143
1245.	-10.966356762469303
1245.5	-11.306711912881134
1246.	-11.641879585486373
1246.5	-11.97177431881025
1247.	-12.296435704509603
1247.5	-12.615851228769772
1248.	-12.930008377776094
1248.5	-13.23885368733323
1249.	-13.54243197415946
1249.5	-13.840747104592394
1250.	-14.133802944969636
1250.5	-14.421555617634718
1251.	-14.704075830516954
1251.5	-14.98138654755158
1252.	-15.253510732673831
1252.5	-15.52045588380713
1253.	-15.782266617303259
1253.5	-16.03897208350218
1254.	-16.290601432743856
1254.5	-16.53714753552151
1255.	-16.778690333960544
1255.5	-17.01527349033962
1256.	-17.246940666937395
1256.5	-17.47372346563378
1257.	-17.695682433265684
1257.5	-17.912866056271277
1258.	-18.12532282108871
1258.5	-18.333087448954213
1259.	-18.536227697588657
1259.5	-18.734797559510977
1260.	-18.9288510272401
1260.5	-19.118432797694666
1261.	-19.303609877234027
1261.5	-19.48443997661724
1262.	-19.660980806603348
1262.5	-19.83325799309466
1263.	-20.001374165649683
1263.5	-20.16539986897017
1264.	-20.325405647757876
1264.5	-20.481483946971846
1265.	-20.63367465095363
1265.5	-20.78203954430207
1266.	-20.926640411616006
1266.5	-21.067567821519855
1267.	-21.204843260976652
1267.5	-21.338517000975003
1268.	-21.468639312503516
1268.5	-21.595208264946468
1269.	-21.718347211538536
1269.5	-21.838127303910063
1270.	-21.95461969369139
1270.5	-22.067955993722823
1271.	-22.17812270994076
1271.5	-22.285166809491567
1272.	-22.389135259521606
1272.5	-22.490022697045614
1273.	-22.587949351394226
1273.5	-22.682983121766455
1274.	-22.775191907361304
1274.5	-22.86467813403008
1275.	-22.951461363658584
1275.5	-23.035595684784912
1276.	-23.117135185947156
1276.5	-23.196140901964586
1277.	-23.272657196581655
1277.5	-23.34673537982398
1278.	-23.418426761717186
1278.5	-23.487821771996995
1279.	-23.554916953094896
1279.5	-23.61974796715247
1280.	-23.682350476311306
1280.5	-23.74270482434417
1281.	-23.80092411910899
1281.5	-23.85706615009488
1282.	-23.911188706790952
1282.5	-23.96338777738739
1283.	-24.0136676731918
1283.5	-24.062070904212874
1284.	-24.10863998045929
1284.5	-24.153424687174088
1285.	-24.196457349037853
1285.5	-24.23777756596553
1286.	-24.27742493787206
1286.5	-24.31544614952386
1287.	-24.35187088204381
1287.5	-24.386735901406258
1288.	-24.420077973585556
1288.5	-24.45197473162054
1289.	-24.482405727595285
1289.5	-24.511391380658353
1290.	-24.538952109958302
1290.5	-24.565013000731497
1291.	-24.589727939603574
1291.5	-24.61315547928796
1292.	-24.635354172498104
1292.5	-24.6565249423762
1293.	-24.67652702303542
1293.5	-24.69536201901769
1294.	-24.71303153486494
1294.5	-24.729440376789384
1295.	-24.744725666994558
1295.5	-24.75892772935428
1296.	-24.77208688774237
1296.5	-24.78428296221364
1297.	-24.795500981988518
1297.5	-24.805765472468416
1298.	-24.815100959054753
1298.5	-24.82353196714895
1299.	-24.831083022152423
1299.5	-24.837778649466593
1300.	-24.843643374492874