lambdaSRG= 1.88 lambdaCut= 450 onebody, Odelta0
----------------------------------------
  theta |  Cross Section
   1.00 ,     458.996811
  40.00 ,     342.584336
  55.00 ,     272.577670
  75.00 ,     200.668859
  90.00 ,     174.687619
 110.00 ,     177.078291
 125.00 ,     197.844985
 145.00 ,     233.342807
 159.00 ,     253.861812
 180.00 ,     266.787210
lambdaSRG= 1.88 lambdaCut= 500 onebody, Odelta0
----------------------------------------
  theta |  Cross Section
   1.00 ,     475.998224
  40.00 ,     355.604878
  55.00 ,     283.156297
  75.00 ,     208.729235
  90.00 ,     181.910705
 110.00 ,     184.685799
 125.00 ,     206.556885
 145.00 ,     243.873850
 159.00 ,     265.445200
 180.00 ,     279.036420
lambdaSRG= 2.236 lambdaCut= 450 onebody, Odelta0
----------------------------------------
  theta |  Cross Section
   1.00 ,     452.336787
  40.00 ,     338.187302
  55.00 ,     269.441774
  75.00 ,     198.770088
  90.00 ,     173.305831
 110.00 ,     176.029953
 125.00 ,     196.947748
 145.00 ,     232.638683
 159.00 ,     253.278162
 180.00 ,     266.285602
lambdaSRG= 2.236 lambdaCut= 500 onebody, Odelta0
----------------------------------------
  theta |  Cross Section
   1.00 ,     468.650993
  40.00 ,     350.722702
  55.00 ,     279.650773
  75.00 ,     206.573961
  90.00 ,     180.313676
 110.00 ,     183.429734
 125.00 ,     205.438323
 145.00 ,     242.925445
 159.00 ,     264.605149
 180.00 ,     278.271291


Gerry experimental Data
  theta |        val |  uncertainty
----------------------------------------
  40.00 | 196.000000 |    11.661904
  55.00 | 176.000000 |    10.000000
  75.00 | 125.000000 |     8.062258
  90.00 | 135.000000 |     8.062258
 110.00 | 138.000000 |     9.433981
 125.00 | 177.000000 |    10.816654
 145.00 | 178.000000 |    10.816654
 159.00 | 193.000000 |    10.000000
AlphaOffset= -2
BetaOffset= -2
