lambdaSRG= 1.88 lambdaCut= 450 onebody, Odelta3
----------------------------------------
  theta |  Cross Section
   1.00 ,     233.679508
  40.00 ,     170.138858
  55.00 ,     133.906673
  75.00 ,      99.227222
  90.00 ,      88.238823
 110.00 ,      90.915045
 125.00 ,     100.573899
 145.00 ,     115.495727
 159.00 ,     123.632799
 180.00 ,     128.618145
lambdaSRG= 1.88 lambdaCut= 500 onebody, Odelta3
----------------------------------------
  theta |  Cross Section
   1.00 ,     245.587275
  40.00 ,     178.982755
  55.00 ,     140.947623
  75.00 ,     104.494342
  90.00 ,      92.947056
 110.00 ,      95.853088
 125.00 ,     106.153628
 145.00 ,     122.081361
 159.00 ,     130.778596
 180.00 ,     136.111638
lambdaSRG= 2.236 lambdaCut= 450 onebody, Odelta3
----------------------------------------
  theta |  Cross Section
   1.00 ,     228.758254
  40.00 ,     167.110823
  55.00 ,     131.883285
  75.00 ,      98.167564
  90.00 ,      87.617857
 110.00 ,      90.696932
 125.00 ,     100.630638
 145.00 ,     115.906947
 159.00 ,     124.240321
 180.00 ,     129.349854
lambdaSRG= 2.236 lambdaCut= 500 onebody, Odelta3
----------------------------------------
  theta |  Cross Section
   1.00 ,     240.105331
  40.00 ,     175.580057
  55.00 ,     138.649907
  75.00 ,     103.253894
  90.00 ,      92.180527
 110.00 ,      95.505893
 125.00 ,     106.083955
 145.00 ,     122.367967
 159.00 ,     131.263154
 180.00 ,     136.721636


Gerry experimental Data
  theta |        val |  uncertainty
----------------------------------------
  40.00 | 203.000000 |    20.591260
  55.00 | 147.000000 |    13.038405
  75.00 | 140.000000 |    13.892444
  90.00 | 159.000000 |    15.264338
 110.00 | 146.000000 |    21.189620
 145.00 | 167.000000 |    19.697716
 159.00 | 172.000000 |    15.000000
AlphaOffset= 0
BetaOffset= 0
