lambdaSRG= 1.88 lambdaCut= 450 onebody, Odelta0
----------------------------------------
  theta |  Cross Section
   1.00 ,     446.373622
  40.00 ,     314.293451
  55.00 ,     240.650532
  75.00 ,     170.598121
  90.00 ,     146.652430
 110.00 ,     145.401129
 125.00 ,     157.289442
 145.00 ,     176.735075
 159.00 ,     187.357190
 180.00 ,     193.833494
lambdaSRG= 1.88 lambdaCut= 500 onebody, Odelta0
----------------------------------------
  theta |  Cross Section
   1.00 ,     462.892047
  40.00 ,     326.523426
  55.00 ,     250.345830
  75.00 ,     177.771423
  90.00 ,     152.982616
 110.00 ,     151.912965
 125.00 ,     164.555645
 145.00 ,     185.207110
 159.00 ,     196.500757
 180.00 ,     203.392948
lambdaSRG= 2.236 lambdaCut= 450 onebody, Odelta0
----------------------------------------
  theta |  Cross Section
   1.00 ,     439.589909
  40.00 ,     310.582612
  55.00 ,     238.465709
  75.00 ,     169.790560
  90.00 ,     146.464940
 110.00 ,     145.851611
 125.00 ,     158.223063
 145.00 ,     178.298042
 159.00 ,     189.261839
 180.00 ,     195.951045
lambdaSRG= 2.236 lambdaCut= 500 onebody, Odelta0
----------------------------------------
  theta |  Cross Section
   1.00 ,     455.386594
  40.00 ,     322.356307
  55.00 ,     247.842792
  75.00 ,     176.770289
  90.00 ,     152.648293
 110.00 ,     152.242308
 125.00 ,     165.377084
 145.00 ,     186.667824
 159.00 ,     198.309218
 180.00 ,     205.418279


Gerry experimental Data
  theta |        val |  uncertainty
----------------------------------------
  40.00 | 203.000000 |    20.591260
  55.00 | 147.000000 |    13.038405
  75.00 | 140.000000 |    13.892444
  90.00 | 159.000000 |    15.264338
 110.00 | 146.000000 |    21.189620
 145.00 | 167.000000 |    19.697716
 159.00 | 172.000000 |    15.000000
AlphaOffset= -2
BetaOffset= 2
