lambdaSRG= 1.88 lambdaCut= 450 onebody, Odelta2
----------------------------------------
  theta |  Cross Section
   1.00 ,     332.654328
  40.00 ,     251.674975
  55.00 ,     202.933482
  75.00 ,     153.539816
  90.00 ,     137.189895
 110.00 ,     143.433619
 125.00 ,     162.699037
 145.00 ,     194.126924
 159.00 ,     212.120151
 180.00 ,     223.440311
lambdaSRG= 1.88 lambdaCut= 500 onebody, Odelta2
----------------------------------------
  theta |  Cross Section
   1.00 ,     347.115162
  40.00 ,     262.777494
  55.00 ,     211.983307
  75.00 ,     160.497790
  90.00 ,     143.493978
 110.00 ,     150.177642
 125.00 ,     170.488900
 145.00 ,     203.608746
 159.00 ,     222.576802
 180.00 ,     234.513387
lambdaSRG= 2.236 lambdaCut= 450 onebody, Odelta2
----------------------------------------
  theta |  Cross Section
   1.00 ,     326.979864
  40.00 ,     247.798707
  55.00 ,     200.077870
  75.00 ,     151.701855
  90.00 ,     135.777320
 110.00 ,     142.273651
 125.00 ,     161.630451
 145.00 ,     193.167652
 159.00 ,     211.232900
 180.00 ,     222.603983
lambdaSRG= 2.236 lambdaCut= 500 onebody, Odelta2
----------------------------------------
  theta |  Cross Section
   1.00 ,     340.835587
  40.00 ,     258.466044
  55.00 ,     208.790414
  75.00 ,     158.418661
  90.00 ,     141.874498
 110.00 ,     148.813957
 125.00 ,     169.201307
 145.00 ,     202.405705
 159.00 ,     221.432629
 180.00 ,     233.412334


Gerry experimental Data
  theta |        val |  uncertainty
----------------------------------------
  40.00 | 196.000000 |    11.661904
  55.00 | 176.000000 |    10.000000
  75.00 | 125.000000 |     8.062258
  90.00 | 135.000000 |     8.062258
 110.00 | 138.000000 |     9.433981
 125.00 | 177.000000 |    10.816654
 145.00 | 178.000000 |    10.816654
 159.00 | 193.000000 |    10.000000
AlphaOffset= 0
BetaOffset= 0
