lambdaSRG= 1.88 lambdaCut= 450 onebody, Odelta2
----------------------------------------
  theta |  Cross Section
   1.00 ,     320.142771
  40.00 ,     242.327031
  55.00 ,     195.478520
  75.00 ,     148.005714
  90.00 ,     132.319315
 110.00 ,     138.424019
 125.00 ,     157.065556
 145.00 ,     187.459295
 159.00 ,     204.860805
 180.00 ,     215.809516
lambdaSRG= 1.88 lambdaCut= 500 onebody, Odelta2
----------------------------------------
  theta |  Cross Section
   1.00 ,     334.329093
  40.00 ,     253.217689
  55.00 ,     204.355079
  75.00 ,     154.830114
  90.00 ,     138.502488
 110.00 ,     145.039227
 125.00 ,     164.707077
 145.00 ,     196.761039
 159.00 ,     215.119077
 180.00 ,     226.672639
lambdaSRG= 2.236 lambdaCut= 450 onebody, Odelta2
----------------------------------------
  theta |  Cross Section
   1.00 ,     314.577045
  40.00 ,     238.514247
  55.00 ,     192.662070
  75.00 ,     146.183242
  90.00 ,     130.910807
 110.00 ,     137.255411
 125.00 ,     155.977498
 145.00 ,     186.464722
 159.00 ,     203.928916
 180.00 ,     214.922486
lambdaSRG= 2.236 lambdaCut= 500 onebody, Odelta2
----------------------------------------
  theta |  Cross Section
   1.00 ,     328.167358
  40.00 ,     248.975751
  55.00 ,     201.205672
  75.00 ,     152.769147
  90.00 ,     136.889076
 110.00 ,     143.668487
 125.00 ,     163.401405
 145.00 ,     195.523824
 159.00 ,     213.931221
 180.00 ,     225.521723


Gerry experimental Data
  theta |        val |  uncertainty
----------------------------------------
  40.00 | 196.000000 |    11.661904
  55.00 | 176.000000 |    10.000000
  75.00 | 125.000000 |     8.062258
  90.00 | 135.000000 |     8.062258
 110.00 | 138.000000 |     9.433981
 125.00 | 177.000000 |    10.816654
 145.00 | 178.000000 |    10.816654
 159.00 | 193.000000 |    10.000000
AlphaOffset= 2
BetaOffset= 0
