lambdaSRG= 1.88 lambdaCut= 450 onebody, Odelta0
----------------------------------------
  theta |  Cross Section
   1.00 ,     446.373622
  40.00 ,     313.527848
  55.00 ,     238.371143
  75.00 ,     164.829600
  90.00 ,     137.557409
 110.00 ,     131.818932
 125.00 ,     140.813283
 145.00 ,     157.426143
 159.00 ,     166.828357
 180.00 ,     172.628091
lambdaSRG= 1.88 lambdaCut= 500 onebody, Odelta0
----------------------------------------
  theta |  Cross Section
   1.00 ,     462.892046
  40.00 ,     325.743447
  55.00 ,     248.020690
  75.00 ,     171.875162
  90.00 ,     143.671057
 110.00 ,     137.978265
 125.00 ,     147.628519
 145.00 ,     165.341195
 159.00 ,     175.365850
 180.00 ,     181.553206
lambdaSRG= 2.236 lambdaCut= 450 onebody, Odelta0
----------------------------------------
  theta |  Cross Section
   1.00 ,     439.589908
  40.00 ,     309.820058
  55.00 ,     236.188370
  75.00 ,     163.998905
  90.00 ,     137.297807
 110.00 ,     132.093521
 125.00 ,     141.479103
 145.00 ,     158.609172
 159.00 ,     168.296880
 180.00 ,     174.276005
lambdaSRG= 2.236 lambdaCut= 500 onebody, Odelta0
----------------------------------------
  theta |  Cross Section
   1.00 ,     455.386593
  40.00 ,     321.579847
  55.00 ,     245.520821
  75.00 ,     170.852596
  90.00 ,     143.265862
 110.00 ,     138.130817
 125.00 ,     148.178900
 145.00 ,     166.415554
 159.00 ,     176.730104
 180.00 ,     183.099816


Gerry experimental Data
  theta |        val |  uncertainty
----------------------------------------
  40.00 | 203.000000 |    20.591260
  55.00 | 147.000000 |    13.038405
  75.00 | 140.000000 |    13.892444
  90.00 | 159.000000 |    15.264338
 110.00 | 146.000000 |    21.189620
 145.00 | 167.000000 |    19.697716
 159.00 | 172.000000 |    15.000000
AlphaOffset= 0
BetaOffset= 0
