lambdaSRG= 1.88 lambdaCut= 450 onebody, Odelta0
----------------------------------------
  theta |  Cross Section
   1.00 ,     429.767785
  40.00 ,     321.236911
  55.00 ,     256.516103
  75.00 ,     191.249875
  90.00 ,     169.153032
 110.00 ,     174.896425
 125.00 ,     196.984556
 145.00 ,     233.198003
 159.00 ,     253.842874
 180.00 ,     266.787210
lambdaSRG= 1.88 lambdaCut= 500 onebody, Odelta0
----------------------------------------
  theta |  Cross Section
   1.00 ,     446.220187
  40.00 ,     333.839191
  55.00 ,     266.769411
  75.00 ,     199.109389
  90.00 ,     176.253275
 110.00 ,     182.453027
 125.00 ,     205.675726
 145.00 ,     243.725441
 159.00 ,     265.425783
 180.00 ,     279.036420
lambdaSRG= 2.236 lambdaCut= 450 onebody, Odelta0
----------------------------------------
  theta |  Cross Section
   1.00 ,     423.325650
  40.00 ,     316.958536
  55.00 ,     253.444679
  75.00 ,     189.365426
  90.00 ,     167.768476
 110.00 ,     173.841256
 125.00 ,     196.083115
 145.00 ,     232.492905
 159.00 ,     253.259080
 180.00 ,     266.285602
lambdaSRG= 2.236 lambdaCut= 500 onebody, Odelta0
----------------------------------------
  theta |  Cross Section
   1.00 ,     439.109084
  40.00 ,     329.087343
  55.00 ,     263.336119
  75.00 ,     196.972014
  90.00 ,     174.655111
 110.00 ,     181.190532
 125.00 ,     204.553055
 145.00 ,     242.776067
 159.00 ,     264.585588
 180.00 ,     278.271291


Gerry experimental Data
  theta |        val |  uncertainty
----------------------------------------
  40.00 | 196.000000 |    11.661904
  55.00 | 176.000000 |    10.000000
  75.00 | 125.000000 |     8.062258
  90.00 | 135.000000 |     8.062258
 110.00 | 138.000000 |     9.433981
 125.00 | 177.000000 |    10.816654
 145.00 | 178.000000 |    10.816654
 159.00 | 193.000000 |    10.000000
AlphaOffset= 0
BetaOffset= 0
