lambdaSRG= 1.88 lambdaCut= 450 onebody, Odelta0
----------------------------------------
  theta |  Cross Section
   1.00 ,     415.514613
  40.00 ,     311.014800
  55.00 ,     249.276943
  75.00 ,     188.301462
  90.00 ,     169.243117
 110.00 ,     178.407438
 125.00 ,     202.471087
 145.00 ,     240.513068
 159.00 ,     261.924033
 180.00 ,     275.289518
lambdaSRG= 1.88 lambdaCut= 500 onebody, Odelta0
----------------------------------------
  theta |  Cross Section
   1.00 ,     431.692508
  40.00 ,     323.411770
  55.00 ,     259.379724
  75.00 ,     196.095488
  90.00 ,     176.343370
 110.00 ,     186.044287
 125.00 ,     211.292714
 145.00 ,     251.220606
 159.00 ,     273.708919
 180.00 ,     287.753042
lambdaSRG= 2.236 lambdaCut= 450 onebody, Odelta0
----------------------------------------
  theta |  Cross Section
   1.00 ,     409.181387
  40.00 ,     306.795186
  55.00 ,     246.235949
  75.00 ,     186.421967
  90.00 ,     167.858366
 110.00 ,     177.362116
 125.00 ,     201.594719
 145.00 ,     239.854833
 159.00 ,     261.398847
 180.00 ,     274.853726
lambdaSRG= 2.236 lambdaCut= 500 onebody, Odelta0
----------------------------------------
  theta |  Cross Section
   1.00 ,     424.699430
  40.00 ,     318.724417
  55.00 ,     255.980435
  75.00 ,     193.964140
  90.00 ,     174.744827
 110.00 ,     184.790680
 125.00 ,     210.194089
 145.00 ,     250.317317
 159.00 ,     272.926763
 180.00 ,     287.053305


Gerry experimental Data
  theta |        val |  uncertainty
----------------------------------------
  40.00 | 196.000000 |    11.661904
  55.00 | 176.000000 |    10.000000
  75.00 | 125.000000 |     8.062258
  90.00 | 135.000000 |     8.062258
 110.00 | 138.000000 |     9.433981
 125.00 | 177.000000 |    10.816654
 145.00 | 178.000000 |    10.816654
 159.00 | 193.000000 |    10.000000
AlphaOffset= 0
BetaOffset= 2
