lambdaSRG= 1.88 lambdaCut= 450 onebody, Odelta2
----------------------------------------
  theta |  Cross Section
   1.00 ,     224.938895
  40.00 ,     163.331352
  55.00 ,     127.761143
  75.00 ,      92.773898
  90.00 ,      80.582499
 110.00 ,      80.819315
 125.00 ,      88.494640
 145.00 ,     101.168562
 159.00 ,     108.237564
 180.00 ,     112.602271
lambdaSRG= 1.88 lambdaCut= 500 onebody, Odelta2
----------------------------------------
  theta |  Cross Section
   1.00 ,     236.634714
  40.00 ,     172.007370
  55.00 ,     134.647148
  75.00 ,      97.868092
  90.00 ,      85.072640
 110.00 ,      85.447060
 125.00 ,      93.685848
 145.00 ,     107.272880
 159.00 ,     114.856298
 180.00 ,     119.541587
lambdaSRG= 2.236 lambdaCut= 450 onebody, Odelta2
----------------------------------------
  theta |  Cross Section
   1.00 ,     220.121065
  40.00 ,     160.361019
  55.00 ,     125.771053
  75.00 ,      91.714232
  90.00 ,      79.927785
 110.00 ,      80.501931
 125.00 ,      88.391009
 145.00 ,     101.339351
 159.00 ,     108.562209
 180.00 ,     113.025054
lambdaSRG= 2.236 lambdaCut= 500 onebody, Odelta2
----------------------------------------
  theta |  Cross Section
   1.00 ,     231.265423
  40.00 ,     168.668910
  55.00 ,     132.388036
  75.00 ,      96.631811
  90.00 ,      84.275701
 110.00 ,      85.002233
 125.00 ,      93.455700
 145.00 ,     107.316509
 159.00 ,     115.054088
 180.00 ,     119.837933


Gerry experimental Data
  theta |        val |  uncertainty
----------------------------------------
  40.00 | 203.000000 |    20.591260
  55.00 | 147.000000 |    13.038405
  75.00 | 140.000000 |    13.892444
  90.00 | 159.000000 |    15.264338
 110.00 | 146.000000 |    21.189620
 145.00 | 167.000000 |    19.697716
 159.00 | 172.000000 |    15.000000
AlphaOffset= 2
BetaOffset= 0
