lambdaSRG= 1.88 lambdaCut= 450 onebody, Odelta3
----------------------------------------
  theta |  Cross Section
   1.00 ,     233.679508
  40.00 ,     170.742303
  55.00 ,     135.724426
  75.00 ,     103.911616
  90.00 ,      95.729008
 110.00 ,     102.297941
 125.00 ,     114.537703
 145.00 ,     132.047369
 159.00 ,     141.320529
 180.00 ,     146.942343
lambdaSRG= 1.88 lambdaCut= 500 onebody, Odelta3
----------------------------------------
  theta |  Cross Section
   1.00 ,     245.587275
  40.00 ,     179.600372
  55.00 ,     142.810081
  75.00 ,     109.302286
  90.00 ,     100.645546
 110.00 ,     107.573677
 125.00 ,     120.548864
 145.00 ,     139.165615
 159.00 ,     149.045919
 180.00 ,     155.042527
lambdaSRG= 2.236 lambdaCut= 450 onebody, Odelta3
----------------------------------------
  theta |  Cross Section
   1.00 ,     228.758254
  40.00 ,     167.710533
  55.00 ,     133.695422
  75.00 ,     102.860660
  90.00 ,      95.151595
 110.00 ,     102.203877
 125.00 ,     114.793418
 145.00 ,     132.752022
 159.00 ,     142.269847
 180.00 ,     148.044988
lambdaSRG= 2.236 lambdaCut= 500 onebody, Odelta3
----------------------------------------
  theta |  Cross Section
   1.00 ,     240.105331
  40.00 ,     176.193452
  55.00 ,     140.505533
  75.00 ,     108.068441
  90.00 ,      99.920545
 110.00 ,     107.350023
 125.00 ,     120.679581
 145.00 ,     139.749789
 159.00 ,     149.877887
 180.00 ,     156.029974


Gerry experimental Data
  theta |        val |  uncertainty
----------------------------------------
  40.00 | 203.000000 |    20.591260
  55.00 | 147.000000 |    13.038405
  75.00 | 140.000000 |    13.892444
  90.00 | 159.000000 |    15.264338
 110.00 | 146.000000 |    21.189620
 145.00 | 167.000000 |    19.697716
 159.00 | 172.000000 |    15.000000
AlphaOffset= -2
BetaOffset= 2
