lambdaSRG= 1.88 lambdaCut= 450 onebody, Odelta3
----------------------------------------
  theta |  Cross Section
   1.00 ,     316.732821
  40.00 ,     239.959987
  55.00 ,     193.869320
  75.00 ,     147.497719
  90.00 ,     132.631877
 110.00 ,     139.757395
 125.00 ,     159.071914
 145.00 ,     190.177525
 159.00 ,     207.912644
 180.00 ,     219.055961
lambdaSRG= 1.88 lambdaCut= 500 onebody, Odelta3
----------------------------------------
  theta |  Cross Section
   1.00 ,     330.840196
  40.00 ,     250.792047
  55.00 ,     202.703212
  75.00 ,     154.304608
  90.00 ,     138.817983
 110.00 ,     146.403046
 125.00 ,     166.763215
 145.00 ,     199.550456
 159.00 ,     218.252449
 180.00 ,     230.006740
lambdaSRG= 2.236 lambdaCut= 450 onebody, Odelta3
----------------------------------------
  theta |  Cross Section
   1.00 ,     311.194521
  40.00 ,     236.160203
  55.00 ,     191.057899
  75.00 ,     145.673168
  90.00 ,     131.219890
 110.00 ,     138.588533
 125.00 ,     157.988736
 145.00 ,     189.195760
 159.00 ,     206.998121
 180.00 ,     218.189197
lambdaSRG= 2.236 lambdaCut= 500 onebody, Odelta3
----------------------------------------
  theta |  Cross Section
   1.00 ,     324.708113
  40.00 ,     246.564259
  55.00 ,     199.559320
  75.00 ,     152.241301
  90.00 ,     137.200460
 110.00 ,     145.031194
 125.00 ,     165.461558
 145.00 ,     198.325290
 159.00 ,     217.081286
 180.00 ,     228.875477


Gerry experimental Data
  theta |        val |  uncertainty
----------------------------------------
  40.00 | 196.000000 |    11.661904
  55.00 | 176.000000 |    10.000000
  75.00 | 125.000000 |     8.062258
  90.00 | 135.000000 |     8.062258
 110.00 | 138.000000 |     9.433981
 125.00 | 177.000000 |    10.816654
 145.00 | 178.000000 |    10.816654
 159.00 | 193.000000 |    10.000000
AlphaOffset= 2
BetaOffset= 0
