lambdaSRG= 1.88 lambdaCut= 450 onebody, Odelta2
----------------------------------------
  theta |  Cross Section
   1.00 ,     269.345829
  40.00 ,     194.564092
  55.00 ,     151.512006
  75.00 ,     109.179196
  90.00 ,      94.256059
 110.00 ,      93.917096
 125.00 ,     102.493945
 145.00 ,     116.830821
 159.00 ,     124.839347
 180.00 ,     129.782920
lambdaSRG= 1.88 lambdaCut= 500 onebody, Odelta2
----------------------------------------
  theta |  Cross Section
   1.00 ,     282.149080
  40.00 ,     204.063871
  55.00 ,     159.050545
  75.00 ,     114.749839
  90.00 ,      99.158173
 110.00 ,      98.957647
 125.00 ,     108.140887
 145.00 ,     123.463758
 159.00 ,     132.028049
 180.00 ,     137.317952
lambdaSRG= 2.236 lambdaCut= 450 onebody, Odelta2
----------------------------------------
  theta |  Cross Section
   1.00 ,     264.069302
  40.00 ,     191.389987
  55.00 ,     149.439485
  75.00 ,     108.141866
  90.00 ,      93.672350
 110.00 ,      93.732252
 125.00 ,     102.577846
 145.00 ,     117.265083
 159.00 ,     125.469466
 180.00 ,     130.537463
lambdaSRG= 2.236 lambdaCut= 500 onebody, Odelta2
----------------------------------------
  theta |  Cross Section
   1.00 ,     276.281234
  40.00 ,     200.499095
  55.00 ,     156.695118
  75.00 ,     113.529597
  90.00 ,      98.428967
 110.00 ,      98.644606
 125.00 ,     108.099264
 145.00 ,     123.774198
 159.00 ,     132.535975
 180.00 ,     137.951554


Gerry experimental Data
  theta |        val |  uncertainty
----------------------------------------
  40.00 | 203.000000 |    20.591260
  55.00 | 147.000000 |    13.038405
  75.00 | 140.000000 |    13.892444
  90.00 | 159.000000 |    15.264338
 110.00 | 146.000000 |    21.189620
 145.00 | 167.000000 |    19.697716
 159.00 | 172.000000 |    15.000000
AlphaOffset= -2
BetaOffset= 0
