lambdaSRG= 1.88 lambdaCut= 450 onebody, Odelta0
----------------------------------------
  theta |  Cross Section
   1.00 ,     476.827074
  40.00 ,     333.936230
  55.00 ,     252.071992
  75.00 ,     170.011431
  90.00 ,     137.555601
 110.00 ,     126.890652
 125.00 ,     133.518202
 145.00 ,     148.286179
 159.00 ,     157.023378
 180.00 ,     162.486705
lambdaSRG= 1.88 lambdaCut= 500 onebody, Odelta0
----------------------------------------
  theta |  Cross Section
   1.00 ,     493.899192
  40.00 ,     346.556311
  55.00 ,     262.011355
  75.00 ,     177.178099
  90.00 ,     143.670275
 110.00 ,     132.918061
 125.00 ,     140.127299
 145.00 ,     155.929221
 159.00 ,     165.262363
 180.00 ,     171.099078
lambdaSRG= 2.236 lambdaCut= 450 onebody, Odelta0
----------------------------------------
  theta |  Cross Section
   1.00 ,     469.813209
  40.00 ,     330.153100
  55.00 ,     249.881754
  75.00 ,     169.205349
  90.00 ,     137.299545
 110.00 ,     127.105240
 125.00 ,     134.069746
 145.00 ,     149.294353
 159.00 ,     158.288958
 180.00 ,     163.915605
lambdaSRG= 2.236 lambdaCut= 500 onebody, Odelta0
----------------------------------------
  theta |  Cross Section
   1.00 ,     486.143592
  40.00 ,     342.307203
  55.00 ,     259.499067
  75.00 ,     176.179704
  90.00 ,     143.269332
 110.00 ,     133.010683
 125.00 ,     140.562245
 145.00 ,     156.825911
 159.00 ,     166.420030
 180.00 ,     172.422543


Gerry experimental Data
  theta |        val |  uncertainty
----------------------------------------
  40.00 | 203.000000 |    20.591260
  55.00 | 147.000000 |    13.038405
  75.00 | 140.000000 |    13.892444
  90.00 | 159.000000 |    15.264338
 110.00 | 146.000000 |    21.189620
 145.00 | 167.000000 |    19.697716
 159.00 | 172.000000 |    15.000000
AlphaOffset= 0
BetaOffset= -2
