lambdaSRG= 1.88 lambdaCut= 450 onebody, Odelta0
----------------------------------------
  theta |  Cross Section
   1.00 ,     388.488648
  40.00 ,     274.022293
  55.00 ,     210.236884
  75.00 ,     149.724583
  90.00 ,     129.291072
 110.00 ,     128.846773
 125.00 ,     139.710713
 145.00 ,     157.252065
 159.00 ,     166.806250
 180.00 ,     172.628091
lambdaSRG= 1.88 lambdaCut= 500 onebody, Odelta0
----------------------------------------
  theta |  Cross Section
   1.00 ,     403.899677
  40.00 ,     285.417158
  55.00 ,     219.264552
  75.00 ,     156.404165
  90.00 ,     135.190364
 110.00 ,     134.922526
 125.00 ,     146.493351
 145.00 ,     165.161708
 159.00 ,     175.343040
 180.00 ,     181.553206
lambdaSRG= 2.236 lambdaCut= 450 onebody, Odelta0
----------------------------------------
  theta |  Cross Section
   1.00 ,     382.164943
  40.00 ,     270.477010
  55.00 ,     208.083037
  75.00 ,     148.835204
  90.00 ,     128.966951
 110.00 ,     129.083235
 125.00 ,     140.358746
 145.00 ,     158.431689
 159.00 ,     168.274306
 180.00 ,     174.276005
lambdaSRG= 2.236 lambdaCut= 500 onebody, Odelta0
----------------------------------------
  theta |  Cross Section
   1.00 ,     396.894200
  40.00 ,     281.437111
  55.00 ,     216.804963
  75.00 ,     155.325873
  90.00 ,     134.720880
 110.00 ,     135.036392
 125.00 ,     147.025582
 145.00 ,     166.232579
 159.00 ,     176.706815
 180.00 ,     183.099816


Gerry experimental Data
  theta |        val |  uncertainty
----------------------------------------
  40.00 | 203.000000 |    20.591260
  55.00 | 147.000000 |    13.038405
  75.00 | 140.000000 |    13.892444
  90.00 | 159.000000 |    15.264338
 110.00 | 146.000000 |    21.189620
 145.00 | 167.000000 |    19.697716
 159.00 | 172.000000 |    15.000000
AlphaOffset= 2
BetaOffset= 2
