lambdaSRG= 1.88 lambdaCut= 450 onebody, Odelta3
----------------------------------------
  theta |  Cross Section
   1.00 ,     329.176163
  40.00 ,     249.596554
  55.00 ,     202.355690
  75.00 ,     155.989308
  90.00 ,     142.569427
 110.00 ,     153.157616
 125.00 ,     175.597583
 145.00 ,     210.542025
 159.00 ,     230.213678
 180.00 ,     242.517196
lambdaSRG= 1.88 lambdaCut= 500 onebody, Odelta3
----------------------------------------
  theta |  Cross Section
   1.00 ,     343.558051
  40.00 ,     260.647741
  55.00 ,     211.386496
  75.00 ,     162.998571
  90.00 ,     148.997636
 110.00 ,     160.140700
 125.00 ,     183.715117
 145.00 ,     220.453906
 159.00 ,     241.150772
 180.00 ,     254.100679
lambdaSRG= 2.236 lambdaCut= 450 onebody, Odelta3
----------------------------------------
  theta |  Cross Section
   1.00 ,     323.529133
  40.00 ,     245.730911
  55.00 ,     199.499429
  75.00 ,     154.141164
  90.00 ,     141.150047
 110.00 ,     152.014352
 125.00 ,     174.575290
 145.00 ,     209.673201
 159.00 ,     229.442024
 180.00 ,     241.812403
lambdaSRG= 2.236 lambdaCut= 500 onebody, Odelta3
----------------------------------------
  theta |  Cross Section
   1.00 ,     337.308136
  40.00 ,     256.347829
  55.00 ,     208.192771
  75.00 ,     160.907465
  90.00 ,     147.368562
 110.00 ,     158.790275
 125.00 ,     182.470448
 145.00 ,     219.338523
 159.00 ,     240.119859
 180.00 ,     253.129143


Gerry experimental Data
  theta |        val |  uncertainty
----------------------------------------
  40.00 | 196.000000 |    11.661904
  55.00 | 176.000000 |    10.000000
  75.00 | 125.000000 |     8.062258
  90.00 | 135.000000 |     8.062258
 110.00 | 138.000000 |     9.433981
 125.00 | 177.000000 |    10.816654
 145.00 | 178.000000 |    10.816654
 159.00 | 193.000000 |    10.000000
AlphaOffset= -2
BetaOffset= 2
