lambdaSRG= 1.88 lambdaCut= 450 onebody, Odelta0
----------------------------------------
  theta |  Cross Section
   1.00 ,     416.927480
  40.00 ,     293.811737
  55.00 ,     225.185904
  75.00 ,     159.990158
  90.00 ,     137.834239
 110.00 ,     136.998371
 125.00 ,     148.369506
 145.00 ,     166.851082
 159.00 ,     176.932259
 180.00 ,     183.077020
lambdaSRG= 1.88 lambdaCut= 500 onebody, Odelta0
----------------------------------------
  theta |  Cross Section
   1.00 ,     432.892209
  40.00 ,     305.623722
  55.00 ,     234.546802
  75.00 ,     166.915938
  90.00 ,     143.948273
 110.00 ,     143.291320
 125.00 ,     155.392911
 145.00 ,     175.040662
 159.00 ,     185.771045
 180.00 ,     192.317829
lambdaSRG= 2.236 lambdaCut= 450 onebody, Odelta0
----------------------------------------
  theta |  Cross Section
   1.00 ,     410.373820
  40.00 ,     290.182212
  55.00 ,     223.014577
  75.00 ,     159.139408
  90.00 ,     137.575987
 110.00 ,     137.338883
 125.00 ,     149.156756
 145.00 ,     168.217908
 159.00 ,     178.613649
 180.00 ,     184.954485
lambdaSRG= 2.236 lambdaCut= 500 onebody, Odelta0
----------------------------------------
  theta |  Cross Section
   1.00 ,     425.636796
  40.00 ,     301.548636
  55.00 ,     232.063443
  75.00 ,     165.873883
  90.00 ,     143.543855
 110.00 ,     143.509884
 125.00 ,     156.066074
 145.00 ,     176.301866
 159.00 ,     187.352070
 180.00 ,     194.098395


Gerry experimental Data
  theta |        val |  uncertainty
----------------------------------------
  40.00 | 203.000000 |    20.591260
  55.00 | 147.000000 |    13.038405
  75.00 | 140.000000 |    13.892444
  90.00 | 159.000000 |    15.264338
 110.00 | 146.000000 |    21.189620
 145.00 | 167.000000 |    19.697716
 159.00 | 172.000000 |    15.000000
AlphaOffset= 0
BetaOffset= 2
