lambdaSRG= 1.88 lambdaCut= 450 onebody, Odelta2
----------------------------------------
  theta |  Cross Section
   1.00 ,     358.400121
  40.00 ,     270.570426
  55.00 ,     217.206691
  75.00 ,     161.963649
  90.00 ,     142.165319
 110.00 ,     145.408212
 125.00 ,     163.481199
 145.00 ,     194.259171
 159.00 ,     212.137484
 180.00 ,     223.440311
lambdaSRG= 1.88 lambdaCut= 500 onebody, Odelta2
----------------------------------------
  theta |  Cross Section
   1.00 ,     373.409978
  40.00 ,     282.089704
  55.00 ,     226.579840
  75.00 ,     169.120571
  90.00 ,     148.590804
 110.00 ,     152.202432
 125.00 ,     171.291479
 145.00 ,     203.744539
 159.00 ,     222.594606
 180.00 ,     234.513387
lambdaSRG= 2.236 lambdaCut= 450 onebody, Odelta2
----------------------------------------
  theta |  Cross Section
   1.00 ,     352.508113
  40.00 ,     266.570552
  55.00 ,     214.279911
  75.00 ,     160.104861
  90.00 ,     140.750589
 110.00 ,     144.252636
 125.00 ,     162.415741
 145.00 ,     193.300673
 159.00 ,     211.250350
 180.00 ,     222.603983
lambdaSRG= 2.236 lambdaCut= 500 onebody, Odelta2
----------------------------------------
  theta |  Cross Section
   1.00 ,     366.894648
  40.00 ,     277.642850
  55.00 ,     223.307840
  75.00 ,     167.016859
  90.00 ,     146.967400
 110.00 ,     150.842670
 125.00 ,     170.006891
 145.00 ,     202.542263
 159.00 ,     221.450548
 180.00 ,     233.412334


Gerry experimental Data
  theta |        val |  uncertainty
----------------------------------------
  40.00 | 196.000000 |    11.661904
  55.00 | 176.000000 |    10.000000
  75.00 | 125.000000 |     8.062258
  90.00 | 135.000000 |     8.062258
 110.00 | 138.000000 |     9.433981
 125.00 | 177.000000 |    10.816654
 145.00 | 178.000000 |    10.816654
 159.00 | 193.000000 |    10.000000
AlphaOffset= -2
BetaOffset= -2
