lambdaSRG= 1.88 lambdaCut= 450 onebody, Odelta3
----------------------------------------
  theta |  Cross Section
   1.00 ,     278.875463
  40.00 ,     201.350423
  55.00 ,     156.344364
  75.00 ,     111.453661
  90.00 ,      95.008501
 110.00 ,      93.385361
 125.00 ,     101.499159
 145.00 ,     115.643259
 159.00 ,     123.651619
 180.00 ,     128.618145
lambdaSRG= 1.88 lambdaCut= 500 onebody, Odelta3
----------------------------------------
  theta |  Cross Section
   1.00 ,     291.890661
  40.00 ,     211.004639
  55.00 ,     163.994286
  75.00 ,     117.075635
  90.00 ,      99.923412
 110.00 ,      98.403605
 125.00 ,     107.110107
 145.00 ,     122.234066
 159.00 ,     130.798087
 180.00 ,     136.111638
lambdaSRG= 2.236 lambdaCut= 450 onebody, Odelta3
----------------------------------------
  theta |  Cross Section
   1.00 ,     273.495436
  40.00 ,     198.124811
  55.00 ,     154.248057
  75.00 ,     110.414368
  90.00 ,      94.425421
 110.00 ,      93.193546
 125.00 ,     101.568827
 145.00 ,     116.057051
 159.00 ,     124.259499
 180.00 ,     129.349854
lambdaSRG= 2.236 lambdaCut= 500 onebody, Odelta3
----------------------------------------
  theta |  Cross Section
   1.00 ,     285.910077
  40.00 ,     207.382376
  55.00 ,     161.611091
  75.00 ,     115.851538
  90.00 ,      99.193807
 110.00 ,      98.082946
 125.00 ,     107.053597
 145.00 ,     122.523305
 159.00 ,     131.283013
 180.00 ,     136.721636


Gerry experimental Data
  theta |        val |  uncertainty
----------------------------------------
  40.00 | 203.000000 |    20.591260
  55.00 | 147.000000 |    13.038405
  75.00 | 140.000000 |    13.892444
  90.00 | 159.000000 |    15.264338
 110.00 | 146.000000 |    21.189620
 145.00 | 167.000000 |    19.697716
 159.00 | 172.000000 |    15.000000
AlphaOffset= -2
BetaOffset= -2
