lambdaSRG= 1.88 lambdaCut= 450 onebody, Odelta2
----------------------------------------
  theta |  Cross Section
   1.00 ,     332.654328
  40.00 ,     251.352226
  55.00 ,     201.912609
  75.00 ,     150.692461
  90.00 ,     132.334713
 110.00 ,     135.409325
 125.00 ,     152.287222
 145.00 ,     181.036945
 159.00 ,     197.745655
 180.00 ,     208.312340
lambdaSRG= 1.88 lambdaCut= 500 onebody, Odelta2
----------------------------------------
  theta |  Cross Section
   1.00 ,     347.115162
  40.00 ,     262.447459
  55.00 ,     210.938797
  75.00 ,     157.581846
  90.00 ,     138.518149
 110.00 ,     141.945985
 125.00 ,     159.801109
 145.00 ,     190.162674
 159.00 ,     207.806631
 180.00 ,     218.966179
lambdaSRG= 2.236 lambdaCut= 450 onebody, Odelta2
----------------------------------------
  theta |  Cross Section
   1.00 ,     326.979864
  40.00 ,     247.478265
  55.00 ,     199.062715
  75.00 ,     148.863324
  90.00 ,     130.927330
 110.00 ,     134.236710
 125.00 ,     151.183825
 145.00 ,     180.009635
 159.00 ,     196.771372
 180.00 ,     207.376925
lambdaSRG= 2.236 lambdaCut= 500 onebody, Odelta2
----------------------------------------
  theta |  Cross Section
   1.00 ,     340.835587
  40.00 ,     258.138549
  55.00 ,     207.752292
  75.00 ,     155.513094
  90.00 ,     136.906070
 110.00 ,     140.572358
 125.00 ,     158.481393
 145.00 ,     188.893889
 159.00 ,     206.577397
 180.00 ,     217.767779


Gerry experimental Data
  theta |        val |  uncertainty
----------------------------------------
  40.00 | 196.000000 |    11.661904
  55.00 | 176.000000 |    10.000000
  75.00 | 125.000000 |     8.062258
  90.00 | 135.000000 |     8.062258
 110.00 | 138.000000 |     9.433981
 125.00 | 177.000000 |    10.816654
 145.00 | 178.000000 |    10.816654
 159.00 | 193.000000 |    10.000000
AlphaOffset= 2
BetaOffset= -2
