lambdaSRG= 1.88 lambdaCut= 450 onebody, Odelta0
----------------------------------------
  theta |  Cross Section
   1.00 ,     476.827074
  40.00 ,     334.677954
  55.00 ,     254.280834
  75.00 ,     175.603670
  90.00 ,     146.375599
 110.00 ,     140.067878
 125.00 ,     149.507806
 145.00 ,     167.030739
 159.00 ,     176.955071
 180.00 ,     183.077020
lambdaSRG= 1.88 lambdaCut= 500 onebody, Odelta0
----------------------------------------
  theta |  Cross Section
   1.00 ,     493.899192
  40.00 ,     347.312381
  55.00 ,     264.265788
  75.00 ,     182.897396
  90.00 ,     152.705400
 110.00 ,     146.445063
 125.00 ,     156.564087
 145.00 ,     175.225776
 159.00 ,     185.794565
 180.00 ,     192.317829
lambdaSRG= 2.236 lambdaCut= 450 onebody, Odelta0
----------------------------------------
  theta |  Cross Section
   1.00 ,     469.813209
  40.00 ,     330.891675
  55.00 ,     252.088001
  75.00 ,     174.818374
  90.00 ,     146.186761
 110.00 ,     140.448812
 125.00 ,     150.313823
 145.00 ,     168.401144
 159.00 ,     178.636951
 180.00 ,     184.954485
lambdaSRG= 2.236 lambdaCut= 500 onebody, Odelta0
----------------------------------------
  theta |  Cross Section
   1.00 ,     486.143592
  40.00 ,     343.059651
  55.00 ,     261.749772
  75.00 ,     181.918022
  90.00 ,     152.370299
 110.00 ,     146.704670
 125.00 ,     157.256405
 145.00 ,     176.490647
 159.00 ,     187.376094
 180.00 ,     194.098395


Gerry experimental Data
  theta |        val |  uncertainty
----------------------------------------
  40.00 | 203.000000 |    20.591260
  55.00 | 147.000000 |    13.038405
  75.00 | 140.000000 |    13.892444
  90.00 | 159.000000 |    15.264338
 110.00 | 146.000000 |    21.189620
 145.00 | 167.000000 |    19.697716
 159.00 | 172.000000 |    15.000000
AlphaOffset= -2
BetaOffset= 0
