lambdaSRG= 1.88 lambdaCut= 450 onebody, Odelta3
----------------------------------------
  theta |  Cross Section
   1.00 ,     341.860398
  40.00 ,     258.738008
  55.00 ,     208.853268
  75.00 ,     158.644132
  90.00 ,     142.468606
 110.00 ,     149.910863
 125.00 ,     170.507649
 145.00 ,     203.724000
 159.00 ,     222.664043
 180.00 ,     234.563166
lambdaSRG= 1.88 lambdaCut= 500 onebody, Odelta3
----------------------------------------
  theta |  Cross Section
   1.00 ,     356.516798
  40.00 ,     269.993842
  55.00 ,     218.033774
  75.00 ,     165.718318
  90.00 ,     148.896778
 110.00 ,     156.814604
 125.00 ,     178.496307
 145.00 ,     213.458055
 159.00 ,     233.401736
 180.00 ,     245.935079
lambdaSRG= 2.236 lambdaCut= 450 onebody, Odelta3
----------------------------------------
  theta |  Cross Section
   1.00 ,     336.104614
  40.00 ,     254.811422
  55.00 ,     205.963799
  75.00 ,     156.789114
  90.00 ,     141.049326
 110.00 ,     148.760860
 125.00 ,     169.465734
 145.00 ,     202.816178
 159.00 ,     221.842703
 180.00 ,     233.802065
lambdaSRG= 2.236 lambdaCut= 500 onebody, Odelta3
----------------------------------------
  theta |  Cross Section
   1.00 ,     350.149026
  40.00 ,     265.627199
  55.00 ,     214.803194
  75.00 ,     163.619213
  90.00 ,     147.267985
 110.00 ,     155.458486
 125.00 ,     177.233193
 145.00 ,     212.304669
 159.00 ,     232.321952
 180.00 ,     244.907920


Gerry experimental Data
  theta |        val |  uncertainty
----------------------------------------
  40.00 | 196.000000 |    11.661904
  55.00 | 176.000000 |    10.000000
  75.00 | 125.000000 |     8.062258
  90.00 | 135.000000 |     8.062258
 110.00 | 138.000000 |     9.433981
 125.00 | 177.000000 |    10.816654
 145.00 | 178.000000 |    10.816654
 159.00 | 193.000000 |    10.000000
AlphaOffset= -2
BetaOffset= 0
