lambdaSRG= 1.88 lambdaCut= 450 onebody, Odelta2
----------------------------------------
  theta |  Cross Section
   1.00 ,     269.345828
  40.00 ,     193.998026
  55.00 ,     149.807261
  75.00 ,     104.787238
  90.00 ,      87.234376
 110.00 ,      83.246766
 125.00 ,      89.403881
 145.00 ,     101.313548
 159.00 ,     108.256060
 180.00 ,     112.602271
lambdaSRG= 1.88 lambdaCut= 500 onebody, Odelta2
----------------------------------------
  theta |  Cross Section
   1.00 ,     282.149080
  40.00 ,     203.483679
  55.00 ,     157.301352
  75.00 ,     110.235462
  90.00 ,      91.930591
 110.00 ,      87.954424
 125.00 ,      94.626185
 145.00 ,     107.423016
 159.00 ,     114.875462
 180.00 ,     119.541587
lambdaSRG= 2.236 lambdaCut= 450 onebody, Odelta2
----------------------------------------
  theta |  Cross Section
   1.00 ,     264.069301
  40.00 ,     190.827813
  55.00 ,     147.741228
  75.00 ,     103.745099
  90.00 ,      86.615452
 110.00 ,      82.954670
 125.00 ,      89.312743
 145.00 ,     101.486827
 159.00 ,     108.581052
 180.00 ,     113.025054
lambdaSRG= 2.236 lambdaCut= 500 onebody, Odelta2
----------------------------------------
  theta |  Cross Section
   1.00 ,     276.281233
  40.00 ,     199.923289
  55.00 ,     154.953653
  75.00 ,     109.012617
  90.00 ,      91.168422
 110.00 ,      87.535095
 125.00 ,      94.408750
 145.00 ,     107.469195
 159.00 ,     115.073608
 180.00 ,     119.837933


Gerry experimental Data
  theta |        val |  uncertainty
----------------------------------------
  40.00 | 203.000000 |    20.591260
  55.00 | 147.000000 |    13.038405
  75.00 | 140.000000 |    13.892444
  90.00 | 159.000000 |    15.264338
 110.00 | 146.000000 |    21.189620
 145.00 | 167.000000 |    19.697716
 159.00 | 172.000000 |    15.000000
AlphaOffset= 0
BetaOffset= -2
