lambdaSRG= 1.88 lambdaCut= 450 onebody, Odelta3
----------------------------------------
  theta |  Cross Section
   1.00 ,     192.512793
  40.00 ,     141.648617
  55.00 ,     113.390325
  75.00 ,      88.017773
  90.00 ,      82.019190
 110.00 ,      88.639426
 125.00 ,      99.720100
 145.00 ,     115.359351
 159.00 ,     123.615388
 180.00 ,     128.618145
lambdaSRG= 1.88 lambdaCut= 500 onebody, Odelta3
----------------------------------------
  theta |  Cross Section
   1.00 ,     203.313118
  40.00 ,     149.685612
  55.00 ,     119.826655
  75.00 ,      92.933970
  90.00 ,      86.523568
 110.00 ,      93.498580
 125.00 ,     105.269165
 145.00 ,     121.939910
 159.00 ,     130.760526
 180.00 ,     136.111638
lambdaSRG= 2.236 lambdaCut= 450 onebody, Odelta3
----------------------------------------
  theta |  Cross Section
   1.00 ,     188.049920
  40.00 ,     138.829665
  55.00 ,     111.454694
  75.00 ,      86.951290
  90.00 ,      81.370126
 110.00 ,      88.399605
 125.00 ,      99.765867
 145.00 ,     115.768349
 159.00 ,     124.222599
 180.00 ,     129.349854
lambdaSRG= 2.236 lambdaCut= 500 onebody, Odelta3
----------------------------------------
  theta |  Cross Section
   1.00 ,     198.329388
  40.00 ,     146.514295
  55.00 ,     117.629664
  75.00 ,      91.691082
  90.00 ,      85.730172
 110.00 ,      93.129563
 125.00 ,     105.188340
 145.00 ,     122.224242
 159.00 ,     131.244766
 180.00 ,     136.721636


Gerry experimental Data
  theta |        val |  uncertainty
----------------------------------------
  40.00 | 203.000000 |    20.591260
  55.00 | 147.000000 |    13.038405
  75.00 | 140.000000 |    13.892444
  90.00 | 159.000000 |    15.264338
 110.00 | 146.000000 |    21.189620
 145.00 | 167.000000 |    19.697716
 159.00 | 172.000000 |    15.000000
AlphaOffset= 2
BetaOffset= 2
