lambdaSRG= 1.88 lambdaCut= 450 onebody, Odelta0
----------------------------------------
  theta |  Cross Section
   1.00 ,     416.927480
  40.00 ,     293.070013
  55.00 ,     222.977062
  75.00 ,     154.397919
  90.00 ,     129.014241
 110.00 ,     123.821145
 125.00 ,     132.379902
 145.00 ,     148.106523
 159.00 ,     157.000566
 180.00 ,     162.486705
lambdaSRG= 1.88 lambdaCut= 500 onebody, Odelta0
----------------------------------------
  theta |  Cross Section
   1.00 ,     432.892208
  40.00 ,     304.867651
  55.00 ,     232.292369
  75.00 ,     161.196641
  90.00 ,     134.913147
 110.00 ,     129.764318
 125.00 ,     138.956123
 145.00 ,     155.744108
 159.00 ,     165.238843
 180.00 ,     171.099078
lambdaSRG= 2.236 lambdaCut= 450 onebody, Odelta0
----------------------------------------
  theta |  Cross Section
   1.00 ,     410.373820
  40.00 ,     289.443638
  55.00 ,     220.808331
  75.00 ,     153.526383
  90.00 ,     128.688772
 110.00 ,     123.995310
 125.00 ,     132.912680
 145.00 ,     149.111117
 159.00 ,     158.265656
 180.00 ,     163.915605
lambdaSRG= 2.236 lambdaCut= 500 onebody, Odelta0
----------------------------------------
  theta |  Cross Section
   1.00 ,     425.636796
  40.00 ,     300.796188
  55.00 ,     229.812739
  75.00 ,     160.135564
  90.00 ,     134.442887
 110.00 ,     129.815896
 125.00 ,     139.371914
 145.00 ,     156.637130
 159.00 ,     166.396006
 180.00 ,     172.422543


Gerry experimental Data
  theta |        val |  uncertainty
----------------------------------------
  40.00 | 203.000000 |    20.591260
  55.00 | 147.000000 |    13.038405
  75.00 | 140.000000 |    13.892444
  90.00 | 159.000000 |    15.264338
 110.00 | 146.000000 |    21.189620
 145.00 | 167.000000 |    19.697716
 159.00 | 172.000000 |    15.000000
AlphaOffset= 2
BetaOffset= 0
