lambdaSRG= 1.88 lambdaCut= 450 onebody, Odelta2
----------------------------------------
  theta |  Cross Section
   1.00 ,     224.938895
  40.00 ,     163.897417
  55.00 ,     129.465888
  75.00 ,      97.165856
  90.00 ,      87.604181
 110.00 ,      91.489644
 125.00 ,     101.584703
 145.00 ,     116.685836
 159.00 ,     124.820852
 180.00 ,     129.782920
lambdaSRG= 1.88 lambdaCut= 500 onebody, Odelta2
----------------------------------------
  theta |  Cross Section
   1.00 ,     236.634714
  40.00 ,     172.587562
  55.00 ,     136.396342
  75.00 ,     102.382469
  90.00 ,      92.300223
 110.00 ,      96.450283
 125.00 ,     107.200550
 145.00 ,     123.313622
 159.00 ,     132.008885
 180.00 ,     137.317952
lambdaSRG= 2.236 lambdaCut= 450 onebody, Odelta2
----------------------------------------
  theta |  Cross Section
   1.00 ,     220.121065
  40.00 ,     160.923193
  55.00 ,     127.469309
  75.00 ,      96.110999
  90.00 ,      86.984683
 110.00 ,      91.279512
 125.00 ,     101.656113
 145.00 ,     117.117606
 159.00 ,     125.450623
 180.00 ,     130.537463
lambdaSRG= 2.236 lambdaCut= 500 onebody, Odelta2
----------------------------------------
  theta |  Cross Section
   1.00 ,     231.265424
  40.00 ,     169.244717
  55.00 ,     134.129501
  75.00 ,     101.148792
  90.00 ,      91.536247
 110.00 ,      96.111744
 125.00 ,     107.146215
 145.00 ,     123.621512
 159.00 ,     132.516455
 180.00 ,     137.951554


Gerry experimental Data
  theta |        val |  uncertainty
----------------------------------------
  40.00 | 203.000000 |    20.591260
  55.00 | 147.000000 |    13.038405
  75.00 | 140.000000 |    13.892444
  90.00 | 159.000000 |    15.264338
 110.00 | 146.000000 |    21.189620
 145.00 | 167.000000 |    19.697716
 159.00 | 172.000000 |    15.000000
AlphaOffset= 0
BetaOffset= 2
