lambdaSRG= 1.88 lambdaCut= 450 onebody, Odelta3
----------------------------------------
  theta |  Cross Section
   1.00 ,     255.773831
  40.00 ,     185.700228
  55.00 ,     145.776590
  75.00 ,     107.511444
  90.00 ,      95.231243
 110.00 ,      97.716071
 125.00 ,     107.887859
 145.00 ,     123.702827
 159.00 ,     132.336613
 180.00 ,     137.626472
lambdaSRG= 1.88 lambdaCut= 500 onebody, Odelta3
----------------------------------------
  theta |  Cross Section
   1.00 ,     268.235314
  40.00 ,     194.955936
  55.00 ,     153.143794
  75.00 ,     113.017104
  90.00 ,     100.146262
 110.00 ,     102.862215
 125.00 ,     113.697899
 145.00 ,     130.556094
 159.00 ,     139.771149
 180.00 ,     145.421835
lambdaSRG= 2.236 lambdaCut= 450 onebody, Odelta3
----------------------------------------
  theta |  Cross Section
   1.00 ,     250.623239
  40.00 ,     182.570074
  55.00 ,     143.711944
  75.00 ,     106.464041
  90.00 ,      94.648550
 110.00 ,      97.570171
 125.00 ,     108.046974
 145.00 ,     124.257579
 159.00 ,     133.110249
 180.00 ,     138.538381
lambdaSRG= 2.236 lambdaCut= 500 onebody, Odelta3
----------------------------------------
  theta |  Cross Section
   1.00 ,     262.504104
  40.00 ,     191.439841
  55.00 ,     150.797878
  75.00 ,     111.785791
  90.00 ,      99.416445
 110.00 ,     102.587018
 125.00 ,     113.731330
 145.00 ,     130.988212
 159.00 ,     140.424503
 180.00 ,     146.215152


Gerry experimental Data
  theta |        val |  uncertainty
----------------------------------------
  40.00 | 203.000000 |    20.591260
  55.00 | 147.000000 |    13.038405
  75.00 | 140.000000 |    13.892444
  90.00 | 159.000000 |    15.264338
 110.00 | 146.000000 |    21.189620
 145.00 | 167.000000 |    19.697716
 159.00 | 172.000000 |    15.000000
AlphaOffset= -2
BetaOffset= 0
