lambdaSRG= 1.88 lambdaCut= 450 onebody, Odelta2
----------------------------------------
  theta |  Cross Section
   1.00 ,     332.654328
  40.00 ,     252.010017
  55.00 ,     203.992912
  75.00 ,     156.493256
  90.00 ,     142.223966
 110.00 ,     151.749304
 125.00 ,     173.485280
 145.00 ,     207.682849
 159.00 ,     227.003896
 180.00 ,     239.102757
lambdaSRG= 1.88 lambdaCut= 500 onebody, Odelta2
----------------------------------------
  theta |  Cross Section
   1.00 ,     347.115162
  40.00 ,     263.119831
  55.00 ,     213.066418
  75.00 ,     163.520023
  90.00 ,     148.649158
 110.00 ,     158.701688
 125.00 ,     181.552612
 145.00 ,     217.522897
 159.00 ,     237.858691
 180.00 ,     250.597743
lambdaSRG= 2.236 lambdaCut= 450 onebody, Odelta2
----------------------------------------
  theta |  Cross Section
   1.00 ,     326.979864
  40.00 ,     248.131467
  55.00 ,     201.131728
  75.00 ,     154.647164
  90.00 ,     140.807776
 110.00 ,     150.605412
 125.00 ,     172.456652
 145.00 ,     206.798987
 159.00 ,     226.212225
 180.00 ,     238.374785
lambdaSRG= 2.236 lambdaCut= 500 onebody, Odelta2
----------------------------------------
  theta |  Cross Section
   1.00 ,     340.835588
  40.00 ,     258.805865
  55.00 ,     209.867285
  75.00 ,     161.431229
  90.00 ,     147.023896
 110.00 ,     157.351469
 125.00 ,     180.302431
 145.00 ,     216.393174
 159.00 ,     236.808361
 180.00 ,     249.603560


Gerry experimental Data
  theta |        val |  uncertainty
----------------------------------------
  40.00 | 196.000000 |    11.661904
  55.00 | 176.000000 |    10.000000
  75.00 | 125.000000 |     8.062258
  90.00 | 135.000000 |     8.062258
 110.00 | 138.000000 |     9.433981
 125.00 | 177.000000 |    10.816654
 145.00 | 178.000000 |    10.816654
 159.00 | 193.000000 |    10.000000
AlphaOffset= -2
BetaOffset= 2
