lambdaSRG= 1.88 lambdaCut= 450 onebody, Odelta3
----------------------------------------
  theta |  Cross Section
   1.00 ,     329.176162
  40.00 ,     249.259896
  55.00 ,     201.290841
  75.00 ,     153.019414
  90.00 ,     137.505519
 110.00 ,     144.788949
 125.00 ,     164.739541
 145.00 ,     196.891944
 159.00 ,     215.224612
 180.00 ,     226.742754
lambdaSRG= 1.88 lambdaCut= 500 onebody, Odelta3
----------------------------------------
  theta |  Cross Section
   1.00 ,     343.558051
  40.00 ,     260.303788
  55.00 ,     210.297961
  75.00 ,     159.959852
  90.00 ,     143.812543
 110.00 ,     151.563490
 125.00 ,     172.579320
 145.00 ,     206.445168
 159.00 ,     225.763053
 180.00 ,     237.903766
lambdaSRG= 2.236 lambdaCut= 450 onebody, Odelta3
----------------------------------------
  theta |  Cross Section
   1.00 ,     323.529133
  40.00 ,     245.396532
  55.00 ,     198.440132
  75.00 ,     151.179293
  90.00 ,     136.089492
 110.00 ,     143.628985
 125.00 ,     163.676304
 145.00 ,     195.946219
 159.00 ,     214.355611
 180.00 ,     225.927663
lambdaSRG= 2.236 lambdaCut= 500 onebody, Odelta3
----------------------------------------
  theta |  Cross Section
   1.00 ,     337.308136
  40.00 ,     256.006388
  55.00 ,     207.110455
  75.00 ,     157.878300
  90.00 ,     142.188980
 110.00 ,     150.198960
 125.00 ,     171.296225
 145.00 ,     205.254935
 159.00 ,     224.636480
 180.00 ,     236.823365


Gerry experimental Data
  theta |        val |  uncertainty
----------------------------------------
  40.00 | 196.000000 |    11.661904
  55.00 | 176.000000 |    10.000000
  75.00 | 125.000000 |     8.062258
  90.00 | 135.000000 |     8.062258
 110.00 | 138.000000 |     9.433981
 125.00 | 177.000000 |    10.816654
 145.00 | 178.000000 |    10.816654
 159.00 | 193.000000 |    10.000000
AlphaOffset= 0
BetaOffset= 0
