lambdaSRG= 1.88 lambdaCut= 450 onebody, Odelta2
----------------------------------------
  theta |  Cross Section
   1.00 ,     307.872109
  40.00 ,     233.480039
  55.00 ,     189.185337
  75.00 ,     145.421989
  90.00 ,     132.393361
 110.00 ,     141.529072
 125.00 ,     161.944371
 145.00 ,     193.999283
 159.00 ,     212.103419
 180.00 ,     223.440311
lambdaSRG= 1.88 lambdaCut= 500 onebody, Odelta2
----------------------------------------
  theta |  Cross Section
   1.00 ,     321.783917
  40.00 ,     244.166231
  55.00 ,     197.912424
  75.00 ,     152.181604
  90.00 ,     138.576503
 110.00 ,     148.223138
 125.00 ,     169.713926
 145.00 ,     203.477579
 159.00 ,     222.559603
 180.00 ,     234.513387
lambdaSRG= 2.236 lambdaCut= 450 onebody, Odelta2
----------------------------------------
  theta |  Cross Section
   1.00 ,     302.415095
  40.00 ,     229.728791
  55.00 ,     186.402860
  75.00 ,     143.606856
  90.00 ,     130.984517
 110.00 ,     140.365536
 125.00 ,     160.873034
 145.00 ,     193.039309
 159.00 ,     211.216061
 180.00 ,     222.603983
lambdaSRG= 2.236 lambdaCut= 500 onebody, Odelta2
----------------------------------------
  theta |  Cross Section
   1.00 ,     315.739995
  40.00 ,     239.991633
  55.00 ,     194.800657
  75.00 ,     150.129112
  90.00 ,     136.962567
 110.00 ,     146.856377
 125.00 ,     168.423717
 145.00 ,     202.273848
 159.00 ,     221.415323
 180.00 ,     233.412334


Gerry experimental Data
  theta |        val |  uncertainty
----------------------------------------
  40.00 | 196.000000 |    11.661904
  55.00 | 176.000000 |    10.000000
  75.00 | 125.000000 |     8.062258
  90.00 | 135.000000 |     8.062258
 110.00 | 138.000000 |     9.433981
 125.00 | 177.000000 |    10.816654
 145.00 | 178.000000 |    10.816654
 159.00 | 193.000000 |    10.000000
AlphaOffset= 2
BetaOffset= 2
