lambdaSRG= 1.88 lambdaCut= 450 onebody, Odelta0
----------------------------------------
  theta |  Cross Section
   1.00 ,     429.767785
  40.00 ,     321.617800
  55.00 ,     257.715192
  75.00 ,     194.569049
  90.00 ,     174.778344
 110.00 ,     184.120629
 125.00 ,     208.891031
 145.00 ,     248.085970
 159.00 ,     270.150991
 180.00 ,     283.925446
lambdaSRG= 1.88 lambdaCut= 500 onebody, Odelta0
----------------------------------------
  theta |  Cross Section
   1.00 ,     446.220187
  40.00 ,     334.227402
  55.00 ,     267.992336
  75.00 ,     202.498059
  90.00 ,     182.001219
 110.00 ,     191.888703
 125.00 ,     217.864137
 145.00 ,     258.977730
 159.00 ,     282.138948
 180.00 ,     296.603952
lambdaSRG= 2.236 lambdaCut= 450 onebody, Odelta0
----------------------------------------
  theta |  Cross Section
   1.00 ,     423.325650
  40.00 ,     317.337235
  55.00 ,     254.638718
  75.00 ,     192.678860
  90.00 ,     173.395378
 110.00 ,     183.092226
 125.00 ,     208.044945
 145.00 ,     247.477361
 159.00 ,     269.686686
 180.00 ,     283.557786
lambdaSRG= 2.236 lambdaCut= 500 onebody, Odelta0
----------------------------------------
  theta |  Cross Section
   1.00 ,     439.109084
  40.00 ,     329.473133
  55.00 ,     264.553341
  75.00 ,     200.353476
  90.00 ,     180.402623
 110.00 ,     190.650658
 125.00 ,     216.794699
 145.00 ,     258.123333
 159.00 ,     281.417163
 180.00 ,     295.971987


Gerry experimental Data
  theta |        val |  uncertainty
----------------------------------------
  40.00 | 196.000000 |    11.661904
  55.00 | 176.000000 |    10.000000
  75.00 | 125.000000 |     8.062258
  90.00 | 135.000000 |     8.062258
 110.00 | 138.000000 |     9.433981
 125.00 | 177.000000 |    10.816654
 145.00 | 178.000000 |    10.816654
 159.00 | 193.000000 |    10.000000
AlphaOffset= -2
BetaOffset= 2
