lambdaSRG= 1.88 lambdaCut= 450 onebody, Odelta3
----------------------------------------
  theta |  Cross Section
   1.00 ,     341.860398
  40.00 ,     258.407497
  55.00 ,     207.807698
  75.00 ,     155.727281
  90.00 ,     137.494143
 110.00 ,     141.687891
 125.00 ,     159.836821
 145.00 ,     190.306891
 159.00 ,     207.929602
 180.00 ,     219.055961
lambdaSRG= 1.88 lambdaCut= 500 onebody, Odelta3
----------------------------------------
  theta |  Cross Section
   1.00 ,     356.516798
  40.00 ,     269.656039
  55.00 ,     216.964539
  75.00 ,     162.732744
  90.00 ,     143.801360
 110.00 ,     148.383589
 125.00 ,     167.548471
 145.00 ,     199.683356
 159.00 ,     218.269876
 180.00 ,     230.006740
lambdaSRG= 2.236 lambdaCut= 450 onebody, Odelta3
----------------------------------------
  theta |  Cross Section
   1.00 ,     336.104614
  40.00 ,     254.483203
  55.00 ,     204.923854
  75.00 ,     153.880632
  90.00 ,     136.079004
 110.00 ,     140.522903
 125.00 ,     158.756535
 145.00 ,     189.325855
 159.00 ,     207.015189
 180.00 ,     218.189197
lambdaSRG= 2.236 lambdaCut= 500 onebody, Odelta3
----------------------------------------
  theta |  Cross Section
   1.00 ,     350.149026
  40.00 ,     265.291921
  55.00 ,     213.740253
  75.00 ,     160.643549
  90.00 ,     142.178889
 110.00 ,     147.015127
 125.00 ,     166.249575
 145.00 ,     198.458908
 159.00 ,     217.098823
 180.00 ,     228.875477


Gerry experimental Data
  theta |        val |  uncertainty
----------------------------------------
  40.00 | 196.000000 |    11.661904
  55.00 | 176.000000 |    10.000000
  75.00 | 125.000000 |     8.062258
  90.00 | 135.000000 |     8.062258
 110.00 | 138.000000 |     9.433981
 125.00 | 177.000000 |    10.816654
 145.00 | 178.000000 |    10.816654
 159.00 | 193.000000 |    10.000000
AlphaOffset= 0
BetaOffset= -2
