lambdaSRG= 1.88 lambdaCut= 450 onebody, Odelta2
----------------------------------------
  theta |  Cross Section
   1.00 ,     293.060260
  40.00 ,     210.628923
  55.00 ,     162.385559
  75.00 ,     113.327188
  90.00 ,      94.208667
 110.00 ,      89.767426
 125.00 ,      96.308693
 145.00 ,     109.007767
 159.00 ,     116.408195
 180.00 ,     121.038823
lambdaSRG= 1.88 lambdaCut= 500 onebody, Odelta2
----------------------------------------
  theta |  Cross Section
   1.00 ,     306.417224
  40.00 ,     220.527730
  55.00 ,     170.207509
  75.00 ,     119.014940
  90.00 ,      99.111574
 110.00 ,      94.681297
 125.00 ,     101.758126
 145.00 ,     115.380335
 159.00 ,     123.311194
 180.00 ,     128.274522
lambdaSRG= 2.236 lambdaCut= 450 onebody, Odelta2
----------------------------------------
  theta |  Cross Section
   1.00 ,     287.554238
  40.00 ,     207.361113
  55.00 ,     160.283739
  75.00 ,     112.300707
  90.00 ,      93.627693
 110.00 ,      89.540934
 125.00 ,      96.308722
 145.00 ,     109.308488
 159.00 ,     116.880985
 180.00 ,     121.622218
lambdaSRG= 2.236 lambdaCut= 500 onebody, Odelta2
----------------------------------------
  theta |  Cross Section
   1.00 ,     300.299940
  40.00 ,     216.858587
  55.00 ,     167.817230
  75.00 ,     117.804728
  90.00 ,      98.385786
 110.00 ,      94.327177
 125.00 ,     101.632286
 145.00 ,     115.555512
 159.00 ,     123.659340
 180.00 ,     128.734091


Gerry experimental Data
  theta |        val |  uncertainty
----------------------------------------
  40.00 | 203.000000 |    20.591260
  55.00 | 147.000000 |    13.038405
  75.00 | 140.000000 |    13.892444
  90.00 | 159.000000 |    15.264338
 110.00 | 146.000000 |    21.189620
 145.00 | 167.000000 |    19.697716
 159.00 | 172.000000 |    15.000000
AlphaOffset= -2
BetaOffset= -2
