lambdaSRG= 1.88 lambdaCut= 450 onebody, Odelta2
----------------------------------------
  theta |  Cross Section
   1.00 ,     320.142772
  40.00 ,     242.655927
  55.00 ,     196.518672
  75.00 ,     150.906111
  90.00 ,     137.263941
 110.00 ,     146.594008
 125.00 ,     167.664585
 145.00 ,     200.782247
 159.00 ,     219.489926
 180.00 ,     231.204725
lambdaSRG= 1.88 lambdaCut= 500 onebody, Odelta2
----------------------------------------
  theta |  Cross Section
   1.00 ,     334.329093
  40.00 ,     253.553875
  55.00 ,     205.418889
  75.00 ,     157.799203
  90.00 ,     143.567992
 110.00 ,     153.417078
 125.00 ,     175.582828
 145.00 ,     210.441150
 159.00 ,     230.145107
 180.00 ,     242.488421
lambdaSRG= 2.236 lambdaCut= 450 onebody, Odelta2
----------------------------------------
  theta |  Cross Section
   1.00 ,     314.577045
  40.00 ,     238.840848
  55.00 ,     193.696577
  75.00 ,     149.075162
  90.00 ,     135.851030
 110.00 ,     145.439763
 125.00 ,     166.613912
 145.00 ,     199.859398
 159.00 ,     218.649342
 180.00 ,     230.421416
lambdaSRG= 2.236 lambdaCut= 500 onebody, Odelta2
----------------------------------------
  theta |  Cross Section
   1.00 ,     328.167358
  40.00 ,     249.309408
  55.00 ,     202.263169
  75.00 ,     155.728214
  90.00 ,     141.947989
 110.00 ,     152.058042
 125.00 ,     174.311924
 145.00 ,     209.273467
 159.00 ,     229.046703
 180.00 ,     241.439613


Gerry experimental Data
  theta |        val |  uncertainty
----------------------------------------
  40.00 | 196.000000 |    11.661904
  55.00 | 176.000000 |    10.000000
  75.00 | 125.000000 |     8.062258
  90.00 | 135.000000 |     8.062258
 110.00 | 138.000000 |     9.433981
 125.00 | 177.000000 |    10.816654
 145.00 | 178.000000 |    10.816654
 159.00 | 193.000000 |    10.000000
AlphaOffset= 0
BetaOffset= 2
