lambdaSRG= 1.88 lambdaCut= 450 onebody, Odelta3
----------------------------------------
  theta |  Cross Section
   1.00 ,     212.592495
  40.00 ,     155.269759
  55.00 ,     122.552366
  75.00 ,      91.285388
  90.00 ,      81.521425
 110.00 ,      84.365178
 125.00 ,      93.521081
 145.00 ,     107.573603
 159.00 ,     115.227907
 180.00 ,     119.917362
lambdaSRG= 1.88 lambdaCut= 500 onebody, Odelta3
----------------------------------------
  theta |  Cross Section
   1.00 ,     223.946543
  40.00 ,     163.702714
  55.00 ,     129.268228
  75.00 ,      96.315291
  90.00 ,      86.024284
 110.00 ,      89.096812
 125.00 ,      98.872530
 145.00 ,     113.894122
 159.00 ,     122.087750
 180.00 ,     127.111938
lambdaSRG= 2.236 lambdaCut= 450 onebody, Odelta3
----------------------------------------
  theta |  Cross Section
   1.00 ,     207.900481
  40.00 ,     152.346770
  55.00 ,     120.574217
  75.00 ,      90.218035
  90.00 ,      80.867081
 110.00 ,      84.080773
 125.00 ,      93.482598
 145.00 ,     107.850231
 159.00 ,     115.679239
 180.00 ,     120.479407
lambdaSRG= 2.236 lambdaCut= 500 onebody, Odelta3
----------------------------------------
  theta |  Cross Section
   1.00 ,     218.713759
  40.00 ,     160.416419
  55.00 ,     127.022805
  75.00 ,      95.070392
  90.00 ,      85.226072
 110.00 ,      88.683701
 125.00 ,      98.707099
 145.00 ,     114.044393
 159.00 ,     122.413698
 180.00 ,     127.549425


Gerry experimental Data
  theta |        val |  uncertainty
----------------------------------------
  40.00 | 203.000000 |    20.591260
  55.00 | 147.000000 |    13.038405
  75.00 | 140.000000 |    13.892444
  90.00 | 159.000000 |    15.264338
 110.00 | 146.000000 |    21.189620
 145.00 | 167.000000 |    19.697716
 159.00 | 172.000000 |    15.000000
AlphaOffset= 2
BetaOffset= 0
