lambdaSRG= 1.88 lambdaCut= 450 onebody, Odelta0
----------------------------------------
  theta |  Cross Section
   1.00 ,     508.287836
  40.00 ,     355.754727
  55.00 ,     268.426745
  75.00 ,     180.951607
  90.00 ,     146.373791
 110.00 ,     134.985788
 125.00 ,     141.987313
 145.00 ,     157.611378
 159.00 ,     166.851874
 180.00 ,     172.628091
lambdaSRG= 1.88 lambdaCut= 500 onebody, Odelta0
----------------------------------------
  theta |  Cross Section
   1.00 ,     525.913644
  40.00 ,     368.794476
  55.00 ,     278.702524
  75.00 ,     188.367081
  90.00 ,     152.704618
 110.00 ,     141.230012
 125.00 ,     148.835703
 145.00 ,     165.531936
 159.00 ,     175.390081
 180.00 ,     181.553206
lambdaSRG= 2.236 lambdaCut= 450 onebody, Odelta0
----------------------------------------
  theta |  Cross Section
   1.00 ,     501.043721
  40.00 ,     351.895935
  55.00 ,     266.229884
  75.00 ,     180.193136
  90.00 ,     146.188498
 110.00 ,     135.303094
 125.00 ,     142.672878
 145.00 ,     158.798161
 159.00 ,     168.320910
 180.00 ,     174.276005
lambdaSRG= 2.236 lambdaCut= 500 onebody, Odelta0
----------------------------------------
  theta |  Cross Section
   1.00 ,     517.907791
  40.00 ,     364.459139
  55.00 ,     276.177620
  75.00 ,     187.414151
  90.00 ,     152.373769
 110.00 ,     141.425965
 125.00 ,     149.406245
 145.00 ,     166.610141
 159.00 ,     176.754863
 180.00 ,     183.099816


Gerry experimental Data
  theta |        val |  uncertainty
----------------------------------------
  40.00 | 203.000000 |    20.591260
  55.00 | 147.000000 |    13.038405
  75.00 | 140.000000 |    13.892444
  90.00 | 159.000000 |    15.264338
 110.00 | 146.000000 |    21.189620
 145.00 | 167.000000 |    19.697716
 159.00 | 172.000000 |    15.000000
AlphaOffset= -2
BetaOffset= -2
