lambdaSRG= 1.88 lambdaCut= 450 onebody, Odelta0
----------------------------------------
  theta |  Cross Section
   1.00 ,     446.373621
  40.00 ,     312.810003
  55.00 ,     236.232849
  75.00 ,     159.413643
  90.00 ,     129.012433
 110.00 ,     119.046677
 125.00 ,     125.310233
 145.00 ,     139.245956
 159.00 ,     147.493805
 180.00 ,     152.652865
lambdaSRG= 1.88 lambdaCut= 500 onebody, Odelta0
----------------------------------------
  theta |  Cross Section
   1.00 ,     462.892046
  40.00 ,     325.011285
  55.00 ,     245.836964
  75.00 ,     166.332829
  90.00 ,     134.912365
 110.00 ,     124.858961
 125.00 ,     131.682069
 145.00 ,     146.614001
 159.00 ,     155.436353
 180.00 ,     160.955446
lambdaSRG= 2.236 lambdaCut= 450 onebody, Odelta0
----------------------------------------
  theta |  Cross Section
   1.00 ,     439.589908
  40.00 ,     309.105463
  55.00 ,     234.053216
  75.00 ,     158.564509
  90.00 ,     128.690509
 110.00 ,     119.164466
 125.00 ,     125.734910
 145.00 ,     140.084460
 159.00 ,     148.565853
 180.00 ,     153.873285
lambdaSRG= 2.236 lambdaCut= 500 onebody, Odelta0
----------------------------------------
  theta |  Cross Section
   1.00 ,     455.386593
  40.00 ,     320.851411
  55.00 ,     243.341384
  75.00 ,     165.293652
  90.00 ,     134.446357
 110.00 ,     124.854333
 125.00 ,     131.988764
 145.00 ,     147.338351
 159.00 ,     156.397090
 180.00 ,     162.066576


Gerry experimental Data
  theta |        val |  uncertainty
----------------------------------------
  40.00 | 203.000000 |    20.591260
  55.00 | 147.000000 |    13.038405
  75.00 | 140.000000 |    13.892444
  90.00 | 159.000000 |    15.264338
 110.00 | 146.000000 |    21.189620
 145.00 | 167.000000 |    19.697716
 159.00 | 172.000000 |    15.000000
AlphaOffset= 2
BetaOffset= -2
