lambdaSRG= 1.88 lambdaCut= 450 onebody, Odelta0
----------------------------------------
  theta |  Cross Section
   1.00 ,     415.514613
  40.00 ,     310.640059
  55.00 ,     248.097134
  75.00 ,     185.035331
  90.00 ,     163.707251
 110.00 ,     169.328930
 125.00 ,     190.751827
 145.00 ,     225.858073
 159.00 ,     245.870539
 180.00 ,     258.418519
lambdaSRG= 1.88 lambdaCut= 500 onebody, Odelta0
----------------------------------------
  theta |  Cross Section
   1.00 ,     431.692508
  40.00 ,     323.029709
  55.00 ,     258.176100
  75.00 ,     192.759962
  90.00 ,     170.685102
 110.00 ,     176.754806
 125.00 ,     199.292265
 145.00 ,     236.202356
 159.00 ,     257.251613
 180.00 ,     270.454086
lambdaSRG= 2.236 lambdaCut= 450 onebody, Odelta0
----------------------------------------
  theta |  Cross Section
   1.00 ,     409.181387
  40.00 ,     306.422647
  55.00 ,     245.061261
  75.00 ,     183.161922
  90.00 ,     162.321696
 110.00 ,     168.258557
 125.00 ,     189.822677
 145.00 ,     225.107036
 159.00 ,     245.230140
 180.00 ,     257.853414
lambdaSRG= 2.236 lambdaCut= 500 onebody, Odelta0
----------------------------------------
  theta |  Cross Section
   1.00 ,     424.699429
  40.00 ,     318.344790
  55.00 ,     254.782588
  75.00 ,     190.636179
  90.00 ,     169.087801
 110.00 ,     175.478511
 125.00 ,     198.143050
 145.00 ,     235.207878
 159.00 ,     256.355439
 180.00 ,     269.625946


Gerry experimental Data
  theta |        val |  uncertainty
----------------------------------------
  40.00 | 196.000000 |    11.661904
  55.00 | 176.000000 |    10.000000
  75.00 | 125.000000 |     8.062258
  90.00 | 135.000000 |     8.062258
 110.00 | 138.000000 |     9.433981
 125.00 | 177.000000 |    10.816654
 145.00 | 178.000000 |    10.816654
 159.00 | 193.000000 |    10.000000
AlphaOffset= 2
BetaOffset= 0
