lambdaSRG= 1.88 lambdaCut= 450 onebody, Odelta3
----------------------------------------
  theta |  Cross Section
   1.00 ,     233.679508
  40.00 ,     169.583172
  55.00 ,     132.230015
  75.00 ,      94.895392
  90.00 ,      81.298683
 110.00 ,      80.342091
 125.00 ,      87.583205
 145.00 ,     100.072830
 159.00 ,     107.139349
 180.00 ,     111.524124
lambdaSRG= 1.88 lambdaCut= 500 onebody, Odelta3
----------------------------------------
  theta |  Cross Section
   1.00 ,     245.587275
  40.00 ,     178.412955
  55.00 ,     139.226579
  75.00 ,     100.040325
  90.00 ,      85.801434
 110.00 ,      84.947897
 125.00 ,      92.739067
 145.00 ,     106.135829
 159.00 ,     113.716683
 180.00 ,     118.422733
lambdaSRG= 2.236 lambdaCut= 450 onebody, Odelta3
----------------------------------------
  theta |  Cross Section
   1.00 ,     228.758254
  40.00 ,     166.559072
  55.00 ,     130.213332
  75.00 ,      93.831727
  90.00 ,      80.643953
 110.00 ,      80.019022
 125.00 ,      87.467626
 145.00 ,     100.226029
 159.00 ,     107.444727
 180.00 ,     111.927041
lambdaSRG= 2.236 lambdaCut= 500 onebody, Odelta3
----------------------------------------
  theta |  Cross Section
   1.00 ,     240.105330
  40.00 ,     175.014688
  55.00 ,     136.936815
  75.00 ,      98.798097
  90.00 ,      85.003434
 110.00 ,      84.496771
 125.00 ,      92.496378
 145.00 ,     106.161213
 159.00 ,     113.894523
 180.00 ,     118.698520


Gerry experimental Data
  theta |        val |  uncertainty
----------------------------------------
  40.00 | 203.000000 |    20.591260
  55.00 | 147.000000 |    13.038405
  75.00 | 140.000000 |    13.892444
  90.00 | 159.000000 |    15.264338
 110.00 | 146.000000 |    21.189620
 145.00 | 167.000000 |    19.697716
 159.00 | 172.000000 |    15.000000
AlphaOffset= 2
BetaOffset= -2
