lambdaSRG= 1.88 lambdaCut= 450 onebody, Odelta2
----------------------------------------
  theta |  Cross Section
   1.00 ,     246.638707
  40.00 ,     178.059400
  55.00 ,     137.744573
  75.00 ,      96.589677
  90.00 ,      80.535107
 110.00 ,      76.977267
 125.00 ,      82.760212
 145.00 ,      93.904303
 159.00 ,     100.402847
 180.00 ,     104.473263
lambdaSRG= 1.88 lambdaCut= 500 onebody, Odelta2
----------------------------------------
  theta |  Cross Section
   1.00 ,     258.888243
  40.00 ,     187.132768
  55.00 ,     144.911971
  75.00 ,     101.799696
  90.00 ,      85.026041
 110.00 ,      81.480404
 125.00 ,      87.757417
 145.00 ,      99.753190
 159.00 ,     106.741438
 180.00 ,     111.119149
lambdaSRG= 2.236 lambdaCut= 450 onebody, Odelta2
----------------------------------------
  theta |  Cross Section
   1.00 ,     241.591577
  40.00 ,     174.989711
  55.00 ,     135.718309
  75.00 ,      95.536438
  90.00 ,      79.883129
 110.00 ,      76.625487
 125.00 ,      82.585060
 145.00 ,      93.959082
 159.00 ,     100.589966
 180.00 ,     104.745969
lambdaSRG= 2.236 lambdaCut= 500 onebody, Odelta2
----------------------------------------
  theta |  Cross Section
   1.00 ,     253.269728
  40.00 ,     183.684136
  55.00 ,     142.610944
  75.00 ,     100.568901
  90.00 ,      84.232520
 110.00 ,      81.001946
 125.00 ,      87.455733
 145.00 ,      99.679549
 159.00 ,     106.799769
 180.00 ,     111.263081


Gerry experimental Data
  theta |        val |  uncertainty
----------------------------------------
  40.00 | 203.000000 |    20.591260
  55.00 | 147.000000 |    13.038405
  75.00 | 140.000000 |    13.892444
  90.00 | 159.000000 |    15.264338
 110.00 | 146.000000 |    21.189620
 145.00 | 167.000000 |    19.697716
 159.00 | 172.000000 |    15.000000
AlphaOffset= 2
BetaOffset= -2
