lambdaSRG= 1.88 lambdaCut= 450 onebody, Odelta3
----------------------------------------
  theta |  Cross Section
   1.00 ,     316.732821
  40.00 ,     240.290498
  55.00 ,     194.914890
  75.00 ,     150.414570
  90.00 ,     137.606340
 110.00 ,     147.980366
 125.00 ,     169.742742
 145.00 ,     203.594634
 159.00 ,     222.647085
 180.00 ,     234.563166
lambdaSRG= 1.88 lambdaCut= 500 onebody, Odelta3
----------------------------------------
  theta |  Cross Section
   1.00 ,     330.840196
  40.00 ,     251.129849
  55.00 ,     203.772446
  75.00 ,     157.290182
  90.00 ,     143.913401
 110.00 ,     154.834061
 125.00 ,     177.711051
 145.00 ,     213.325155
 159.00 ,     233.384310
 180.00 ,     245.935079
lambdaSRG= 2.236 lambdaCut= 450 onebody, Odelta3
----------------------------------------
  theta |  Cross Section
   1.00 ,     311.194521
  40.00 ,     236.488423
  55.00 ,     192.097844
  75.00 ,     148.581650
  90.00 ,     136.190212
 110.00 ,     146.826489
 125.00 ,     168.697935
 145.00 ,     202.686082
 159.00 ,     221.825635
 180.00 ,     233.802065
lambdaSRG= 2.236 lambdaCut= 500 onebody, Odelta3
----------------------------------------
  theta |  Cross Section
   1.00 ,     324.708113
  40.00 ,     246.899536
  55.00 ,     200.622261
  75.00 ,     155.216964
  90.00 ,     142.289557
 110.00 ,     153.474554
 125.00 ,     176.445176
 145.00 ,     212.171051
 159.00 ,     232.304416
 180.00 ,     244.907920


Gerry experimental Data
  theta |        val |  uncertainty
----------------------------------------
  40.00 | 196.000000 |    11.661904
  55.00 | 176.000000 |    10.000000
  75.00 | 125.000000 |     8.062258
  90.00 | 135.000000 |     8.062258
 110.00 | 138.000000 |     9.433981
 125.00 | 177.000000 |    10.816654
 145.00 | 178.000000 |    10.816654
 159.00 | 193.000000 |    10.000000
AlphaOffset= 0
BetaOffset= 2
