lambdaSRG= 1.88 lambdaCut= 450 onebody, Odelta3
----------------------------------------
  theta |  Cross Section
   1.00 ,     212.592496
  40.00 ,     155.849325
  55.00 ,     124.299571
  75.00 ,      95.793500
  90.00 ,      88.736588
 110.00 ,      95.343103
 125.00 ,     106.998330
 145.00 ,     123.560872
 159.00 ,     132.318497
 180.00 ,     137.626472
lambdaSRG= 1.88 lambdaCut= 500 onebody, Odelta3
----------------------------------------
  theta |  Cross Section
   1.00 ,     223.946543
  40.00 ,     164.296422
  55.00 ,     131.059979
  75.00 ,     100.946271
  90.00 ,      93.446340
 110.00 ,     100.409702
 125.00 ,     112.777428
 145.00 ,     130.409015
 159.00 ,     139.752369
 180.00 ,     145.421835
lambdaSRG= 2.236 lambdaCut= 450 onebody, Odelta3
----------------------------------------
  theta |  Cross Section
   1.00 ,     207.900481
  40.00 ,     152.922500
  55.00 ,     122.315262
  75.00 ,      94.732502
  90.00 ,      88.120902
 110.00 ,      95.173201
 125.00 ,     107.145494
 145.00 ,     124.113228
 159.00 ,     133.091799
 180.00 ,     138.538381
lambdaSRG= 2.236 lambdaCut= 500 onebody, Odelta3
----------------------------------------
  theta |  Cross Section
   1.00 ,     218.713759
  40.00 ,     161.005801
  55.00 ,     128.807164
  75.00 ,      99.705564
  90.00 ,      92.684627
 110.00 ,     100.110327
 125.00 ,     112.798701
 145.00 ,     130.838681
 159.00 ,     140.405380
 180.00 ,     146.215152


Gerry experimental Data
  theta |        val |  uncertainty
----------------------------------------
  40.00 | 203.000000 |    20.591260
  55.00 | 147.000000 |    13.038405
  75.00 | 140.000000 |    13.892444
  90.00 | 159.000000 |    15.264338
 110.00 | 146.000000 |    21.189620
 145.00 | 167.000000 |    19.697716
 159.00 | 172.000000 |    15.000000
AlphaOffset= 0
BetaOffset= 2
