lambdaSRG= 1.88 lambdaCut= 450 onebody, Odelta3
----------------------------------------
  theta |  Cross Section
   1.00 ,     329.176162
  40.00 ,     248.935532
  55.00 ,     200.264550
  75.00 ,     150.155605
  90.00 ,     132.620501
 110.00 ,     136.711674
 125.00 ,     154.255927
 145.00 ,     183.707808
 159.00 ,     200.744796
 180.00 ,     211.502787
lambdaSRG= 1.88 lambdaCut= 500 onebody, Odelta3
----------------------------------------
  theta |  Cross Section
   1.00 ,     343.558050
  40.00 ,     259.972137
  55.00 ,     209.248028
  75.00 ,     157.027422
  90.00 ,     138.806801
 110.00 ,     143.278670
 125.00 ,     161.819445
 145.00 ,     192.904507
 159.00 ,     210.887051
 180.00 ,     222.244002
lambdaSRG= 2.236 lambdaCut= 450 onebody, Odelta3
----------------------------------------
  theta |  Cross Section
   1.00 ,     323.529132
  40.00 ,     245.074471
  55.00 ,     197.419538
  75.00 ,     148.324201
  90.00 ,     131.209402
 110.00 ,     135.538438
 125.00 ,     153.156893
 145.00 ,     182.692556
 159.00 ,     199.786995
 180.00 ,     210.586666
lambdaSRG= 2.236 lambdaCut= 500 onebody, Odelta3
----------------------------------------
  theta |  Cross Section
   1.00 ,     337.308136
  40.00 ,     255.677274
  55.00 ,     206.066888
  75.00 ,     154.956137
  90.00 ,     137.190369
 110.00 ,     141.903557
 125.00 ,     160.503212
 145.00 ,     191.647000
 159.00 ,     209.673601
 180.00 ,     221.064258


Gerry experimental Data
  theta |        val |  uncertainty
----------------------------------------
  40.00 | 196.000000 |    11.661904
  55.00 | 176.000000 |    10.000000
  75.00 | 125.000000 |     8.062258
  90.00 | 135.000000 |     8.062258
 110.00 | 138.000000 |     9.433981
 125.00 | 177.000000 |    10.816654
 145.00 | 178.000000 |    10.816654
 159.00 | 193.000000 |    10.000000
AlphaOffset= 2
BetaOffset= -2
