lambdaSRG= 1.88 lambdaCut= 450 onebody, Odelta2
----------------------------------------
  theta |  Cross Section
   1.00 ,     246.638707
  40.00 ,     179.191531
  55.00 ,     141.154062
  75.00 ,     105.373593
  90.00 ,      94.578473
 110.00 ,      98.317926
 125.00 ,     108.940339
 145.00 ,     124.938850
 159.00 ,     133.569422
 180.00 ,     138.834562
lambdaSRG= 1.88 lambdaCut= 500 onebody, Odelta2
----------------------------------------
  theta |  Cross Section
   1.00 ,     258.888244
  40.00 ,     188.293151
  55.00 ,     148.410359
  75.00 ,     110.828451
  90.00 ,      99.481207
 110.00 ,     103.486850
 125.00 ,     114.786821
 145.00 ,     131.834675
 159.00 ,     141.046612
 180.00 ,     146.671878
lambdaSRG= 2.236 lambdaCut= 450 onebody, Odelta2
----------------------------------------
  theta |  Cross Section
   1.00 ,     241.591577
  40.00 ,     176.114057
  55.00 ,     139.114822
  75.00 ,     104.329971
  90.00 ,      93.996924
 110.00 ,      98.180650
 125.00 ,     109.115267
 145.00 ,     125.515592
 159.00 ,     134.366794
 180.00 ,     139.770788
lambdaSRG= 2.236 lambdaCut= 500 onebody, Odelta2
----------------------------------------
  theta |  Cross Section
   1.00 ,     253.269728
  40.00 ,     184.835749
  55.00 ,     146.093875
  75.00 ,     109.602862
  90.00 ,      98.753610
 110.00 ,     103.220968
 125.00 ,     114.836762
 145.00 ,     132.289555
 159.00 ,     141.724502
 180.00 ,     147.490323


Gerry experimental Data
  theta |        val |  uncertainty
----------------------------------------
  40.00 | 203.000000 |    20.591260
  55.00 | 147.000000 |    13.038405
  75.00 | 140.000000 |    13.892444
  90.00 | 159.000000 |    15.264338
 110.00 | 146.000000 |    21.189620
 145.00 | 167.000000 |    19.697716
 159.00 | 172.000000 |    15.000000
AlphaOffset= -2
BetaOffset= 2
