lambdaSRG= 1.88 lambdaCut= 450 onebody, Odelta0
----------------------------------------
  theta |  Cross Section
   1.00 ,     429.767785
  40.00 ,     320.868316
  55.00 ,     255.355572
  75.00 ,     188.036786
  90.00 ,     163.706611
 110.00 ,     165.963614
 125.00 ,     185.452511
 145.00 ,     218.775981
 159.00 ,     238.044005
 180.00 ,     250.183448
lambdaSRG= 1.88 lambdaCut= 500 onebody, Odelta0
----------------------------------------
  theta |  Cross Section
   1.00 ,     446.220187
  40.00 ,     333.463281
  55.00 ,     265.585088
  75.00 ,     195.827007
  90.00 ,     170.684682
 110.00 ,     173.309740
 125.00 ,     193.863237
 145.00 ,     228.941229
 159.00 ,     249.224335
 180.00 ,     262.006038
lambdaSRG= 2.236 lambdaCut= 450 onebody, Odelta0
----------------------------------------
  theta |  Cross Section
   1.00 ,     423.325650
  40.00 ,     316.592156
  55.00 ,     252.289342
  75.00 ,     186.158770
  90.00 ,     162.322039
 110.00 ,     164.885107
 125.00 ,     184.500860
 145.00 ,     217.981767
 159.00 ,     237.349272
 180.00 ,     249.557161
lambdaSRG= 2.236 lambdaCut= 500 onebody, Odelta0
----------------------------------------
  theta |  Cross Section
   1.00 ,     439.109083
  40.00 ,     328.713880
  55.00 ,     262.157647
  75.00 ,     193.697553
  90.00 ,     169.088570
 110.00 ,     172.026319
 125.00 ,     192.692620
 145.00 ,     227.904454
 159.00 ,     248.274515
 180.00 ,     261.117268


Gerry experimental Data
  theta |        val |  uncertainty
----------------------------------------
  40.00 | 196.000000 |    11.661904
  55.00 | 176.000000 |    10.000000
  75.00 | 125.000000 |     8.062258
  90.00 | 135.000000 |     8.062258
 110.00 | 138.000000 |     9.433981
 125.00 | 177.000000 |    10.816654
 145.00 | 178.000000 |    10.816654
 159.00 | 193.000000 |    10.000000
AlphaOffset= 2
BetaOffset= -2
