lambdaSRG= 1.88 lambdaCut= 450 onebody, Odelta2
----------------------------------------
  theta |  Cross Section
   1.00 ,     345.406778
  40.00 ,     260.872225
  55.00 ,     209.489197
  75.00 ,     156.276544
  90.00 ,     137.205294
 110.00 ,     140.363589
 125.00 ,     157.833970
 145.00 ,     187.589239
 159.00 ,     204.877838
 180.00 ,     215.809516
lambdaSRG= 1.88 lambdaCut= 500 onebody, Odelta2
----------------------------------------
  theta |  Cross Section
   1.00 ,     360.142123
  40.00 ,     272.179426
  55.00 ,     218.688787
  75.00 ,     163.299598
  90.00 ,     143.509638
 110.00 ,     147.028874
 125.00 ,     165.495853
 145.00 ,     196.894518
 159.00 ,     215.136579
 180.00 ,     226.672639
lambdaSRG= 2.236 lambdaCut= 450 onebody, Odelta2
----------------------------------------
  theta |  Cross Section
   1.00 ,     339.623554
  40.00 ,     256.935128
  55.00 ,     206.600596
  75.00 ,     154.432244
  90.00 ,     135.793843
 110.00 ,     139.198962
 125.00 ,     156.748852
 145.00 ,     186.595405
 159.00 ,     203.946060
 180.00 ,     214.922486
lambdaSRG= 2.236 lambdaCut= 500 onebody, Odelta2
----------------------------------------
  theta |  Cross Section
   1.00 ,     353.744684
  40.00 ,     267.801360
  55.00 ,     215.459264
  75.00 ,     161.213020
  90.00 ,     141.891493
 110.00 ,     145.661634
 125.00 ,     164.192991
 145.00 ,     195.658031
 159.00 ,     213.948833
 180.00 ,     225.521723


Gerry experimental Data
  theta |        val |  uncertainty
----------------------------------------
  40.00 | 196.000000 |    11.661904
  55.00 | 176.000000 |    10.000000
  75.00 | 125.000000 |     8.062258
  90.00 | 135.000000 |     8.062258
 110.00 | 138.000000 |     9.433981
 125.00 | 177.000000 |    10.816654
 145.00 | 178.000000 |    10.816654
 159.00 | 193.000000 |    10.000000
AlphaOffset= 0
BetaOffset= -2
