lambdaSRG= 1.88 lambdaCut= 450 onebody, Odelta3
----------------------------------------
  theta |  Cross Section
   1.00 ,     255.773831
  40.00 ,     185.120662
  55.00 ,     144.029385
  75.00 ,     103.003332
  90.00 ,      88.016080
 110.00 ,      86.738146
 125.00 ,      94.410610
 145.00 ,     107.715557
 159.00 ,     115.246023
 180.00 ,     119.917362
lambdaSRG= 1.88 lambdaCut= 500 onebody, Odelta3
----------------------------------------
  theta |  Cross Section
   1.00 ,     268.235314
  40.00 ,     194.362227
  55.00 ,     151.352044
  75.00 ,     108.386124
  90.00 ,      92.724206
 110.00 ,      91.549325
 125.00 ,      99.793001
 145.00 ,     114.041201
 159.00 ,     122.106531
 180.00 ,     127.111938
lambdaSRG= 2.236 lambdaCut= 450 onebody, Odelta3
----------------------------------------
  theta |  Cross Section
   1.00 ,     250.623239
  40.00 ,     181.994343
  55.00 ,     141.970899
  75.00 ,     101.949574
  90.00 ,      87.394729
 110.00 ,      86.477744
 125.00 ,      94.384078
 145.00 ,     107.994582
 159.00 ,     115.697689
 180.00 ,     120.479407
lambdaSRG= 2.236 lambdaCut= 500 onebody, Odelta3
----------------------------------------
  theta |  Cross Section
   1.00 ,     262.504103
  40.00 ,     190.850459
  55.00 ,     149.013519
  75.00 ,     107.150619
  90.00 ,      91.957889
 110.00 ,      91.160393
 125.00 ,      99.639728
 145.00 ,     114.193924
 159.00 ,     122.432822
 180.00 ,     127.549425


Gerry experimental Data
  theta |        val |  uncertainty
----------------------------------------
  40.00 | 203.000000 |    20.591260
  55.00 | 147.000000 |    13.038405
  75.00 | 140.000000 |    13.892444
  90.00 | 159.000000 |    15.264338
 110.00 | 146.000000 |    21.189620
 145.00 | 167.000000 |    19.697716
 159.00 | 172.000000 |    15.000000
AlphaOffset= 0
BetaOffset= -2
