lambdaSRG= 1.88 lambdaCut= 450 onebody, Odelta3
----------------------------------------
  theta |  Cross Section
   1.00 ,     304.530373
  40.00 ,     231.162645
  55.00 ,     187.614996
  75.00 ,     144.942856
  90.00 ,     132.732697
 110.00 ,     142.893476
 125.00 ,     163.988381
 145.00 ,     196.764880
 159.00 ,     215.207955
 180.00 ,     226.742754
lambdaSRG= 1.88 lambdaCut= 500 onebody, Odelta3
----------------------------------------
  theta |  Cross Section
   1.00 ,     318.363235
  40.00 ,     241.790269
  55.00 ,     196.299459
  75.00 ,     151.685014
  90.00 ,     138.918842
 110.00 ,     149.618090
 125.00 ,     171.807866
 145.00 ,     206.314581
 159.00 ,     225.745928
 180.00 ,     237.903766
lambdaSRG= 2.236 lambdaCut= 450 onebody, Odelta3
----------------------------------------
  theta |  Cross Section
   1.00 ,     299.100779
  40.00 ,     227.424497
  55.00 ,     184.837692
  75.00 ,     143.125832
  90.00 ,     131.320610
 110.00 ,     141.730050
 125.00 ,     162.922442
 145.00 ,     195.818462
 159.00 ,     214.338848
 180.00 ,     225.927663
lambdaSRG= 2.236 lambdaCut= 500 onebody, Odelta3
----------------------------------------
  theta |  Cross Section
   1.00 ,     312.348958
  40.00 ,     237.629923
  55.00 ,     193.193356
  75.00 ,     149.630377
  90.00 ,     137.301037
 110.00 ,     148.250593
 125.00 ,     170.522205
 145.00 ,     205.123667
 159.00 ,     224.619251
 180.00 ,     236.823365


Gerry experimental Data
  theta |        val |  uncertainty
----------------------------------------
  40.00 | 196.000000 |    11.661904
  55.00 | 176.000000 |    10.000000
  75.00 | 125.000000 |     8.062258
  90.00 | 135.000000 |     8.062258
 110.00 | 138.000000 |     9.433981
 125.00 | 177.000000 |    10.816654
 145.00 | 178.000000 |    10.816654
 159.00 | 193.000000 |    10.000000
AlphaOffset= 2
BetaOffset= 2
