lambdaSRG= 1.88 lambdaCut= 450 onebody, Odelta2
----------------------------------------
  theta |  Cross Section
   1.00 ,     345.406778
  40.00 ,     261.201121
  55.00 ,     210.529349
  75.00 ,     159.176941
  90.00 ,     142.149920
 110.00 ,     148.533578
 125.00 ,     168.432999
 145.00 ,     200.912191
 159.00 ,     219.506959
 180.00 ,     231.204725
lambdaSRG= 1.88 lambdaCut= 500 onebody, Odelta2
----------------------------------------
  theta |  Cross Section
   1.00 ,     360.142124
  40.00 ,     272.515612
  55.00 ,     219.752597
  75.00 ,     166.268686
  90.00 ,     148.575143
 110.00 ,     155.406726
 125.00 ,     176.371605
 145.00 ,     210.574630
 159.00 ,     230.162608
 180.00 ,     242.488421
lambdaSRG= 2.236 lambdaCut= 450 onebody, Odelta2
----------------------------------------
  theta |  Cross Section
   1.00 ,     339.623554
  40.00 ,     257.261729
  55.00 ,     207.635103
  75.00 ,     157.324164
  90.00 ,     140.734066
 110.00 ,     147.383313
 125.00 ,     167.385265
 145.00 ,     199.990081
 159.00 ,     218.666486
 180.00 ,     230.421416
lambdaSRG= 2.236 lambdaCut= 500 onebody, Odelta2
----------------------------------------
  theta |  Cross Section
   1.00 ,     353.744684
  40.00 ,     268.135017
  55.00 ,     216.516760
  75.00 ,     164.172087
  90.00 ,     146.950406
 110.00 ,     154.051189
 125.00 ,     175.103510
 145.00 ,     209.407674
 159.00 ,     229.064315
 180.00 ,     241.439613


Gerry experimental Data
  theta |        val |  uncertainty
----------------------------------------
  40.00 | 196.000000 |    11.661904
  55.00 | 176.000000 |    10.000000
  75.00 | 125.000000 |     8.062258
  90.00 | 135.000000 |     8.062258
 110.00 | 138.000000 |     9.433981
 125.00 | 177.000000 |    10.816654
 145.00 | 178.000000 |    10.816654
 159.00 | 193.000000 |    10.000000
AlphaOffset= -2
BetaOffset= 0
