lambdaSRG= 1.88 lambdaCut= 450 onebody, Odelta0
----------------------------------------
  theta |  Cross Section
   1.00 ,     401.502334
  40.00 ,     300.590003
  55.00 ,     240.979601
  75.00 ,     182.136897
  90.00 ,     163.797336
 110.00 ,     172.784606
 125.00 ,     196.151624
 145.00 ,     233.057803
 159.00 ,     253.824536
 180.00 ,     266.787210
lambdaSRG= 1.88 lambdaCut= 500 onebody, Odelta0
----------------------------------------
  theta |  Cross Section
   1.00 ,     417.405721
  40.00 ,     312.774449
  55.00 ,     250.908176
  75.00 ,     189.796137
  90.00 ,     170.775196
 110.00 ,     180.290540
 125.00 ,     204.822174
 145.00 ,     243.581658
 159.00 ,     265.406970
 180.00 ,     279.036420
lambdaSRG= 2.236 lambdaCut= 450 onebody, Odelta0
----------------------------------------
  theta |  Cross Section
   1.00 ,     395.277993
  40.00 ,     296.431700
  55.00 ,     237.974614
  75.00 ,     180.268770
  90.00 ,     162.411586
 110.00 ,     171.723430
 125.00 ,     195.246356
 145.00 ,     232.351804
 159.00 ,     253.240609
 180.00 ,     266.285602
lambdaSRG= 2.236 lambdaCut= 500 onebody, Odelta0
----------------------------------------
  theta |  Cross Section
   1.00 ,     410.530643
  40.00 ,     308.154380
  55.00 ,     247.549135
  75.00 ,     187.678717
  90.00 ,     169.177516
 110.00 ,     179.022463
 125.00 ,     203.695781
 145.00 ,     242.631390
 159.00 ,     264.566642
 180.00 ,     278.271291


Gerry experimental Data
  theta |        val |  uncertainty
----------------------------------------
  40.00 | 196.000000 |    11.661904
  55.00 | 176.000000 |    10.000000
  75.00 | 125.000000 |     8.062258
  90.00 | 135.000000 |     8.062258
 110.00 | 138.000000 |     9.433981
 125.00 | 177.000000 |    10.816654
 145.00 | 178.000000 |    10.816654
 159.00 | 193.000000 |    10.000000
AlphaOffset= 2
BetaOffset= 2
