lambdaSRG= 1.88 lambdaCut= 450 onebody, Odelta2
----------------------------------------
  theta |  Cross Section
   1.00 ,     204.246394
  40.00 ,     149.295573
  55.00 ,     118.293323
  75.00 ,      89.300508
  90.00 ,      80.904913
 110.00 ,      84.912522
 125.00 ,      94.490209
 145.00 ,     108.717797
 159.00 ,     116.371204
 180.00 ,     121.038823
lambdaSRG= 1.88 lambdaCut= 500 onebody, Odelta2
----------------------------------------
  theta |  Cross Section
   1.00 ,     215.388492
  40.00 ,     157.575112
  55.00 ,     124.899102
  75.00 ,      94.280200
  90.00 ,      85.395674
 110.00 ,      89.666569
 125.00 ,      99.877452
 145.00 ,     115.080063
 159.00 ,     123.272866
 180.00 ,     128.274522
lambdaSRG= 2.236 lambdaCut= 450 onebody, Odelta2
----------------------------------------
  theta |  Cross Section
   1.00 ,     199.657764
  40.00 ,     146.427525
  55.00 ,     116.343388
  75.00 ,      88.238973
  90.00 ,      80.252359
 110.00 ,      84.635455
 125.00 ,      94.465256
 145.00 ,     109.013535
 159.00 ,     116.843299
 180.00 ,     121.622218
lambdaSRG= 2.236 lambdaCut= 500 onebody, Odelta2
----------------------------------------
  theta |  Cross Section
   1.00 ,     210.268320
  40.00 ,     154.349830
  55.00 ,     122.685995
  75.00 ,      93.043117
  90.00 ,      84.600345
 110.00 ,      89.261453
 125.00 ,      99.726187
 145.00 ,     115.250138
 159.00 ,     123.620300
 180.00 ,     128.734091


Gerry experimental Data
  theta |        val |  uncertainty
----------------------------------------
  40.00 | 203.000000 |    20.591260
  55.00 | 147.000000 |    13.038405
  75.00 | 140.000000 |    13.892444
  90.00 | 159.000000 |    15.264338
 110.00 | 146.000000 |    21.189620
 145.00 | 167.000000 |    19.697716
 159.00 | 172.000000 |    15.000000
AlphaOffset= 2
BetaOffset= 2
