lambdaSRG= 1.88 lambdaCut= 450 onebody, Odelta3
----------------------------------------
  theta |  Cross Section
   1.00 ,     354.785527
  40.00 ,     268.057664
  55.00 ,     215.491751
  75.00 ,     161.401979
  90.00 ,     142.457231
 110.00 ,     146.754469
 125.00 ,     165.518197
 145.00 ,     197.023612
 159.00 ,     215.241871
 180.00 ,     226.742754
lambdaSRG= 1.88 lambdaCut= 500 onebody, Odelta3
----------------------------------------
  theta |  Cross Section
   1.00 ,     369.716439
  40.00 ,     279.518254
  55.00 ,     224.822114
  75.00 ,     168.541286
  90.00 ,     148.885595
 110.00 ,     153.579176
 125.00 ,     173.378380
 145.00 ,     206.580381
 159.00 ,     225.780781
 180.00 ,     237.903766
lambdaSRG= 2.236 lambdaCut= 450 onebody, Odelta3
----------------------------------------
  theta |  Cross Section
   1.00 ,     348.920966
  40.00 ,     264.070496
  55.00 ,     212.569603
  75.00 ,     159.540761
  90.00 ,     141.038839
 110.00 ,     145.598790
 125.00 ,     164.458040
 145.00 ,     196.078654
 159.00 ,     214.372985
 180.00 ,     225.927663
lambdaSRG= 2.236 lambdaCut= 500 onebody, Odelta3
----------------------------------------
  theta |  Cross Section
   1.00 ,     363.230783
  40.00 ,     275.085249
  55.00 ,     221.555222
  75.00 ,     166.434874
  90.00 ,     147.257894
 110.00 ,     152.218459
 125.00 ,     172.098240
 145.00 ,     205.390904
 159.00 ,     224.654323
 180.00 ,     236.823365


Gerry experimental Data
  theta |        val |  uncertainty
----------------------------------------
  40.00 | 196.000000 |    11.661904
  55.00 | 176.000000 |    10.000000
  75.00 | 125.000000 |     8.062258
  90.00 | 135.000000 |     8.062258
 110.00 | 138.000000 |     9.433981
 125.00 | 177.000000 |    10.816654
 145.00 | 178.000000 |    10.816654
 159.00 | 193.000000 |    10.000000
AlphaOffset= -2
BetaOffset= -2
