lambdaSRG= 1.88 lambdaCut= 450 onebody, Odelta0
----------------------------------------
  theta |  Cross Section
   1.00 ,     444.261851
  40.00 ,     331.637225
  55.00 ,     263.896168
  75.00 ,     194.301311
  90.00 ,     169.152393
 110.00 ,     171.475772
 125.00 ,     191.598507
 145.00 ,     226.000575
 159.00 ,     245.889177
 180.00 ,     258.418519
lambdaSRG= 1.88 lambdaCut= 500 onebody, Odelta0
----------------------------------------
  theta |  Cross Section
   1.00 ,     460.988759
  40.00 ,     344.444924
  55.00 ,     274.300161
  75.00 ,     202.226511
  90.00 ,     176.252856
 110.00 ,     178.952435
 125.00 ,     200.159620
 145.00 ,     236.348452
 159.00 ,     257.270727
 180.00 ,     270.454086
lambdaSRG= 2.236 lambdaCut= 450 onebody, Odelta0
----------------------------------------
  theta |  Cross Section
   1.00 ,     437.710784
  40.00 ,     327.300448
  55.00 ,     260.794841
  75.00 ,     192.412581
  90.00 ,     167.768819
 110.00 ,     170.411819
 125.00 ,     190.673373
 145.00 ,     225.250476
 159.00 ,     245.248916
 180.00 ,     257.853414
lambdaSRG= 2.236 lambdaCut= 500 onebody, Odelta0
----------------------------------------
  theta |  Cross Section
   1.00 ,     453.759605
  40.00 ,     339.628951
  55.00 ,     270.833407
  75.00 ,     200.083801
  90.00 ,     174.655880
 110.00 ,     177.682146
 125.00 ,     199.014321
 145.00 ,     235.354905
 159.00 ,     256.374692
 180.00 ,     269.625946


Gerry experimental Data
  theta |        val |  uncertainty
----------------------------------------
  40.00 | 196.000000 |    11.661904
  55.00 | 176.000000 |    10.000000
  75.00 | 125.000000 |     8.062258
  90.00 | 135.000000 |     8.062258
 110.00 | 138.000000 |     9.433981
 125.00 | 177.000000 |    10.816654
 145.00 | 178.000000 |    10.816654
 159.00 | 193.000000 |    10.000000
AlphaOffset= 0
BetaOffset= -2
