lambdaSRG= 1.88 lambdaCut= 450 onebody, Odelta0
----------------------------------------
  theta |  Cross Section
   1.00 ,     444.261851
  40.00 ,     332.011967
  55.00 ,     265.075978
  75.00 ,     197.567442
  90.00 ,     174.688259
 110.00 ,     180.554280
 125.00 ,     203.317767
 145.00 ,     240.655570
 159.00 ,     261.942671
 180.00 ,     275.289518
lambdaSRG= 1.88 lambdaCut= 500 onebody, Odelta0
----------------------------------------
  theta |  Cross Section
   1.00 ,     460.988759
  40.00 ,     344.826984
  55.00 ,     275.503785
  75.00 ,     205.562037
  90.00 ,     181.911124
 110.00 ,     188.241917
 125.00 ,     212.160070
 145.00 ,     251.366702
 159.00 ,     273.728034
 180.00 ,     287.753042
lambdaSRG= 2.236 lambdaCut= 450 onebody, Odelta0
----------------------------------------
  theta |  Cross Section
   1.00 ,     437.710784
  40.00 ,     327.672988
  55.00 ,     261.969529
  75.00 ,     195.672626
  90.00 ,     173.305488
 110.00 ,     179.515378
 125.00 ,     202.445415
 145.00 ,     239.998273
 159.00 ,     261.417623
 180.00 ,     274.853726
lambdaSRG= 2.236 lambdaCut= 500 onebody, Odelta0
----------------------------------------
  theta |  Cross Section
   1.00 ,     453.759605
  40.00 ,     340.008577
  55.00 ,     272.031254
  75.00 ,     203.411762
  90.00 ,     180.312907
 110.00 ,     186.994315
 125.00 ,     211.065361
 145.00 ,     250.464345
 159.00 ,     272.946016
 180.00 ,     287.053305


Gerry experimental Data
  theta |        val |  uncertainty
----------------------------------------
  40.00 | 196.000000 |    11.661904
  55.00 | 176.000000 |    10.000000
  75.00 | 125.000000 |     8.062258
  90.00 | 135.000000 |     8.062258
 110.00 | 138.000000 |     9.433981
 125.00 | 177.000000 |    10.816654
 145.00 | 178.000000 |    10.816654
 159.00 | 193.000000 |    10.000000
AlphaOffset= -2
BetaOffset= 0
