lambdaSRG= 1.88 lambdaCut= 450 onebody, Odelta2
----------------------------------------
  theta |  Cross Section
   1.00 ,     246.638707
  40.00 ,     178.601587
  55.00 ,     139.378770
  75.00 ,     100.805353
  90.00 ,      87.281767
 110.00 ,      87.242625
 125.00 ,      95.363721
 145.00 ,     108.857204
 159.00 ,     116.388995
 180.00 ,     121.038823
lambdaSRG= 1.88 lambdaCut= 500 onebody, Odelta2
----------------------------------------
  theta |  Cross Section
   1.00 ,     258.888243
  40.00 ,     187.689051
  55.00 ,     146.590458
  75.00 ,     106.137109
  90.00 ,      91.977190
 110.00 ,      92.075928
 125.00 ,     100.781781
 145.00 ,     115.224572
 159.00 ,     123.291319
 180.00 ,     128.274522
lambdaSRG= 2.236 lambdaCut= 450 onebody, Odelta2
----------------------------------------
  theta |  Cross Section
   1.00 ,     241.591577
  40.00 ,     175.527904
  55.00 ,     137.345473
  75.00 ,      99.754576
  90.00 ,      86.660109
 110.00 ,      86.988551
 125.00 ,      95.350280
 145.00 ,     109.155259
 159.00 ,     116.861414
 180.00 ,     121.622218
lambdaSRG= 2.236 lambdaCut= 500 onebody, Odelta2
----------------------------------------
  theta |  Cross Section
   1.00 ,     253.269728
  40.00 ,     184.235930
  55.00 ,     144.281142
  75.00 ,     104.906506
  90.00 ,      91.211603
 110.00 ,      91.693953
 125.00 ,     100.642223
 145.00 ,     115.397019
 159.00 ,     123.639085
 180.00 ,     128.734091


Gerry experimental Data
  theta |        val |  uncertainty
----------------------------------------
  40.00 | 203.000000 |    20.591260
  55.00 | 147.000000 |    13.038405
  75.00 | 140.000000 |    13.892444
  90.00 | 159.000000 |    15.264338
 110.00 | 146.000000 |    21.189620
 145.00 | 167.000000 |    19.697716
 159.00 | 172.000000 |    15.000000
AlphaOffset= 0
BetaOffset= 0
