omega theta srgVal LambdaNN Ntotmax omegaH kind
   60    40  2.236      400      14     14  one
   60    40  2.236      400      14     14  two
   60    55  2.236      400      14     14  one
   60    55  2.236      400      14     14  two
   60    75  2.236      400      14     14  one
   60    75  2.236      400      14     14  two
   60    90  2.236      400      14     14  one
   60    90  2.236      400      14     14  two
   60   110  2.236      400      14     14  one
   60   110  2.236      400      14     14  two
   60   125  2.236      400      14     14  one
   60   125  2.236      400      14     14  two
   60   145  2.236      400      14     14  one
   60   145  2.236      400      14     14  two
   60   159  2.236      400      14     14  one
   60   159  2.236      400      14     14  two
   60    40  2.236      450      14     14  one
   60    40  2.236      450      14     14  two
   60    55  2.236      450      14     14  one
   60    55  2.236      450      14     14  two
   60    75  2.236      450      14     14  one
   60    75  2.236      450      14     14  two
   60    90  2.236      450      14     14  one
   60    90  2.236      450      14     14  two
   60   110  2.236      450      14     14  one
   60   110  2.236      450      14     14  two
   60   125  2.236      450      14     14  one
   60   125  2.236      450      14     14  two
   60   145  2.236      450      14     14  one
   60   145  2.236      450      14     14  two
   60   159  2.236      450      14     14  one
   60   159  2.236      450      14     14  two
   60    40  2.236      550      14     14  one
   60    40  2.236      550      14     14  two
   60    55  2.236      550      14     14  one
   60    55  2.236      550      14     14  two
   60    75  2.236      550      14     14  one
   60    75  2.236      550      14     14  two
   60    90  2.236      550      14     14  one
   60    90  2.236      550      14     14  two
   60   110  2.236      550      14     14  one
   60   110  2.236      550      14     14  two
   60   125  2.236      550      14     14  one
   60   125  2.236      550      14     14  two
   60   145  2.236      550      14     14  one
   60   145  2.236      550      14     14  two
   60   159  2.236      550      14     14  one
   60   159  2.236      550      14     14  two