1076.	-0.0015711542204907697
1076.5	-0.002593501756512854
1077.	-0.0036245899124131573
1077.5	-0.0046679060932335575
1078.	-0.0057269377040159285
1078.5	-0.0068051721498021455
1079.	-0.007906096835634084
1079.5	-0.009033199166553619
1080.	-0.010189966547602625
1080.5	-0.011379886383822977
1081.	-0.012606446080256552
1081.5	-0.013873133041945224
1082.	-0.015183434673930869
1082.5	-0.016547179189470438
1083.	-0.017958976862104698
1083.5	-0.019419778773589493
1084.	-0.02093053600568067
1084.5	-0.022493788350762736
1085.	-0.0241082626957114
1085.5	-0.025774274638031048
1086.	-0.027492139775226056
1086.5	-0.029262715147631388
1087.	-0.0310855583327886
1087.5	-0.03296076835106984
1088.	-0.034888444222847245
1088.5	-0.036868881423798
1089.	-0.0389019039368672
1089.5	-0.04098753220030497
1090.	-0.043125786652361435
1090.5	-0.045316747313440084
1091.	-0.04756035120677634
1091.5	-0.04985659493775899
1092.	-0.052205475111776825
1092.5	-0.05460698243346788
1093.	-0.05706112176927197
1093.5	-0.0595678920848782
1094.	-0.06212729234597564
1094.5	-0.0647392853036958
1095.	-0.06740392062410835
1095.5	-0.07012121175872543
1096.	-0.07289117215905913
1096.5	-0.07571376273263535
1097.	-0.07858907049254689
1097.5	-0.08151712990790035
1098.	-0.08449797544780231
1098.5	-0.08753158065998809
1099.	-0.09061806530348407
1099.5	-0.09375748821594537
1100.	-0.09694990823502711
1100.5	-0.10019531901202192
1101.	-0.10349387064549236
1101.5	-0.10684564804763852
1102.	-0.1102507361306605
1102.5	-0.11370915275506217
1103.	-0.11722107670541833
1103.5	-0.12078661971460754
1104.	-0.12440589351550838
1104.5	-0.12807894229495106
1105.	-0.13180597235028188
1105.5	-0.13558712243279872
1106.	-0.1394225312937995
1106.5	-0.14331227052030218
1107.	-0.14725657289359662
1107.5	-0.1512556040306927
1108.	-0.1553095295486003
1108.5	-0.15941844887479895
1109.	-0.16358262029164108
1109.5	-0.16780223589194881
1110.	-0.17207748776854415
1110.5	-0.1764085032521075
1111.	-0.18079556510245928
1111.5	-0.18523889131727822
1112.	-0.18973869989424308
1112.5	-0.1942951458936229
1113.	-0.19890853542546996
1113.5	-0.20357911166242687
1114.	-0.20830711777713626
1114.5	-0.21309273622726688
1115.	-0.2179362951864247
1115.5	-0.2228380621132419
1116.	-0.22779830446635055
1116.5	-0.23281723164944565
1117.	-0.2378951923980714
1117.5	-0.2430324773928348
1118.	-0.24822937731434289
1118.5	-0.2534861279565801
1119.	-0.25880309684142505
1119.5	-0.2641805966041338
1120.	-0.2696189398799623
1120.5	-0.2751183881912608
1121.	-0.2806793257313535
1121.5	-0.28630208558065895
1122.	-0.29198700081959544
1122.5	-0.2977343579166232
1123.	-0.3035445552089023
1123.5	-0.30941794442163423
1124.	-0.31535487728002076
1124.5	-0.3213556642720056
1125.	-0.3274207148549517
1125.5	-0.33355039724896396
1126.	-0.3397450796741473
1126.5	-0.3460050955341134
1127.	-0.3523308617920577
1127.5	-0.3587227605946824
1128.	-0.36518117408868966
1128.5	-0.37170645727111257
1129.	-0.3782990302981902
1129.5	-0.38495928617649233
1130.	-0.3916876179125889
1130.5	-0.3984844005063135
1131.	-0.4053500521736668
1131.5	-0.41228497312391316
1132.	-0.41928956356631686
1132.5	-0.42636421658531953
1133.	-0.4335093423649374
1133.5	-0.44072534396436386
1134.	-0.4480126244427925
1134.5	-0.455371592654054
1135.	-0.46280264354484973
1135.5	-0.47030617785651807
1136.	-0.4778825963303976
1136.5	-0.4855323207965692
1137.	-0.4932557224721322
1137.5	-0.501053193662928
1138.	-0.5089251266747982
1138.5	-0.5168719529492244
1139.	-0.5248940100021522
1139.5	-0.532991674485167
1140.	-0.5411653230498545
1140.5	-0.5494153927042467
1141.	-0.557742175600904
1141.5	-0.5661460242488335
1142.	-0.5746272911570423
1142.5	-0.5831864140506022
1143.	-0.5918236261360292
1143.5	-0.6005392458359042
1144.	-0.6093335915728081
1144.5	-0.6182070959917658
1145.	-0.6271599176039366
1145.5	-0.6361923291429237
1146.	-0.6453046033423302
1146.5	-0.6544971608592481
1147.	-0.6637700673343966
1147.5	-0.6731235363319833
1148.	-0.682557781416216
1148.5	-0.6920732030520679
1149.	-0.7016697531426752
1149.5	-0.7113475704919395
1150.	-0.7211067939037625
1150.5	-0.7309477939408852
1151.	-0.7408703849448339
1151.5	-0.7508746130159748
1152.	-0.7609605242546736
1152.5	-0.7711284478701774
1153.	-0.7813780336104184
1153.5	-0.7917092143322101
1154.	-0.802121922892366
1154.5	-0.8126164336925323
1155.	-0.8231922014267565
1155.5	-0.8338490223339189
1156.	-0.8445866926528995
1156.5	-0.8554054162327275
1157.	-0.8663044186580748
1157.5	-0.8772833331237624
1158.	-0.8883417928246112
1158.5	-0.8994799127091334
1159.	-0.9106966515169818
1159.5	-0.9219914497415007
1160.	-0.9333637478760344
1160.5	-0.9448135506825043
1161.	-0.9563395086782467
1161.5	-0.9679408366491751
1162.	-0.9796167493812027
1162.5	-0.9913671168831597
1163.	-1.0031902366288763
1163.5	-1.0150850613150992
1164.	-1.027050543638575
1164.5	-1.0390863906540544
1165.	-1.0511904989570788
1165.5	-1.063361519501194
1166.	-1.075598103239945
1166.5	-1.0878997621103406
1167.	-1.1002639416890776
1167.5	-1.1126889485363163
1168.	-1.1251730892122167
1168.5	-1.137715644115409
1169.	-1.1503135564321958
1169.5	-1.1629647431873487
1170.	-1.17566712140564
1170.5	-1.1884196990544331
1171.	-1.2012188658388727
1171.5	-1.2140621024066942
1172.	-1.2269468894056335
1172.5	-1.2398719169137276
1173.	-1.2528329723762903
1173.5	-1.265827052668937
1174.	-1.2788511546672825
1174.5	-1.2919036006288924
1175.	-1.3049795318946518
1175.5	-1.3180754151873948
1176.	-1.331187717229957
1176.5	-1.344314338410342
1177.	-1.3574497383201485
1177.5	-1.370589810216144
1178.	-1.3837304473550964
1178.5	-1.3968690708015827
1179.	-1.4099994348814373
1179.5	-1.4231168217283034
1180.	-1.4362165134758254
1180.5	-1.4492953921918095
1181.	-1.4623465001020715
1181.5	-1.4753644793665897
1182.	-1.4883439721453424
1182.5	-1.501281261392797
1183.	-1.5141686921566477
1183.5	-1.5270002502790778
1184.	-1.53976992160227
1184.5	-1.5524733319141262
1185.	-1.565102171132823
1185.5	-1.5776497691222566
1186.	-1.5901094557463225
1186.5	-1.6024761469789657
1187.	-1.6147409521300127
1187.5	-1.626896566619339
1188.	-1.6389356858668203
1188.5	-1.6508524730673453
1189.	-1.6626375687557722
1189.5	-1.674283081241971
1190.	-1.6857811188358127
1190.5	-1.6971250638985216
1191.	-1.7083052410680732
1191.5	-1.7193132490337966
1192.	-1.7301406864850208
1192.5	-1.740780147912305
1193.	-1.7512218378832567
1193.5	-1.7614569567667129
1194.	-1.7714767049315105
1194.5	-1.7812729097462345
1195.	-1.7908358937800755
1195.5	-1.800156606601972
1196.	-1.8092259977808622
1196.5	-1.8180351831275214
1197.	-1.826574879472316
1197.5	-1.8348359698874497
1198.	-1.8428093374451262
1198.5	-1.8504854834601123
1199.	-1.8578558254650226
1199.5	-1.8649113992350355
1200.	-1.8716432405453292
1200.5	-1.878041380287792
1201.	-1.8840982610742074
1201.5	-1.88980532063307
1202.	-1.8951539966928737
1202.5	-1.900134044158389
1203.	-1.9047392567113226
1203.5	-1.9089617452096581
1204.	-1.912793620511379
1204.5	-1.9162246064471458
1205.	-1.9192501557131938
1205.5	-1.9218633339784355
1206.	-1.9240572069117836
1206.5	-1.9258217585322397
1207.	-1.9271543688185915
1207.5	-1.9280493360997157
1208.	-1.9285009587044892
1208.5	-1.9284998093437642
1209.	-1.928045402211652
1209.5	-1.9271335258842386
1210.	-1.9257599689376113
1210.5	-1.9239162441757074
1211.	-1.9216041262556218
1211.5	-1.9188211140623008
1212.	-1.9155647064806907
1212.5	-1.9118277115500295
1213.	-1.9076141953392542
1213.5	-1.9029235330715943
1214.	-1.8977550999702788
1214.5	-1.8921033354301853
1215.	-1.8859745248342354
1215.5	-1.879370017736999
1216.	-1.8722911636930455
1216.5	-1.864734326148422
1217.	-1.8567078352096305
1217.5	-1.8482150348746502
1218.	-1.8392592691414607
1218.5	-1.8298390512719838
1219.	-1.8199644882946784
1219.5	-1.8096408565019464
1220.	-1.7988734321861897
1220.5	-1.7876630174119745
1221.	-1.7760211523906726
1221.5	-1.76395490310582
1222.	-1.7514713355409526
1222.5	-1.738573579128076
1223.	-1.7252742110228692
1223.5	-1.7115818718294797
1224.	-1.6975052021520565
1224.5	-1.6830495913653016
1225.	-1.6682282317945873
1225.5	-1.65305106453584
1226.	-1.6375280306849866
1226.5	-1.6216666095048111
1227.	-1.6054801886576389
1227.5	-1.5889796939726537
1228.	-1.572176051279039
1228.5	-1.555078568989319
1229.	-1.537700437316
1229.5	-1.5200532290549282
1230.	-1.5021485170019515
1230.5	-1.4839971063602435
1231.	-1.465611644555393
1231.5	-1.4470040114203169
1232.	-1.428186086787931
1232.5	-1.4091697925256024
1233.	-1.389966949618016
1233.5	-1.3705894210843077
1234.	-1.351049069943613
1234.5	-1.331358532710691
1235.	-1.311528589510805
1235.5	-1.2915707939648424
1236.	-1.2714966996936892
1236.5	-1.2513192591011257
1237.	-1.231048067511988
1237.5	-1.210694119034005
1238.	-1.1902684077749062
1238.5	-1.1697838286146978
1239.	-1.1492487145799213
1239.5	-1.1286732994693955
1240.	-1.108067817081939
1240.5	-1.0874447740853201
1241.	-1.0668112222618273
1241.5	-1.0461764862626994
1242.	-1.0255498907391747
1242.5	-1.0049432780080925
1243.	-0.9843624479888501
1243.5	-0.9638157182664456
1244.	-0.9433114064258773
1244.5	-0.9228604750317567
1245.	-0.902467538697623
1245.5	-0.882139857016629
1246.	-0.8618846895819273
1246.5	-0.8417119656233397
1247.	-0.8216252072426824
1247.5	-0.8016306061784403
1248.	-0.7817343541690988
1248.5	-0.7619452522615684
1249.	-0.7422658391625386
1249.5	-0.7227012628871241
1250.	-0.7032566714504399
1250.5	-0.6839396954905044
1251.	-0.6647520073503673
1251.5	-0.6456977619959825
1252.	-0.6267811143933033
1252.5	-0.6080085271796525
1253.	-0.5893809245810666
1253.5	-0.5709015384949514
1254.	-0.5525736008187125
1254.5	-0.534402444400478
1255.	-0.5163883598066425
1255.5	-0.49853373855432326
1256.	-0.48084097216063704
1256.5	-0.46331432886180035
1257.	-0.44595357276819086
1257.5	-0.4287603447092857
1258.	-0.411736285514562
1258.5	-0.3948846827145418
1259.	-0.37820487175723944
1259.5	-0.36169783479171397
1260.	-0.3453645539670246
1260.5	-0.32920743149644593
1261.	-0.3132254614391355
1261.5	-0.2974190579184662
1262.	-0.28178863505781104
1262.5	-0.2663358105642895
1263.	-0.25105931354402944
1263.5	-0.23595907668690524
1264.	-0.22103503268279123
1264.5	-0.20628811614382886
1265.	-0.1917168570687186
1265.5	-0.177320787378428
1266.	-0.16309943899392454
1266.5	-0.14905316180197697
1267.	-0.1351803425714312
1267.5	-0.12148018603693417
1268.	-0.10795189693313301
1268.5	-0.09459533316539204
1269.	-0.08140878502935409
1269.5	-0.0683911959913793
1270.	-0.05554150951782777
1270.5	-0.04285917696816324
1271.	-0.030342430758400804
1271.5	-0.017990011197659146
1272.	-0.005800658595056962
1272.5	0.006226505058606016
1273.	0.018093273808564556
1273.5	0.029801060018372405
1274.	0.041351276051583286
1274.5	0.05274506074498449
1275.	0.06398420939960277
1275.5	0.07507024378969843
1276.	0.08600468568953179
1276.5	0.09678887481074619
1277.	0.10742458781526568
1277.5	0.11791341930239738
1278.	0.12825696387144836
1278.5	0.13845671039541335
1279.	0.1485144014904368
1279.5	0.15843167404635072
1280.	0.16821016495298724
1280.5	0.17785146822316694
1281.	0.1873572807745379
1281.5	0.1967292566477367
1282.	0.20596904988339992
1282.5	0.21507832263949778
1283.	0.2240587175923999
1283.5	0.23291188553580947
1284.	0.24163947726342971
1284.5	0.25024319238991727
1285.	0.2587246133596405
1285.5	0.26708537143792116
1286.	0.27532709789008114
1286.5	0.2834515046736501
1287.	0.29146011008485884
1287.5	0.29935451311214584
1288.	0.3071363127439498
1288.5	0.3148072130308101
1289.	0.32236866587422436
1289.5	0.3298222282377908
1290.	0.3371694570851077
1290.5	0.3444120325043714
1291.	0.3515513390847431
1291.5	0.3585888845399819
1292.	0.365526176583847
1292.5	0.37236485886590254
1293.	0.37910624878978066
1293.5	0.3857517996949184
1294.	0.392302964920753
1294.5	0.3987613422253118
1295.	0.4051281827620056
1295.5	0.4114048821028353
1296.	0.4175928358198021
1296.5	0.4236935888560636
1297.	0.4297083276640016
1297.5	0.4356383880671543
1298.	0.4414851058890602
1298.5	0.4472498169532576
1299.	0.4529338570832849
1299.5	0.45853856210268035
1300.	0.4640652678349825