1076.	12.651819086269851
1076.5	12.61162116878854
1077.	12.571673660704374
1077.5	12.531973326416155
1078.	12.492516930322687
1078.5	12.453301236822771
1079.	12.414323010315211
1079.5	12.375579015198808
1080.	12.337066015872363
1080.5	12.29878077673468
1081.	12.260720062184562
1081.5	12.22288063662081
1082.	12.185259264442225
1082.5	12.147842043419493
1083.	12.110640671230781
1083.5	12.07365617892614
1084.	12.036889597555616
1084.5	12.000357641329817
1085.	11.964039384874013
1085.5	11.927929585974033
1086.	11.892023002415705
1086.5	11.856303786891461
1087.	11.820781544317882
1087.5	11.785455274518155
1088.	11.750323977315462
1088.5	11.715386304850162
1089.	11.6806417437014
1089.5	11.646089432765496
1090.	11.611728510938768
1090.5	11.577563775737211
1091.	11.543586443989591
1091.5	11.509793391144358
1092.	11.476181492649953
1092.5	11.442747916767875
1093.	11.4094891290083
1093.5	11.376401887694453
1094.	11.34348295114956
1094.5	11.31071680455305
1095.	11.278117388629466
1095.5	11.24568637095956
1096.	11.213425419124073
1096.5	11.181348212310233
1097.	11.14943960184972
1097.5	11.117696450680686
1098.	11.086115621741289
1098.5	11.054687734477659
1099.	11.023418392716787
1099.5	10.99230695679364
1100.	10.961352787043182
1100.5	10.930561767923864
1101.	10.899924125997778
1101.5	10.869436611950498
1102.	10.839095976467597
1102.5	10.808892437088533
1103.	10.778831890903444
1103.5	10.74891370185635
1104.	10.719137233891278
1104.5	10.689501642734719
1105.	10.66000658383523
1105.5	10.630651504423847
1106.	10.6014358517316
1106.5	10.572358857102486
1107.	10.543420270009387
1107.5	10.514619624038147
1108.	10.48595645277461
1108.5	10.457437526662053
1109.	10.429052247685918
1109.5	10.400797254689081
1110.	10.372669186514413
1110.5	10.34465756643524
1111.	10.316768995091806
1111.5	10.2890029575548
1112.	10.261358938894919
1112.5	10.233836240894842
1113.	10.206434605228479
1113.5	10.179153590281727
1114.	10.151992754440487
1114.5	10.124951482794595
1115.	10.098029576344432
1115.5	10.07122666279432
1116.	10.04454236984858
1116.5	10.017984317773227
1117.	9.991540944686209
1117.5	9.965208681267177
1118.	9.93898395819577
1118.5	9.912855430620994
1119.	9.886830414965392
1119.5	9.860908452120864
1120.	9.835089082979312
1120.5	9.809363191197665
1121.	9.783742437796786
1121.5	9.75822982656257
1122.	9.732828361280905
1122.5	9.707557572897391
1123.	9.682397327174332
1123.5	9.657344017033735
1124.	9.63239403539761
1124.5	9.607544392706744
1125.	9.582790617356856
1125.5	9.55812885526245
1126.	9.533555252338015
1126.5	9.509039298828952
1127.	9.484614458586503
1127.5	9.460287539792805
1128.	9.436065350630003
1128.5	9.411990195957134
1129.	9.388019188608679
1129.5	9.364144938096011
1130.	9.340360053930512
1130.5	9.31663961082227
1131.	9.293000767004468
1131.5	9.269443145909001
1132.	9.245966370967764
1132.5	9.222560272555825
1133.	9.199238184384633
1133.5	9.176003647108812
1134.	9.152860201382989
1134.5	9.129830250411493
1135.	9.106890927279359
1135.5	9.084038227621324
1136.	9.061268147072134
1136.5	9.03856729689191
1137.	9.015944810839859
1137.5	8.993400438300563
1138.	8.970933928658614
1138.5	8.948544931074869
1139.	8.926233335247137
1139.5	8.903998930649493
1140.	8.881841506756018
1140.5	8.85976075946082
1141.	8.837756609249931
1141.5	8.815828883029424
1142.	8.793977407705363
1142.5	8.772201911376035
1143.	8.750502359278396
1143.5	8.728878617841628
1144.	8.70733055349491
1144.5	8.685868897238805
1145.	8.664478305102552
1145.5	8.643154297686767
1146.	8.621892395592075
1146.5	8.60019519723572
1147.	8.578748314275055
1147.5	8.55774443618405
1148.	8.53737625243668
1148.5	8.517636341099518
1149.	8.498997547616897
1149.5	8.481732606025748
1150.	8.466114250363006
1150.5	8.454220882666514
1151.	8.443797301771927
1151.5	8.434393974515816
1152.	8.425561367734744
1152.5	8.415726950251615
1153.	8.40601338612213
1153.5	8.396420341388325
1154.	8.386947482092232
1154.5	8.37754442342528
1155.	8.368280902620352
1155.5	8.35917660605973
1156.	8.350251220125692
1156.5	8.341678370384402
1157.	8.333262228360697
1157.5	8.324960904763302
1158.	8.316732510300938
1158.5	8.308366092621773
1159.	8.30005645071931
1159.5	8.291829320526496
1160.	8.283710437976278
1160.5	8.27580268454813
1161.	8.26802379240986
1161.5	8.2603686392758
1162.	8.252832102860289
1162.5	8.245396961825406
1163.	8.238075032558642
1163.5	8.230866032395232
1164.	8.223769678670411
1164.5	8.216785677023523
1165.	8.209913761164056
1165.5	8.203153653105604
1166.	8.196505074861758
1166.5	8.189967710753663
1167.	8.183541335564346
1167.5	8.177225686384379
1168.	8.171020500304335
1168.5	8.164925481908268
1169.	8.158940413795882
1169.5	8.153065046060362
1170.	8.147299128794893
1170.5	8.141642392520923
1171.	8.136094614732064
1171.5	8.13065555335019
1172.	8.125324966297178
1172.5	8.120088389954205
1173.	8.114965492400126
1173.5	8.1099617201731
1174.	8.105082519811285
1174.5	8.100361203349053
1175.	8.095764205629857
1175.5	8.091285826993367
1176.	8.086920367779257
1176.5	8.082663104244386
1177.	8.078506970444357
1177.5	8.074445876351962
1178.	8.070473731939995
1178.5	8.066540580343958
1179.	8.062701745108852
1179.5	8.058968682942387
1180.	8.055352850552271
1180.5	8.051909276256767
1181.	8.04858841650881
1181.5	8.045384299371891
1182.	8.0422909529095
1182.5	8.039287934729709
1183.	8.03638953153359
1183.5	8.0335955595668
1184.	8.030905835074993
1184.5	8.028304411739837
1185.	8.025813173396571
1185.5	8.02343824131645
1186.	8.021185736770722
1186.5	8.019108734130274
1187.	8.01714762032687
1187.5	8.015289735391908
1188.	8.013522419356786
1188.5	8.011770009103017
1189.	8.010108049071837
1189.5	8.008549080554598
1190.	8.007105644842653
1190.5	8.005837761291836
1191.	8.004691501903222
1191.5	8.00366041674237
1192.	8.002738055874836
1192.5	8.001902209860834
1193.	8.001168492073404
1193.5	8.000536756380246
1194.	8.000006856649055
1194.5	7.999578630108688
1195.	7.999251953921218
1195.5	7.999026688609874
1196.	7.998902694697889
1196.5	7.998879816717949
1197.	7.99895793758005
1197.5	7.99913692420364
1198.	7.99941664350817
1198.5	7.999796954854206
1199.	8.000277735743635
1199.5	8.00085885611946
1200.	8.001540185924686
1200.5	8.00232157641621
1201.	8.003202923697582
1201.5	8.004184105186248
1202.	8.005264998299651
1202.5	8.006427235771941
1203.	8.007696237577179
1203.5	8.00907917900613
1204.	8.010583235349557
1204.5	8.012251454942838
1205.	8.01404079081428
1205.5	8.0159440690368
1206.	8.017954115683322
1206.5	8.020046083513147
1207.	8.022237541238258
1207.5	8.02452838425702
1208.	8.0269185079678
1208.5	8.029407791199654
1209.	8.031996152547983
1209.5	8.034683494038875
1210.	8.037469717698418
1210.5	8.04035472117511
1211.	8.04333841262367
1211.5	8.046420695821228
1212.	8.049601474544907
1212.5	8.052880636928164
1213.	8.056258108649265
1213.5	8.059733799742807
1214.	8.063307620243387
1214.5	8.0669594884128
1215.	8.070717302767562
1215.5	8.07458897005139
1216.	8.078582397007999
1216.5	8.082765127929568
1217.	8.087061576991966
1217.5	8.091455795919522
1218.	8.095931836436568
1218.5	8.100393802275939
1219.	8.10493767235006
1219.5	8.10957947757986
1220.	8.11433524888627
1220.5	8.11928125317338
1221.	8.124349190985695
1221.5	8.129530998850882
1222.	8.134818613296604
1222.5	8.140183992355006
1223.	8.145647042447484
1223.5	8.151207691499911
1224.	8.156865867438164
1224.5	8.162621477073822
1225.	8.168474477892769
1225.5	8.174424806266597
1226.	8.180472398566899
1226.5	8.186595342261574
1227.	8.192824162187382
1227.5	8.19916753427739
1228.	8.205634134464661
1228.5	8.212297840881723
1229.	8.219076046382403
1229.5	8.225951346019988
1230.	8.23290633484776
1230.5	8.239836232302293
1231.	8.24684595930027
1231.5	8.253953061141662
1232.	8.261175083126435
1232.5	8.268595398359217
1233.	8.276139393213462
1233.5	8.283798281867277
1234.	8.29156327849877
1234.5	8.299403749593933
1235.	8.307341496099836
1235.5	8.315376471271438
1236.	8.323508628363694
1236.5	8.33173790915007
1237.	8.340064282959606
1237.5	8.348487707639851
1238.	8.357008141038358
1238.5	8.365601760252238
1239.	8.374301816179656
1239.5	8.38311777896834
1240.	8.392059118766015
1240.5	8.401206314284423
1241.	8.410469423681668
1241.5	8.419829513679874
1242.	8.429267651001158
1242.5	8.438669751017482
1243.	8.44815009234119
1243.5	8.45772780223447
1244.	8.4674220079595
1244.5	8.477323521598448
1245.	8.487351111665527
1245.5	8.49749523149493
1246.	8.507746334420855
1246.5	8.518071074446082
1247.	8.528493223968779
1247.5	8.539012756055701
1248.	8.549629643773608
1248.5	8.56034386185409
1249.	8.571155381033133
1249.5	8.582064173711563
1250.	8.593070212290202
1250.5	8.604173459322704
1251.	8.615373900995927
1251.5	8.626671513649564
1252.	8.638066273623304
1252.5	8.64953199917103
1253.	8.661105287952562
1253.5	8.672796579541918
1254.	8.684616313513107
1254.5	8.696653048889402
1255.	8.708807858015856
1255.5	8.721059932686781
1256.	8.733388464696487
1256.5	8.745667992035138
1257.	8.758024221822849
1257.5	8.770478207375591
1258.	8.783051002009337
1258.5	8.795842493694341
1259.	8.808763367230572
1259.5	8.821803142072286
1260.	8.834951337673735
1260.5	8.84817130440778
1261.	8.86148919844263
1261.5	8.874905006865099
1262.	8.888418716761999
1262.5	8.90200236895923
1263.	8.915695075308886
1263.5	8.929508001402143
1264.	8.943452312830182
1264.5	8.957622619706427
1265.	8.971913265290915
1265.5	8.986302037365924
1266.	9.000766723713733
1266.5	9.015173365384967
1267.	9.029656195586227
1267.5	9.044237700792458
1268.	9.058940367478598
1268.5	9.07387084569096
1269.	9.088933792904575
1269.5	9.104118030165843
1270.	9.119412378521158
1270.5	9.134777705542215
1271.	9.150241967139998
1271.5	9.165805165750788
1272.	9.181467303810868
1272.5	9.197228395261867
1273.	9.213088426432575
1273.5	9.229047395157133
1274.	9.245105299269682
1274.5	9.261231984178604
1275.	9.277469661114102
1275.5	9.293830388880615
1276.	9.310326226282587
1276.5	9.327028767325388
1277.	9.343866721532162
1277.5	9.360828333626984
1278.	9.377901848333927
1278.5	9.39507699101265
1279.	9.412339933497405
1279.5	9.42967832825803
1280.	9.447079827764362
1280.5	9.464439791802148
1281.	9.481875082598958
1281.5	9.499410269698267
1282.	9.517069922643552
1282.5	9.534938869189101
1283.	9.552957317383253
1283.5	9.57112573348516
1284.	9.58944458375397
1284.5	9.607978405269305
1285.	9.62663796514166
1285.5	9.645398101301996
1286.	9.664233651681277
1286.5	9.682992810293005
1287.	9.70182771655259
1287.5	9.720763865957979
1288.	9.73982675400712
1288.5	9.75917006050763
1289.	9.778639822923925
1289.5	9.798210263030082
1290.	9.817855602600188
1290.5	9.837387103285325
1291.	9.857007131031773
1291.5	9.876755091662812
1292.	9.896670391001722
1292.5	9.91698938109397
1293.	9.937475743051777
1293.5	9.958090104209555
1294.	9.978793091901709
1294.5	9.99941402977674
1295.	10.020097370329328
1295.5	10.04085626236824
1296.	10.061703854702252
1296.5	10.082651707386736
1297.	10.103715193485217
1297.5	10.124908097307824
1298.	10.146244203164683
1298.5	10.167737295365924
1299.	10.189401158221676
1299.5	10.211249576042068
1300.	10.233296333137226