1076.	-11.831733885134057
1076.5	-11.782159774383624
1077.	-11.73268553231161
1077.5	-11.683309062799815
1078.	-11.634028269730035
1078.5	-11.58484105698407
1079.	-11.53574532844372
1079.5	-11.486738987990785
1080.	-11.43781993950706
1080.5	-11.388986086874347
1081.	-11.34023533397444
1081.5	-11.291565584689145
1082.	-11.242974742900257
1082.5	-11.194463463694412
1083.	-11.146025799266635
1083.5	-11.097658553016794
1084.	-11.04935852834475
1084.5	-11.001119893096933
1085.	-10.952943140448019
1085.5	-10.904826128019247
1086.	-10.856766713431856
1086.5	-10.808759011792773
1087.	-10.760806120243279
1087.5	-10.712907393410338
1088.	-10.665062185920917
1088.5	-10.617273564098571
1089.	-10.569535686195039
1089.5	-10.52184642215865
1090.	-10.474203641937729
1090.5	-10.426533321578507
1091.	-10.378933982492253
1091.5	-10.331432252188135
1092.	-10.284054758175321
1092.5	-10.236503318754242
1093.	-10.189259294326298
1093.5	-10.142479236084158
1094.	-10.096319695220485
1094.5	-10.05178904817168
1095.	-10.007851290789176
1095.5	-9.964322244168144
1096.	-9.921017729403752
1096.5	-9.877294081036238
1097.	-9.83361040133768
1097.5	-9.789966306025217
1098.	-9.746361410815998
1098.5	-9.702790282210701
1099.	-9.659259604829519
1099.5	-9.615771014076177
1100.	-9.572326145354408
1100.5	-9.528934189364733
1101.	-9.48558620409537
1101.5	-9.442280802831327
1102.	-9.399016598857619
1102.5	-9.35578450125677
1103.	-9.31259390919727
1103.5	-9.269446517645125
1104.	-9.22634402156634
1104.5	-9.183293327332224
1105.	-9.14028883394136
1105.5	-9.097330151797628
1106.	-9.054416891304916
1106.5	-9.01154591035183
1107.	-8.968720672863641
1107.5	-8.925941890250344
1108.	-8.883210273921936
1108.5	-8.840528783121718
1109.	-8.797894982293053
1109.5	-8.755308683712611
1110.	-8.712769699657061
1110.5	-8.67027834786632
1111.	-8.627833732968515
1111.5	-8.585435465055019
1112.	-8.543083154217204
1112.5	-8.500771813773195
1113.	-8.45850748929691
1113.5	-8.41629162958902
1114.	-8.374125683450194
1114.5	-8.332017408028813
1115.	-8.289959420438755
1115.5	-8.247950646141604
1116.	-8.205990010598946
1116.5	-8.164072339819318
1117.	-8.122202298498577
1117.5	-8.080380451879526
1118.	-8.038607365204971
1118.5	-7.9968882406040205
1119.	-7.9552171516786565
1119.5	-7.913592808917165
1120.	-7.872013922807829
1120.5	-7.8304719634202735
1121.	-7.7889757778289095
1121.5	-7.747526972689485
1122.	-7.70612715465775
1122.5	-7.664786308422316
1123.	-7.623494311392925
1123.5	-7.582249419012184
1124.	-7.541049886722698
1124.5	-7.499886641919172
1125.	-7.458768199311271
1125.5	-7.417695745560759
1126.	-7.376670467329403
1126.5	-7.335699427014866
1127.	-7.294775585248654
1127.5	-7.25389777839817
1128.	-7.2130648428308195
1128.5	-7.172275233224647
1129.	-7.13152832031216
1129.5	-7.090823093136507
1130.	-7.050158540740835
1130.5	-7.00952549717567
1131.	-6.968934368473833
1131.5	-6.928387405675519
1132.	-6.887886859820927
1132.5	-6.847445514355993
1133.	-6.807050874952878
1133.5	-6.766700979689488
1134.	-6.726393866643721
1134.5	-6.68612351613377
1135.	-6.645893647101133
1135.5	-6.605703920727594
1136.	-6.565553998194942
1136.5	-6.525443064429365
1137.	-6.485371447370486
1137.5	-6.445338998702331
1138.	-6.405345570108926
1138.5	-6.3653905441121434
1139.	-6.325474429223023
1139.5	-6.285597264790451
1140.	-6.245759090163314
1140.5	-6.205963970723644
1141.	-6.166206309373923
1141.5	-6.126484535049779
1142.	-6.086797076686841
1142.5	-6.0471330600626265
1143.	-6.007503938534116
1143.5	-5.967911862300182
1144.	-5.928358981559695
1144.5	-5.88885599369261
1145.	-5.849393082844283
1145.5	-5.809968980341148
1146.	-5.770582417509647
1146.5	-5.731500726174411
1147.	-5.692346596964405
1147.5	-5.653011321006789
1148.	-5.613386189428725
1148.5	-5.573420022034853
1149.	-5.53292356980386
1149.5	-5.491765112391917
1150.	-5.44981292945519
1150.5	-5.406033140189887
1151.	-5.361557048896122
1151.5	-5.316613799414048
1152.	-5.271432535583819
1152.5	-5.2268114851207015
1153.	-5.182183074439688
1153.5	-5.137548813830886
1154.	-5.0929102135844015
1154.5	-5.048279283961735
1155.	-5.003642835293043
1155.5	-4.9589981778798755
1156.	-4.914342622023783
1156.5	-4.869668331487105
1157.	-4.824979821726286
1157.5	-4.780276461658558
1158.	-4.735557620201156
1158.5	-4.690822630933568
1159.	-4.646070912245872
1159.5	-4.601301847190397
1160.	-4.556514818819477
1160.5	-4.511703137517232
1161.	-4.466874688071489
1161.5	-4.422031282601864
1162.	-4.377174733227973
1162.5	-4.332318601356927
1163.	-4.2874482501058475
1163.5	-4.2425607918793515
1164.	-4.1976533390820565
1164.5	-4.1527172510594275
1165.	-4.107757694498894
1165.5	-4.062774083028733
1166.	-4.017765830277223
1166.5	-3.972725781888117
1167.	-3.927662546668026
1167.5	-3.8825781654390368
1168.	-3.8374746790232366
1168.5	-3.7923668624461464
1169.	-3.7472389286450447
1169.5	-3.7020878247606457
1170.	-3.6569104979336617
1170.5	-3.6116907675637884
1171.	-3.566443959629164
1171.5	-3.521172272366909
1172.	-3.475877904014143
1172.5	-3.430576469306589
1173.	-3.385251383383324
1173.5	-3.3398994778820286
1174.	-3.294517584440382
1174.5	-3.249088737559584
1175.	-3.2036290848683864
1175.5	-3.15814097685906
1176.	-3.1126267640238763
1176.5	-3.0671028875873327
1177.	-3.021551971016584
1177.5	-2.975970728511012
1178.	-2.9303558742699973
1178.5	-2.8846972377571567
1179.	-2.8390011718019412
1179.5	-2.7932671444980377
1180.	-2.747494623939132
1180.5	-2.7016675031190256
1181.	-2.6558070552712447
1181.5	-2.6099189785294308
1182.	-2.5640089710272247
1182.5	-2.518113082572247
1183.	-2.4721945189545664
1183.5	-2.426246837638233
1184.	-2.380263596087295
1184.5	-2.334223516885579
1185.	-2.2881409263294454
1185.5	-2.2420153158350327
1186.	-2.1958461768184785
1186.5	-2.1496246589047074
1187.	-2.103361932017556
1187.5	-2.057060824289648
1188.	-2.0107241638536064
1188.5	-1.9643625277541834
1189.	-1.9179678956470225
1189.5	-1.8715399960998957
1190.	-1.825078557680575
1190.5	-1.7785920118138683
1191.	-1.7320679030676973
1191.5	-1.6855024788670205
1192.	-1.6388919866367955
1192.5	-1.5922156000975844
1193.	-1.545493469860499
1193.5	-1.4987286728322553
1194.	-1.4519242859195693
1194.5	-1.4051008130714613
1195.	-1.3582369333354218
1195.5	-1.3113287528012452
1196.	-1.264372377558726
1196.5	-1.2173460797341518
1197.	-1.1702709329662269
1197.5	-1.1231501769301484
1198.	-1.0759870513011136
1198.5	-1.028793485909232
1199.	-0.9815605542128236
1199.5	-0.9342880198251209
1200.	-0.8869756463593559
1200.5	-0.8396231812029717
1201.	-0.7922304106853059
1201.5	-0.7447971049099064
1202.	-0.6973230339803211
1202.5	-0.6498178781772811
1203.	-0.6022675333562786
1203.5	-0.5546678055499883
1204.	-0.5070145007910853
1204.5	-0.45928398432128403
1205.	-0.41149927928060426
1205.5	-0.3636639680181052
1206.	-0.315781632882846
1206.5	-0.2678756816262945
1207.	-0.2199219410341379
1207.5	-0.17191606329447207
1208.	-0.1238537005953928
1208.5	-0.07571024513357943
1209.	-0.027509713085110854
1209.5	0.020744139365350592
1210.	0.0690475560331425
1210.5	0.1173868839548074
1211.	0.16577222243599604
1211.5	0.214203774003564
1212.	0.26268174118436693
1212.5	0.31120633547856635
1213.	0.35977774685038966
1213.5	0.4083961742373701
1214.	0.45706181657704104
1214.5	0.505763674272309
1215.	0.5545176242091846
1215.5	0.6033283447390518
1216.	0.6522005142132947
1216.5	0.7011607994921754
1217.	0.7501830950146482
1217.5	0.7992632837285459
1218.	0.8483972485817013
1218.5	0.89757012231229
1219.	0.9467928381616646
1219.5	0.9960655791615204
1220.	1.045388528343553
1220.5	1.0947618681108064
1221.	1.144185782375088
1221.5	1.1936604544195535
1222.	1.2431860675273585
1222.5	1.292750710201429
1223.	1.342371498417243
1223.5	1.3920534533700482
1224.	1.4418015962550923
1224.5	1.491644724196158
1225.	1.5415545720885444
1225.5	1.591526650756086
1226.	1.641556471022616
1226.5	1.6916153153650773
1227.	1.7417326142929521
1227.5	1.791913569968831
1228.	1.8421633845553052
1228.5	1.8925247776077208
1229.	1.9429504269388105
1229.5	1.9934305277540623
1230.	2.0439552752589645
1230.5	2.094464549680775
1231.	2.1450189871945042
1231.5	2.1956289089969334
1232.	2.246304636284843
1232.5	2.297094467919508
1233.	2.347955556367416
1233.5	2.3988830317595493
1234.	2.4498720242268908
1234.5	2.5008915631269657
1235.	2.551973319673596
1235.5	2.603122864307147
1236.	2.6543457674679845
1236.5	2.705687975085048
1237.	2.757098531914698
1237.5	2.808566858201871
1238.	2.860082374191501
1238.5	2.9115803557972937
1239.	2.9631260253279077
1239.5	3.0147304607607706
1240.	3.0664047400733105
1240.5	3.1182008005407953
1241.	3.1700725171236765
1241.5	3.222014624080246
1242.	3.2740218556687957
1242.5	3.3260608872103976
1243.	3.3781657354754513
1243.5	3.4303423582971364
1244.	3.4825967135086326
1244.5	3.5349781099062207
1245.	3.5874318139747388
1245.5	3.6399464431621262
1246.	3.692510614916322
1246.5	3.7450548208398624
1247.	3.797649054564251
1247.5	3.850305183875588
1248.	3.9030350765599735
1248.5	3.9558944626028367
1249.	4.008833802711218
1249.5	4.061847419791484
1250.	4.114929636750005
1250.5	4.16806023612128
1251.	4.221253897332295
1251.5	4.274510759438164
1252.	4.327830961494005
1252.5	4.381198848058044
1253.	4.43463667048104
1253.5	4.488150885616866
1254.	4.541747950319393
1254.5	4.5954654212663835
1255.	4.649266215558262
1255.5	4.7031443501193415
1256.	4.757093841873939
1256.5	4.811093432367733
1257.	4.865158524055128
1257.5	4.919289244011893
1258.	4.973485719313797
1258.5	5.0277480749005505
1259.	5.082076440838403
1259.5	5.136470945057546
1260.	5.190931715488172
1260.5	5.245441994924272
1261.	5.300025550486718
1261.5	5.3546892641601795
1262.	5.409440017929328
1262.5	5.464317941274466
1263.	5.519283369686379
1263.5	5.574329886151487
1264.	5.629451073656209
1264.5	5.684624164852355
1265.	5.739865633194794
1265.5	5.795175601803789
1266.	5.850554193799601
1266.5	5.906001545081541
1267.	5.961517760879199
1267.5	6.01710295920122
1268.	6.072757258056242
1268.5	6.128480772445503
1269.	6.184273624588011
1269.5	6.24013593369537
1270.	6.296067818979186
1270.5	6.3520511152380745
1271.	6.408111539861821
1271.5	6.4642565258272215
1272.	6.520493506111074
1272.5	6.576865937721002
1273.	6.633330819990649
1273.5	6.68988117628448
1274.	6.746510029966965
1274.5	6.8031926782888625
1275.	6.859946961173832
1275.5	6.916772992431825
1276.	6.973670885872791
1276.5	7.030621595459876
1277.	7.087652058788559
1277.5	7.144770053607517
1278.	7.201983357665421
1278.5	7.25935695201102
1279.	7.316818529772885
1279.5	7.374352987379661
1280.	7.431945221259994
1280.5	7.489503471638005
1281.	7.5471199536286715
1281.5	7.604810226142448
1282.	7.662589848089791
1282.5	7.720532175176618
1283.	7.778571850799733
1283.5	7.836701315151405
1284.	7.894913008423902
1284.5	7.953159847171847
1285.	8.011489604680213
1285.5	8.069910530596326
1286.	8.128430874567513
1286.5	8.187119639830824
1287.	8.245900021007975
1287.5	8.304755966310402
1288.	8.36367142394955
1288.5	8.42254895498925
1289.	8.481486449647583
1289.5	8.540500410995033
1290.	8.599607342102077
1290.5	8.658885085345666
1291.	8.71826426876722
1291.5	8.777736859714627
1292.	8.83729482553578
1292.5	8.896888226686617
1293.	8.95656770016376
1293.5	9.016341976071878
1294.	9.076219784515647
1294.5	9.136274253294209
1295.	9.19642395573997
1295.5	9.256651862879815
1296.	9.316940945740624
1296.5	9.377187893258641
1297.	9.43749647138764
1297.5	9.497884163990758
1298.	9.558368454931129
1298.5	9.61896682807189
1299.	9.67969676727618
1299.5	9.740575756407134
1300.	9.801621279327886