1076.	-0.15295786818242973
1076.5	-0.2313331510560478
1077.	-0.30310850363150166
1077.5	-0.36871759175916957
1078.	-0.4285940812894299
1078.5	-0.48317163807266084
1079.	-0.5328839279592408
1079.5	-0.578164616799548
1080.	-0.6194473704439608
1080.5	-0.6571658547428575
1081.	-0.6917537355466163
1081.5	-0.7236446787056157
1082.	-0.7532723500702337
1082.5	-0.7817517611469723
1083.	-0.8085626938676369
1083.5	-0.8338662758201565
1084.	-0.8578236345924599
1084.5	-0.8807931380686242
1085.	-0.902659777421971
1085.5	-0.9235057841219702
1086.	-0.9434133896380914
1086.5	-0.9625475429894437
1087.	-0.9808746710760018
1087.5	-0.9984439183473798
1088.	-1.0153044292531916
1088.5	-1.031547144128332
1089.	-1.047162693183022
1089.5	-1.062183502512764
1090.	-1.0766419982130593
1090.5	-1.0905945110461375
1091.	-1.104040000574082
1091.5	-1.117001331025704
1092.	-1.1295013666298146
1092.5	-1.1415780755799805
1093.	-1.1532331765543546
1093.5	-1.1644834921958451
1094.	-1.1753458451473606
1094.5	-1.1858466083033994
1095.	-1.1959892339546445
1095.5	-1.2057867246433687
1096.	-1.215252082911845
1096.5	-1.2244056391598857
1097.	-1.233250136929208
1097.5	-1.2417956476190688
1098.	-1.2500522426287248
1098.5	-1.2580345073203614
1099.	-1.2657461935451357
1099.5	-1.2731955671171333
1100.	-1.2803908938504396
1100.5	-1.2873442805312132
1101.	-1.2940586156126375
1101.5	-1.3005406285199685
1102.	-1.3067970486784628
1102.5	-1.3128374736545514
1103.	-1.3186646174758456
1103.5	-1.3242840623111318
1104.	-1.329701390329196
1104.5	-1.3349243091727778
1105.	-1.3399554253471289
1105.5	-1.344799470831455
1106.	-1.349461177604961
1106.5	-1.3539469471010819
1107.	-1.3582591740631011
1107.5	-1.362401922688532
1108.	-1.3663792571748874
1108.5	-1.3701965790553472
1109.	-1.3738560802574913
1109.5	-1.3773612900445666
1110.	-1.3807157376798196
1110.5	-1.3839243571351312
1111.	-1.38698871108166
1111.5	-1.389911766899199
1112.	-1.3926964919675406
1112.5	-1.3953464077762776
1113.	-1.3978637059514833
1113.5	-1.4002511322290307
1114.	-1.402511432344793
1114.5	-1.4046480388629068
1115.	-1.4066627359596755
1115.5	-1.4085579946396667
1116.	-1.4103362859074475
1116.5	-1.4120012665434398
1117.	-1.413553747466015
1117.5	-1.4149957253693983
1118.	-1.4163291969478158
1118.5	-1.4175560765881297
1119.	-1.4186784762148743
1119.5	-1.4196984254452205
1120.	-1.4206179538963393
1120.5	-1.421439670909746
1121.	-1.4221647944885294
1121.5	-1.4227951223601225
1122.	-1.4233324522519586
1122.5	-1.4237788118627734
1123.	-1.4241356769601765
1123.5	-1.4244047532830795
1124.	-1.4245877465703942
1124.5	-1.4246873331776033
1125.	-1.42470385998042
1125.5	-1.4246386444711285
1126.	-1.4244930041420125
1126.5	-1.4242674072209283
1127.	-1.4239643601703582
1127.5	-1.4235855201883576
1128.	-1.4231325444729808
1128.5	-1.422608112550929
1129.	-1.4220124503601528
1129.5	-1.4213468061672485
1130.	-1.4206124282388126
1130.5	-1.4197447893850712
1131.	-1.4188372235115396
1131.5	-1.4179172890673626
1132.	-1.4170125445016848
1132.5	-1.416279976362332
1133.	-1.4155659437602952
1133.5	-1.4148462339052474
1134.	-1.4140966340068608
1134.5	-1.4132312899163744
1135.	-1.412312286745267
1135.5	-1.4113400682465849
1136.	-1.4103150781733729
1136.5	-1.409236861658701
1137.	-1.4081071205235816
1137.5	-1.4069266579690503
1138.	-1.4056962771961439
1138.5	-1.4044160308829212
1139.	-1.4030877729625864
1139.5	-1.4017126068453658
1140.	-1.4002916359414868
1140.5	-1.398826672367882
1141.	-1.39731782734539
1141.5	-1.395765920801555
1142.	-1.3941717726639213
1142.5	-1.3925363221655858
1143.	-1.3908602222063198
1143.5	-1.3891442449914468
1144.	-1.3873891627262906
1144.5	-1.3855959356016387
1145.	-1.3837650726431654
1145.5	-1.3818972708620083
1146.	-1.3799932272693058
1146.5	-1.3780942369522444
1147.	-1.376144159615494
1147.5	-1.3741274530397733
1148.	-1.372028575005801
1148.5	-1.369840203745577
1149.	-1.367535288408026
1149.5	-1.3650949985933543
1150.	-1.3625005039017672
1150.5	-1.3595976304232618
1151.	-1.3565570286723372
1151.5	-1.3534140056532835
1152.	-1.3502038683703905
1152.5	-1.3470494314273829
1153.	-1.3438634911893421
1153.5	-1.3406463516207836
1154.	-1.3373983166862238
1154.5	-1.3341192335309489
1155.	-1.330810045666396
1155.5	-1.3274712397847737
1156.	-1.3241033025782891
1156.5	-1.3207067338619762
1157.	-1.317282001956087
1157.5	-1.3138295883036983
1158.	-1.3103499743478881
1158.5	-1.3068436291751984
1159.	-1.303311051527856
1159.5	-1.2997527277915535
1160.	-1.2961691443519818
1160.5	-1.292561988631477
1161.	-1.2889300655644294
1161.5	-1.285273381121873
1162.	-1.2815919412748427
1162.5	-1.2778840302270624
1163.	-1.2741520644238002
1163.5	-1.2703967385430144
1164.	-1.2666187472626627
1164.5	-1.2628199575571843
1165.	-1.2589994228894643
1165.5	-1.2551573690188682
1166.	-1.2512940217047617
1166.5	-1.2474096656637113
1167.	-1.2435044441150016
1167.5	-1.239578559235118
1168.	-1.235632213200546
1168.5	-1.2316656557323815
1169.	-1.2276790224446552
1169.5	-1.2236724964960082
1170.	-1.2196462610450816
1170.5	-1.2155998521135438
1171.	-1.211534358851798
1171.5	-1.207450223273274
1172.	-1.2033478873914019
1172.5	-1.1992277329413357
1173.	-1.1950902863260924
1173.5	-1.1909360136704126
1174.	-1.186765381099037
1174.5	-1.182581069077174
1175.	-1.1783804436529095
1175.5	-1.1741630852147975
1176.	-1.1699285741513914
1176.5	-1.1656736128564216
1177.	-1.1614018109111945
1177.5	-1.1571138999021935
1178.	-1.1528106114159016
1178.5	-1.1484941209812174
1179.	-1.1441631386652424
1179.5	-1.1398178184774934
1180.	-1.1354583144274875
1180.5	-1.1310856247187129
1181.	-1.1266987214891266
1181.5	-1.122297421070657
1182.	-1.1178815397952324
1182.5	-1.113448509705025
1183.	-1.1090014851376218
1183.5	-1.1045412361408533
1184.	-1.1000685327625506
1184.5	-1.0955874230567313
1185.	-1.0910940878625641
1185.5	-1.0865879860254053
1186.	-1.0820685763906106
1186.5	-1.0775320043395842
1187.	-1.0729823675672145
1187.5	-1.068420450304438
1188.	-1.0638470367821917
1188.5	-1.0592654595495552
1189.	-1.0546729351920645
1189.5	-1.050069228613399
1190.	-1.0454541047172379
1190.5	-1.0408265159669239
1191.	-1.0361873646826076
1191.5	-1.0315367407441032
1192.	-1.0268747340312248
1192.5	-1.0222005152365443
1193.	-1.0175154611020145
1193.5	-1.0128200291823464
1194.	-1.0081146770322507
1194.5	-1.003400746524581
1195.	-0.9986774571686484
1195.5	-0.993944912791906
1196.	-0.9892032172218074
1196.5	-0.9844535020407805
1197.	-0.979694432219315
1197.5	-0.9749257004828745
1198.	-0.970146999556923
1198.5	-0.9653560918764138
1199.	-0.9605553725735254
1199.5	-0.9557453064899256
1200.	-0.9509263584672826
1200.5	-0.9460999488346796
1201.	-0.9412652047514032
1201.5	-0.9364222088641548
1202.	-0.9315710438196365
1202.5	-0.9267128835971836
1203.	-0.9218462829778107
1203.5	-0.916970888075166
1204.	-0.9120863450028979
1204.5	-0.9071891403955147
1205.	-0.9022833436374605
1205.5	-0.8973698646340393
1206.	-0.8924496132905555
1206.5	-0.8875277650593942
1207.	-0.882599258079946
1207.5	-0.8776632960386826
1208.	-0.8727190826220759
1208.5	-0.8677614887045956
1209.	-0.8627957839095158
1209.5	-0.8578229050481092
1210.	-0.8528437889316481
1210.5	-0.8478626717171337
1211.	-0.842875871131818
1211.5	-0.8378830042486821
1212.	-0.8328836881407068
1212.5	-0.8278776393973871
1213.	-0.8228643357685841
1213.5	-0.817843354520673
1214.	-0.8128142729200291
1214.5	-0.8077731617112074
1215.	-0.8027245072911313
1215.5	-0.7976692895349041
1216.	-0.792608488317629
1216.5	-0.7875465881795126
1217.	-0.7824796624645134
1217.5	-0.7774072891816932
1218.	-0.7723290463401139
1218.5	-0.7672433637732706
1219.	-0.7621514269360187
1219.5	-0.7570532731076464
1220.	-0.7519489395674425
1220.5	-0.746837201673258
1221.	-0.7417198633943937
1221.5	-0.7365974667787133
1222.	-0.7314705538740802
1222.5	-0.7263421699972137
1223.	-0.7212093526195793
1223.5	-0.7160716424814981
1224.	-0.7109285803232914
1224.5	-0.7057784909971573
1225.	-0.7006226174867892
1225.5	-0.695460986887758
1226.	-0.690293626295634
1226.5	-0.6851205770053588
1227.	-0.6799418462333834
1227.5	-0.6747574553955298
1228.	-0.6695674259076201
1228.5	-0.6643703984962243
1229.	-0.6591683275421173
1229.5	-0.6539617867368219
1230.	-0.6487513497718613
1230.5	-0.6435403069705738
1231.	-0.6383254287399405
1231.5	-0.6331062021187579
1232.	-0.6278821141458228
1232.5	-0.6226513291147
1233.	-0.6174151859075108
1233.5	-0.6121737006611445
1234.	-0.6069268895124906
1234.5	-0.6016733244641107
1235.	-0.5964150434409533
1235.5	-0.591152640233639
1236.	-0.5858867086327882
1236.5	-0.5806207027047291
1237.	-0.5753512118540919
1237.5	-0.5700776857612141
1238.	-0.5647995741064337
1238.5	-0.5595134248662434
1239.	-0.5542227501063637
1239.5	-0.5489281601886697
1240.	-0.5436302654750372
1240.5	-0.538332633753233
1241.	-0.5330317349888846
1241.5	-0.527726996573511
1242.	-0.5224178458986309
1242.5	-0.51710226520714
1243.	-0.51178170509863
1243.5	-0.5064561710240693
1244.	-0.5011256684344261
1244.5	-0.49578864022731783
1245.	-0.4904472794284042
1245.5	-0.48510221650999397
1246.	-0.47975408194439584
1246.5	-0.4744049981334884
1247.	-0.4690535068481826
1247.5	-0.4636996417889591
1248.	-0.45834343665629884
1248.5	-0.4529865575124974
1249.	-0.44762675275149466
1249.5	-0.44226340312904555
1250.	-0.43689588940090485
1250.5	-0.431522044815448
1251.	-0.4261434166387609
1251.5	-0.42076000462955016
1252.	-0.41537180854652234
1252.5	-0.40997716718841254
1253.	-0.40457840565788744
1253.5	-0.39917618809764216
1254.	-0.3937711786503718
1254.5	-0.38836563814965264
1255.	-0.3829579953709463
1255.5	-0.37754827578059563
1256.	-0.3721365048449433
1256.5	-0.3667244295686496
1257.	-0.36130966526441277
1257.5	-0.35589154878324863
1258.	-0.35046941697617295
1258.5	-0.34504096871347134
1259.	-0.3396078340191818
1259.5	-0.33417000493661225
1260.	-0.3287274735090705
1260.5	-0.3232784530380745
1261.	-0.317825425805438
1261.5	-0.31236909535118473
1262.	-0.30691016521533854
1262.5	-0.30145105616131995
1263.	-0.29599006761639735
1263.5	-0.29052721623123573
1264.	-0.28506251865650023
1264.5	-0.279597798488478
1265.	-0.27413054265396325
1265.5	-0.2686600450253722
1266.	-0.2631855994751212
1266.5	-0.25770291608133566
1267.	-0.25221630602843903
1267.5	-0.24672649670656382
1268.	-0.24123421550584268
1268.5	-0.23574383638216861
1269.	-0.23025098153360957
1269.5	-0.224754919723994
1270.	-0.21925491971715028
1270.5	-0.21374656080231147
1271.	-0.20823427700773944
1271.5	-0.2027188128871008
1272.	-0.19720091299406206
1272.5	-0.19168506199783503
1273.	-0.18616676829032291
1273.5	-0.18064528037897412
1274.	-0.17511984677123715
1274.5	-0.16958397943541903
1275.	-0.16404495803376618
1275.5	-0.15850432568938358
1276.	-0.15296362552537623
1276.5	-0.1474340663821414
1277.	-0.14190365937857494
1277.5	-0.136370081350865
1278.	-0.13083100913519974
1278.5	-0.12527443363983032
1279.	-0.11971159200005657
1279.5	-0.11414403542324134
1280.	-0.1085733151167475
1280.5	-0.10300482362534481
1281.	-0.09743473428402655
1281.5	-0.09186306176519288
1282.	-0.08628982074124392
1282.5	-0.08071503511640538
1283.	-0.07513870663852164
1283.5	-0.0695608462872626
1284.	-0.06398146504229818
1284.5	-0.058402645544635506
1285.	-0.05282149844807242
1285.5	-0.04723720606774396
1286.	-0.04164895071878516
1286.5	-0.03605391990455562
1287.	-0.030454088676676004
1287.5	-0.024849437274991528
1288.	-0.019239945939347414
1288.5	-0.013623467221872573
1289.	-0.00800296012521505
1289.5	-0.0023792559643065862
1290.	0.0032468139459210787
1290.5	0.008872366350962661
1291.	0.014499442651289385
1291.5	0.020128032307798922
1292.	0.025758124781388947
1292.5	0.03138970061929239
1293.	0.03702276176153758
1293.5	0.04265730123448808
1294.	0.04829331206450749
1294.5	0.05392859482482034
1295.	0.05956621197618485
1295.5	0.0652070335262202
1296.	0.0708519294825456
1296.5	0.07650388604494214
1297.	0.0821608105520023
1297.5	0.08782272653448053
1298.	0.09348965752313121
1298.5	0.09916162704870876
1299.	0.10483865864196759
1299.5	0.11052077583366211
1300.	0.11620800215454674