1076.	0.14255194863408993
1076.5	0.21819121044572853
1077.	0.28793103031801914
1077.5	0.35216633375123507
1078.	0.4112920462456497
1078.5	0.46570309330153636
1079.	0.5157944004191685
1079.5	0.5619608930988192
1080.	0.6045974968407621
1080.5	0.6440991371452705
1081.	0.6808607395126176
1081.5	0.7152772294430769
1082.	0.7477435324369217
1082.5	0.7792829863281145
1083.	0.8094107393497639
1083.5	0.8382703520686674
1084.	0.8660053850516228
1084.5	0.8929389047321601
1085.	0.9189631634636517
1085.5	0.9441499194662023
1086.	0.9685709309599166
1086.5	0.9923721697513861
1087.	1.015521495039634
1087.5	1.0380609796101707
1088.	1.060032696248506
1088.5	1.0815158512746614
1089.	1.102500530525831
1089.5	1.1230139533737205
1090.	1.1430833391900346
1090.5	1.1627568618980675
1091.	1.182032404497301
1091.5	1.2009288045388051
1092.	1.2194648995736501
1092.5	1.2376723839437245
1093.	1.255552095692953
1093.5	1.2731177296560778
1094.	1.2903829806678422
1094.5	1.3073699358216826
1095.	1.3240805407901706
1095.5	1.3405251335045716
1096.	1.3567140518961511
1096.5	1.3726633802293053
1097.	1.3883754115689164
1097.5	1.4038581853129972
1098.	1.4191197408595608
1098.5	1.434172205047042
1099.	1.4490178948568633
1099.5	1.463663214710869
1100.	1.4781145690309037
1100.5	1.4923813615812334
1101.	1.5064657977043114
1101.5	1.5203730820850139
1102.	1.5341084194082157
1102.5	1.547679273034664
1103.	1.5610876855030147
1103.5	1.5743379580277943
1104.	1.5874343918235305
1104.5	1.6003830267201862
1105.	1.6131857298706778
1105.5	1.6258461070433579
1106.	1.638367764006579
1106.5	1.650755670226614
1107.	1.6630115222947268
1107.5	1.6751383805001023
1108.	1.687139305131925
1108.5	1.6990184436914253
1109.	1.7107773343709234
1109.5	1.722418602574785
1110.	1.7339448737073766
1110.5	1.745359652422502
1111.	1.756664333175314
1111.5	1.7678611896704037
1112.	1.7789524956123621
1112.5	1.7899412447969505
1113.	1.8008287028011212
1113.5	1.8116168552929968
1114.	1.8223076879406996
1114.5	1.8329037828112085
1115.	1.843406290614248
1115.5	1.8538169584583983
1116.	1.86413753345224
1116.5	1.8743702616479883
1117.	1.8845161916331343
1117.5	1.8945768709388053
1118.	1.9045538470961274
1118.5	1.9144490888464745
1119.	1.9242635540266269
1119.5	1.933998621683612
1120.	1.9436556708644577
1120.5	1.9532364391316972
1121.	1.9627418036106499
1121.5	1.9721729999421405
1122.	1.9815312637669944
1122.5	1.990818138164063
1123.	2.0000344283609346
1123.5	2.0091812470232235
1124.	2.018259706816544
1124.5	2.0272711858477406
1125.	2.036216425164706
1125.5	2.0450964312565634
1126.	2.053912210612435
1126.5	2.0626650003406306
1127.	2.071355484063411
1127.5	2.0799845760222238
1128.	2.0885531904585166
1128.5	2.097062443135938
1129.	2.1055129661648544
1129.5	2.113905593177833
1130.	2.1222411578074416
1130.5	2.13052067072139
1131.	2.138744717703046
1131.5	2.146914061570919
1132.	2.1550294651435182
1132.5	2.1630918475306804
1133.	2.1711017527430596
1133.5	2.179059881082635
1134.	2.1869669328513863
1134.5	2.194823746961979
1135.	2.202630829661433
1135.5	2.2103888258074544
1136.	2.2180983802577487
1136.5	2.225760261324864
1137.	2.233374941029726
1137.5	2.240943014848104
1138.	2.2484650782557667
1138.5	2.2559418371225486
1139.	2.263373732372526
1139.5	2.2707613153238397
1140.	2.2781051372946326
1140.5	2.2854058486857456
1141.	2.2926638620995416
1141.5	2.2998796892210835
1142.	2.3070538417354327
1142.5	2.3141869205683614
1143.	2.3212793124679387
1143.5	2.328331493422943
1144.	2.3353439394221525
1144.5	2.3423172070940486
1145.	2.3492516595318262
1145.5	2.356147740468383
1146.	2.363005893636617
1146.5	2.3698266358616444
1147.	2.376610308547256
1147.5	2.383357326189462
1148.	2.3900681032842717
1148.5	2.396743120771183
1149.	2.4033827001253227
1149.5	2.409987229265305
1150.	2.4165570961097447
1150.5	2.42309274914226
1151.	2.42959449149046
1151.5	2.436062686846959
1152.	2.4424976989043694
1152.5	2.4488999467048145
1153.	2.4552697164515935
1153.5	2.461607349697517
1154.	2.4679131879953937
1154.5	2.4741876236050677
1155.	2.4804309270895004
1155.5	2.4866434197186877
1156.	2.492825422762625
1156.5	2.498977304053061
1157.	2.505099319673538
1157.5	2.5111917722693504
1158.	2.5172549644857938
1158.5	2.5232892418176305
1159.	2.5292948469209007
1159.5	2.535272065301112
1160.	2.5412211824637727
1160.5	2.5471425234299945
1161.	2.5530363183834393
1161.5	2.5589028370233744
1162.	2.564742349049066
1162.5	2.570555160673351
1163.	2.576341490476497
1163.5	2.5821015935523417
1164.	2.5878357249947235
1164.5	2.5935441737009253
1165.	2.5992271474399624
1165.5	2.6048848877842943
1166.	2.610517636306381
1166.5	2.616125665929572
1167.	2.621709174335083
1167.5	2.627268390555017
1168.	2.6328035436214794
1168.5	2.638314891692839
1169.	2.6438026230244285
1169.5	2.6492669549978474
1170.	2.654708104994693
1170.5	2.6601263175004717
1171.	2.6655217719513113
1171.5	2.6708946748872453
1172.	2.6762452328483097
1172.5	2.6815736776360586
1173.	2.686880180424399
1173.5	2.6921649376487586
1174.	2.697428145744565
1174.5	2.702670024726914
1175.	2.707890738019696
1175.5	2.7130904726264693
1176.	2.7182694155507936
1176.5	2.7234277758376013
1177.	2.7285657096325293
1177.5	2.733683395122587
1178.	2.7387810104947845
1178.5	2.7438587545678796
1179.	2.748916776644435
1179.5	2.7539552466587613
1180.	2.7589743345451687
1180.5	2.7639742295756773
1181.	2.7689550746118052
1181.5	2.773917031852779
1182.	2.7788602634978257
1182.5	2.7837849498939042
1183.	2.788691227833417
1183.5	2.793579252256498
1184.	2.798449178103281
1184.5	2.8033011773655336
1185.	2.808135381111103
1185.5	2.812951937459472
1186.	2.81775099453012
1186.5	2.8225327164829253
1187.	2.8272972289808136
1187.5	2.8320446737271086
1188.	2.836775192425132
1188.5	2.8414889418842257
1189.	2.846186042659286
1189.5	2.850866630411227
1190.	2.8555308408009648
1190.5	2.8601788237307986
1191.	2.8648106949237047
1191.5	2.869426584344043
1192.	2.874026621956176
1192.5	2.8786109511646107
1193.	2.8831796831175023
1193.5	2.8877329424031526
1194.	2.8922708536098636
1194.5	2.896793554022576
1195.	2.901301150454297
1195.5	2.9057937624146737
1196.	2.910271509413352
1196.5	2.914734522965764
1197.	2.9191829057734573
1197.5	2.923616772543763
1198.	2.9280362379840144
1198.5	2.9324414281645805
1199.	2.936832441884542
1199.5	2.941209389306016
1200.	2.94557238059112
1200.5	2.9499215366662774
1201.	2.954256952623577
1201.5	2.958578734319413
1202.	2.9628869876101813
1202.5	2.967181828558189
1203.	2.9714633487315525
1203.5	2.9757316499043025
1204.	2.979986833850468
1204.5	2.9842290120286172
1205.	2.9884582726544267
1205.5	2.992674713628111
1206.	2.9968784328498845
1206.5	3.0010695374171465
1207.	3.005248112354053
1207.5	3.0094142518819456
1208.	3.0135680502221636
1208.5	3.01770961033719
1209.	3.0218390142107676
1209.5	3.02595635256778
1210.	3.030061716133112
1210.5	3.034155203945597
1211.	3.0382368950905896
1211.5	3.0423068769673924
1212.	3.0463652369753103
1212.5	3.0504120704270288
1213.	3.054447453643116
1213.5	3.0584714708575245
1214.	3.0624842063042035
1214.5	3.0664857517545134
1215.	3.0704761808900334
1215.5	3.07445557492975
1216.	3.0784240150926516
1216.5	3.0823815897819102
1217.	3.0863283701586544
1217.5	3.0902644345681978
1218.	3.0941898613558543
1218.5	3.098104735718965
1219.	3.1020091264100045
1219.5	3.1059031090334748
1220.	3.109786759193878
1220.5	3.1136601590351205
1221.	3.117523375006539
1221.5	3.1213764800968744
1222.	3.1252195472948676
1222.5	3.1290526558341663
1223.	3.132875869960641
1223.5	3.1366892601650704
1224.	3.140492896938232
1224.5	3.1442868567381583
1225.	3.1480712017014714
1225.5	3.1518459999320463
1226.	3.15561131953376
1226.5	3.1593672343157566
1227.	3.1631138043945373
1227.5	3.1668510955918694
1228.	3.1705791737295224
1228.5	3.174298110087133
1229.	3.178007962845454
1229.5	3.1817087956431074
1230.	3.185400672118714
1230.5	3.1890836611349584
1231.	3.192757819016774
1231.5	3.1964232073131567
1232.	3.2000798875731036
1232.5	3.203727926348549
1233.	3.2073673781843755
1233.5	3.2109983026284037
1234.	3.2146207592284544
1234.5	3.218234812326004
1235.	3.221840514757756
1235.5	3.2254379241540683
1236.	3.2290270981453
1236.5	3.2326080989572503
1237.	3.2361809777866615
1237.5	3.2397457904257156
1238.	3.2433025926665957
1238.5	3.2468514447090606
1239.	3.250392396174686
1239.5	3.2539255010926245
1240.	3.257450813492028
1240.5	3.2609683916314536
1241.	3.264478283618886
1241.5	3.267980541791717
1242.	3.2714752184873355
1242.5	3.274962370103448
1243.	3.278442043293002
1243.5	3.2819142887692627
1244.	3.285379157245494
1244.5	3.288836703334702
1245.	3.292286972290511
1245.5	3.2957300132662892
1246.	3.2991658754154027
1246.5	3.302594611638382
1247.	3.3060162658425662
1247.5	3.3094308856824566
1248.	3.312838518812555
1248.5	3.316239216489455
1249.	3.3196330213247305
1249.5	3.3230199795320448
1250.	3.326400137325064
1250.5	3.32977354438153
1251.	3.333140242065399
1251.5	3.3365002752047044
1252.	3.33985368862748
1252.5	3.3432005304944634
1253.	3.3465408409679025
1253.5	3.3498746635427503
1254.	3.353202041713958
1254.5	3.3565230221840565
1255.	3.3598376439573885
1255.5	3.363145949245875
1256.	3.3664479802614373
1256.5	3.3697437823043366
1257.	3.373033393262817
1257.5	3.376316854113463
1258.	3.37959420583286
1258.5	3.382865492372245
1259.	3.386130750543689
1259.5	3.3893900201339164
1260.	3.3926433409296504
1260.5	3.395890755583815
1261.	3.3991322998704545
1261.5	3.4023680124298123
1262.	3.4055979319021317
1262.5	3.408822099690346
1263.	3.412040550566934
1263.5	3.4152533220670636
1264.	3.4184604517259025
1264.5	3.4216619797424657
1265.	3.4248579399225356
1265.5	3.4280483687357415
1266.	3.4312333026517132
1266.5	3.4344127807094957
1267.	3.437586835781536
1267.5	3.4407555033096973
1268.	3.4439188187358427
1268.5	3.447076819980992
1269.	3.4502295390161892
1269.5	3.4533770102916335
1270.	3.4565192682575256
1270.5	3.4596563497569126
1271.	3.462788285890009
1271.5	3.4659151101498766
1272.	3.469036856029577
1272.5	3.4721535593324457
1273.	3.4752652503171606
1273.5	3.4783719615526736
1274.	3.4814737256079358
1274.5	3.484570577283144
1275.	3.4876625460235076
1275.5	3.4907496635054804
1276.	3.493831961405517
1276.5	3.496909473555642
1277.	3.49998222861451
1277.5	3.5030502573963473
1278.	3.506113590715379
1278.5	3.5091722614689127
1279.	3.51222629755486
1279.5	3.515275728954213
1280.	3.518320585647965
1280.5	3.5213608996307233
1281.	3.5243966980644204
1281.5	3.5274280101246034
1282.	3.5304548649868197
1282.5	3.533477293773632
1283.	3.536495322934765
1283.5	3.5395089808669593
1284.	3.542518295966956
1284.5	3.545523298514638
1285.	3.5485240142703467
1285.5	3.5515204708775654
1286.	3.5545126959797777
1286.5	3.5575007190423267
1287.	3.5604845651580925
1287.5	3.563464261241816
1288.	3.5664398342082366
1288.5	3.5694113127351335
1289.	3.572378721268992
1289.5	3.5753420860193366
1290.	3.5783014331956915
1290.5	3.581256790714143
1291.	3.5842081823950283
1291.5	3.587155633765248
1292.	3.590099170351702
1292.5	3.593038819333604
1293.	3.595974603924614
1293.5	3.5989065489907057
1294.	3.601834679397853
1294.5	3.6047590216122205
1295.	3.607679598259516
1295.5	3.610596433565636
1296.	3.6135095517564793
1296.5	3.616418978608034
1297.	3.619324736176071
1297.5	3.622226848066452
1298.	3.625125337885038
1298.5	3.6280202292376904
1299.	3.6309115457302714
1299.5	3.6337993109686417
1300.	3.636683548558663