1076.	-0.35590130024473243
1076.5	-0.5444010114044546
1077.	-0.7181435895423263
1077.5	-0.8781156230932973
1078.	-1.0253037004923171
1078.5	-1.1606944101743355
1079.	-1.2852743405743021
1079.5	-1.4000300801271668
1080.	-1.5059482172678789
1080.5	-1.6040153404313884
1081.	-1.6952180380526447
1081.5	-1.7805428985665976
1082.	-1.860976510408197
1082.5	-1.939073182988885
1083.	-2.0136246953765213
1083.5	-2.084990547615459
1084.	-2.153530239750051
1084.5	-2.2200526473502116
1085.	-2.2842881447245063
1085.5	-2.346416481707063
1086.	-2.40661740813201
1086.5	-2.465257765672426
1087.	-2.5222553755879074
1087.5	-2.577715150977
1088.	-2.631742004938253
1088.5	-2.684530262056484
1089.	-2.7360596593494604
1089.5	-2.78639934532122
1090.	-2.835618468475801
1090.5	-2.883842213763493
1091.	-2.9310612786635835
1091.5	-2.9773223971016103
1092.	-3.022672303003112
1092.5	-3.067188588230153
1093.	-3.1108747855971344
1093.5	-3.1537652858549845
1094.	-3.1958944797546303
1094.5	-3.2373168279829514
1095.	-3.278038623380543
1095.5	-3.3180862287239528
1096.	-3.357486006789727
1096.5	-3.39627853630427
1097.	-3.4344702777143294
1097.5	-3.47208190741651
1098.	-3.509134101807416
1098.5	-3.545660794366066
1099.	-3.5816641015736845
1099.5	-3.6171593969939106
1100.	-3.6521620541903825
1100.5	-3.6866920508596217
1101.	-3.7207583147792316
1101.5	-3.7543743778596976
1102.	-3.7875537720115053
1102.5	-3.8203166779241915
1103.	-3.852667319217571
1103.5	-3.884616568290508
1104.	-3.916175297541868
1104.5	-3.947358768047934
1105.	-3.9781717080591865
1105.5	-4.008623234503525
1106.	-4.038722464308846
1106.5	-4.068480686112234
1107.	-4.097903976448728
1107.5	-4.127000583562554
1108.	-4.155778755697937
1108.5	-4.184253225150961
1109.	-4.212423162493248
1109.5	-4.24029422234828
1110.	-4.2678720593395365
1110.5	-4.295159508494996
1111.	-4.322166171871845
1111.5	-4.348898831931764
1112.	-4.3753642711364344
1112.5	-4.401573531470865
1113.	-4.427527432064082
1113.5	-4.453231051568438
1114.	-4.478689468636285
1114.5	-4.503912159068804
1115.	-4.528898045509987
1115.5	-4.553650447752653
1116.	-4.5781726855896245
1116.5	-4.602463757112744
1117.	-4.6265330324962
1117.5	-4.650385560213203
1118.	-4.674026388736963
1118.5	-4.697464335910268
1119.	-4.7206991730889225
1119.5	-4.743734440998308
1120.	-4.7665736803638055
1120.5	-4.789222933657169
1121.	-4.811682239158857
1121.5	-4.833954136895702
1122.	-4.856041166894534
1122.5	-4.877943587139765
1123.	-4.899667132517615
1123.5	-4.921215255871883
1124.	-4.942591410046368
1124.5	-4.963802881063963
1125.	-4.9848477553177375
1125.5	-5.0057279523798535
1126.	-5.026445391822471
1126.5	-5.046999335594244
1127.	-5.0673954239402486
1127.5	-5.087636639482049
1128.	-5.107725964841212
1128.5	-5.127668483734094
1129.	-5.147464237249553
1129.5	-5.167115367571237
1130.	-5.186624016882798
1130.5	-5.205994574380281
1131.	-5.225226036429979
1131.5	-5.244319646410583
1132.	-5.263276647700782
1132.5	-5.282095182611787
1133.	-5.300780836016761
1133.5	-5.319336091721388
1134.	-5.337763433531351
1134.5	-5.356067419841079
1135.	-5.37424763003201
1135.5	-5.392305718074331
1136.	-5.410243337938226
1136.5	-5.42806245130781
1137.	-5.445764281353767
1137.5	-5.463350358960708
1138.	-5.48082221501325
1138.5	-5.498183633817689
1139.	-5.515432991468279
1139.5	-5.532570917480959
1140.	-5.54959804137167
1140.5	-5.56650940736037
1141.	-5.58331346437737
1141.5	-5.600013076056999
1142.	-5.616611106033589
1142.5	-5.633118493917832
1143.	-5.649526796977152
1143.5	-5.665835648455335
1144.	-5.682044681596169
1144.5	-5.698145731121543
1145.	-5.714149348205897
1145.5	-5.7300582855017765
1146.	-5.745875295661726
1146.5	-5.761664375176394
1147.	-5.777342535324978
1147.5	-5.792888031224782
1148.	-5.808279117993111
1148.5	-5.823496233862642
1149.	-5.838514577589152
1149.5	-5.8533115310437935
1150.	-5.867864476097721
1150.5	-5.881983872185479
1151.	-5.8958807925894705
1151.5	-5.909599388155493
1152.	-5.923183809729339
1152.5	-5.936786330367376
1153.	-5.950299729820603
1153.5	-5.963724910050589
1154.	-5.977062773018902
1154.5	-5.990312088286896
1155.	-6.003476743176442
1155.5	-6.016558492609194
1156.	-6.0295590915068065
1156.5	-6.042487170821029
1157.	-6.055334859031383
1157.5	-6.068101160647489
1158.	-6.080785080178962
1158.5	-6.093376683529241
1159.	-6.105887489256595
1159.5	-6.11832007731311
1160.	-6.130677027650877
1160.5	-6.1429702226744825
1161.	-6.155189218902516
1161.5	-6.167332875306066
1162.	-6.179400050856222
1162.5	-6.191380344231619
1163.	-6.203285578812779
1163.5	-6.2151183176877725
1164.	-6.226881123944668
1164.5	-6.23858370325582
1165.	-6.2502186190912985
1165.5	-6.261785577505461
1166.	-6.273284284552662
1166.5	-6.284712191653827
1167.	-6.296072161350114
1167.5	-6.307364801549253
1168.	-6.31859072015897
1168.5	-6.329750596500204
1169.	-6.340844938502188
1169.5	-6.351874325507367
1170.	-6.362839336858185
1170.5	-6.373743176459374
1171.	-6.384582749266175
1171.5	-6.395357584796117
1172.	-6.406067212566729
1172.5	-6.416703602006344
1173.	-6.427276866757365
1173.5	-6.437789560372999
1174.	-6.4482442364064525
1174.5	-6.458653719724294
1175.	-6.469006184041025
1175.5	-6.479300074384508
1176.	-6.489533835782605
1176.5	-6.499695614019227
1177.	-6.509798273063768
1177.5	-6.519844377641671
1178.	-6.529836492478378
1178.5	-6.5397877347173505
1179.	-6.549685895698806
1179.5	-6.559529319180977
1180.	-6.5693163489221
1180.5	-6.579037463538616
1181.	-6.588702017987269
1181.5	-6.598311502083013
1182.	-6.607867405640798
1182.5	-6.617373900896502
1183.	-6.626828722275781
1183.5	-6.6362322866252175
1184.	-6.645585010791393
1184.5	-6.65489012388744
1185.	-6.66414410558677
1185.5	-6.673346247829345
1186.	-6.682495842555126
1186.5	-6.6915867217001335
1187.	-6.700625821209848
1187.5	-6.709614617025809
1188.	-6.718554585089558
1188.5	-6.727449965368246
1189.	-6.736298364167553
1189.5	-6.745100151818774
1190.	-6.753855698653204
1190.5	-6.762568281213368
1191.	-6.7712342011348365
1191.5	-6.779852666264412
1192.	-6.788422884448894
1192.5	-6.79694130350857
1193.	-6.805410995327363
1193.5	-6.813832271762684
1194.	-6.82220544467194
1194.5	-6.8305249935535235
1195.	-6.838799395567467
1195.5	-6.847031295514784
1196.	-6.855223338196489
1196.5	-6.863392783395031
1197.	-6.871521814937419
1197.5	-6.879607231632095
1198.	-6.887645832287501
1198.5	-6.895619818007251
1199.	-6.903546424386547
1199.5	-6.9114282893157615
1200.	-6.91926805068527
1200.5	-6.927074188456712
1201.	-6.934841161620686
1201.5	-6.942569271239061
1202.	-6.950258818373704
1202.5	-6.957913171198859
1203.	-6.965528336819064
1203.5	-6.973103389451233
1204.	-6.980637403312284
1204.5	-6.988126518310001
1205.	-6.995573916694082
1205.5	-7.002979846405092
1206.	-7.010344555383599
1206.5	-7.017668297337642
1207.	-7.024951312133326
1207.5	-7.03219384540423
1208.	-7.03939614278393
1208.5	-7.046558481772169
1209.	-7.053681063389894
1209.5	-7.060764120524219
1210.	-7.067807886062255
1210.5	-7.074809436090224
1211.	-7.081773423016485
1211.5	-7.0887013424485055
1212.	-7.095594689993755
1212.5	-7.102464428363777
1213.	-7.1092987992203325
1213.5	-7.11609551132926
1214.	-7.122852273456399
1214.5	-7.12955418622446
1215.	-7.136216609799656
1215.5	-7.142842296205077
1216.	-7.1494339974638095
1216.5	-7.1560072002389905
1217.	-7.16254682805764
1217.5	-7.169050539086827
1218.	-7.17551599149362
1218.5	-7.1819280224879165
1219.	-7.188302239576824
1219.5	-7.194641429310281
1220.	-7.200948378238224
1220.5	-7.207238820627928
1221.	-7.2134974162250565
1221.5	-7.219721772492613
1222.	-7.2259094968936
1222.5	-7.23204847583207
1223.	-7.238149926253553
1223.5	-7.244215344044632
1224.	-7.25024622509189
1224.5	-7.256247316117416
1225.	-7.2622155618380795
1225.5	-7.268151157806258
1226.	-7.274054299574331
1226.5	-7.27992518671722
1227.	-7.2857640091557405
1227.5	-7.291570960833253
1228.	-7.297346235693118
1228.5	-7.303032534927942
1229.	-7.30871054233214
1229.5	-7.314403448949372
1230.	-7.320134445823302
1230.5	-7.326028136854279
1231.	-7.331965735086601
1231.5	-7.337929866421252
1232.	-7.343903156759218
1232.5	-7.3498325387814
1233.	-7.355750608896903
1233.5	-7.361654270294748
1234.	-7.367540426163955
1234.5	-7.3734013796476905
1235.	-7.37924047399917
1235.5	-7.385056452425753
1236.	-7.390848058134804
1236.5	-7.396610656398487
1237.	-7.402347719533436
1237.5	-7.40805934192109
1238.	-7.41374561794289
1238.5	-7.419406646340224
1239.	-7.425042515390601
1239.5	-7.43065331773148
1240.	-7.436239146000319
1240.5	-7.441800120141131
1241.	-7.4473362945622
1241.5	-7.452847750978364
1242.	-7.458334571104462
1242.5	-7.463796840058289
1243.	-7.46923463479054
1243.5	-7.474648035654873
1244.	-7.480037123004941
1244.5	-7.485401999685786
1245.	-7.490742714563121
1245.5	-7.496059338994044
1246.	-7.5013519443356556
1246.5	-7.5066206122967305
1247.	-7.511865399742021
1247.5	-7.517086373887959
1248.	-7.52228360195097
1248.5	-7.527453118129991
1249.	-7.5326006358659425
1249.5	-7.537727835582251
1250.	-7.542836397702343
1250.5	-7.5479359653448
1251.	-7.553017071159833
1251.5	-7.5580782104928055
1252.	-7.563117878689084
1252.5	-7.568134865457523
1253.	-7.573127254034602
1253.5	-7.578093422020288
1254.	-7.583031747014552
1254.5	-7.587928135010062
1255.	-7.592798423857006
1255.5	-7.597645979798273
1256.	-7.602474169076752
1256.5	-7.6072944602171395
1257.	-7.612098876267792
1257.5	-7.616887542558875
1258.	-7.621660584420555
1258.5	-7.626426908837885
1259.	-7.631174346824186
1259.5	-7.635899511047665
1260.	-7.640599014176532
1260.5	-7.645252211171341
1261.	-7.649879875491017
1261.5	-7.654485522886831
1262.	-7.659072669110052
1262.5	-7.663657857074075
1263.	-7.668226364503198
1263.5	-7.672776496283841
1264.	-7.677306557302426
1264.5	-7.681810547302602
1265.	-7.68629279837067
1265.5	-7.690753337450159
1266.	-7.6951921914846
1266.5	-7.699604730450735
1267.	-7.703997501045595
1267.5	-7.708372392999424
1268.	-7.712731296042465
1268.5	-7.717085305969388
1269.	-7.721423424020242
1269.5	-7.725743857499501
1270.	-7.73004481371164
1270.5	-7.734319975317635
1271.	-7.738573884122856
1271.5	-7.742806557289176
1272.	-7.7470180119784695
1272.5	-7.751203392823981
1273.	-7.755369538527661
1273.5	-7.759518415262832
1274.	-7.763651989202818
1274.5	-7.767781869398194
1275.	-7.771896521994131
1275.5	-7.775994056013052
1276.	-7.780072580477378
1276.5	-7.784125456451914
1277.	-7.788157440099749
1277.5	-7.792168539626352
1278.	-7.796158763237193
1278.5	-7.800128140510284
1279.	-7.804076649729536
1279.5	-7.808004290551401
1280.	-7.8119110626323325
1280.5	-7.815791787589821
1281.	-7.819653714334865
1281.5	-7.823498913739503
1282.	-7.82732945667577
1282.5	-7.8311523725106555
1283.	-7.8349627902232655
1283.5	-7.838760797287658
1284.	-7.84254648117789
1284.5	-7.846330618154409
1285.	-7.850098331390325
1285.5	-7.85384543284514
1286.	-7.857567734478355
1286.5	-7.861240010303202
1287.	-7.864887525403959
1287.5	-7.868514506918636
1288.	-7.872125181985242
1288.5	-7.875734141975915
1289.	-7.879331104100883
1289.5	-7.882916149804503
1290.	-7.886489360531131
1290.5	-7.890056412271129
1291.	-7.893609554104448
1291.5	-7.897146629657044
1292.	-7.9006654825548726
1292.5	-7.904158605506688
1293.	-7.907631333422527
1293.5	-7.911083650295227
1294.	-7.914515540117622
1294.5	-7.9179212803517665
1295.	-7.921308844133591
1295.5	-7.9246804980682475
1296.	-7.928038508760884
1296.5	-7.931396443959136
1297.	-7.934740748668672
1297.5	-7.938069169037648
1298.	-7.941379451214222
1298.5	-7.944669341346547
1299.	-7.947936585582778
1299.5	-7.951178930071072
1300.	-7.954394120959584