1076.	0.5246718035939582
1076.5	0.8110654845873599
1077.	1.0766547185762232
1077.5	1.3228650731147853
1078.	1.5511221157572832
1078.5	1.762851414057954
1079.	1.9594785355710347
1079.5	2.1424290478507624
1080.	2.3131285184513746
1080.5	2.4730025149271078
1081.	2.6234766048321996
1081.5	2.7659763557208867
1082.	2.9019273351474064
1082.5	3.035037820758365
1083.	3.1635375859786823
1083.5	3.2879391143256487
1084.	3.408754889316553
1084.5	3.527155508620482
1085.	3.6427320959422103
1085.5	3.7557338891383063
1086.	3.866410126065342
1086.5	3.975267107939195
1087.	4.082194183913405
1087.5	4.187337766500819
1088.	4.290844268214284
1088.5	4.392998017165153
1089.	4.493752344028366
1089.5	4.5931984950773685
1090.	4.691427716585604
1090.5	4.788601583549446
1091.	4.884712882030242
1091.5	4.979824726812267
1092.	5.074000232679795
1092.5	5.167346970239828
1093.	5.259865816124824
1093.5	5.3516021027899665
1094.	5.4426011626904405
1094.5	5.532937001970479
1095.	5.622614809920598
1095.5	5.711668449520362
1096.	5.800131783749336
1096.5	5.888063513960341
1097.	5.975462729410383
1097.5	6.062353357729724
1098.	6.1487593265486264
1098.5	6.234713785657142
1099.	6.320227751661828
1099.5	6.405321463329031
1100.	6.490015159425098
1100.5	6.574338907343112
1101.	6.658299185771988
1101.5	6.741912302027378
1102.	6.825194563424933
1102.5	6.908169581535264
1103.	6.990843437717079
1103.5	7.073229517584047
1104.	7.155341206749836
1104.5	7.237204319897894
1105.	7.318814841944196
1105.5	7.400181186874495
1106.	7.48131176867455
1106.5	7.56220617276166
1107.	7.642885173117416
1107.5	7.723360715154953
1108.	7.803644744287406
1108.5	7.883758704640443
1109.	7.963701243429658
1109.5	8.043480506583172
1110.	8.123104640029114
1110.5	8.202600488979252
1111.	8.281950020364604
1111.5	8.361153900399835
1112.	8.440212795299605
1112.5	8.519098852903394
1113.	8.597852665151128
1113.5	8.676486305607547
1114.	8.75501184783739
1114.5	8.833475237839648
1115.	8.911841127771108
1115.5	8.990108042222806
1116.	9.06827450578578
1116.5	9.146315946244469
1117.	9.224263223719149
1117.5	9.302124101523496
1118.	9.379906342971186
1118.5	9.45762689279321
1119.	9.535280660319003
1119.5	9.612871736295322
1120.	9.690404211468916
1120.5	9.767893123965218
1121.	9.845327238200825
1121.5	9.922706265971021
1122.	10.000029919071082
1122.5	10.077279482197632
1123.	10.15448046508407
1123.5	10.231639950365143
1124.	10.308765020675592
1124.5	10.385883459839855
1125.	10.462973368827102
1125.5	10.5400335497962
1126.	10.617062804906018
1126.5	10.694039600577854
1127.	10.770991209003165
1127.5	10.847924566635843
1128.	10.92484660992978
1128.5	11.001798164175208
1129.	11.07873872145514
1129.5	11.155661662688933
1130.	11.232560368795944
1130.5	11.309383487860716
1131.	11.386187026771339
1131.5	11.462982259581093
1132.	11.539780460343259
1132.5	11.61664007559595
1133.	11.693506337913677
1133.5	11.770371652355792
1134.	11.847228423981637
1134.5	11.924020751109916
1135.	12.00080866823688
1135.5	12.077603903118131
1136.	12.154418183509277
1136.5	12.231313827284845
1137.	12.308231736033946
1137.5	12.385163401464613
1138.	12.462100315284879
1138.5	12.5390099173378
1139.	12.615917371942382
1139.5	12.69282379155265
1140.	12.769730288622629
1140.5	12.84660930862595
1141.	12.923502097789193
1141.5	13.000421235358543
1142.	13.077379300580183
1142.5	13.154444839568617
1143.	13.231552077954383
1143.5	13.308691208236338
1144.	13.385852422913342
1144.5	13.46299907620968
1145.	13.540158934208609
1145.5	13.617332924718815
1146.	13.69452197554898
1146.5	13.771072345788419
1147.	13.847901499452938
1147.5	13.925272231838974
1148.	14.003447338242962
1148.5	14.082337167313437
1149.	14.162697939653894
1149.5	14.244933429219929
1150.	14.329447409967138
1150.5	14.41920591713082
1151.	14.511025558874984
1151.5	14.604285204643348
1152.	14.698363723879627
1152.5	14.791081956504742
1153.	14.884000013294319
1153.5	14.97711997550119
1154.	15.070443924378182
1154.5	15.16398082116489
1155.	15.257723115132682
1155.5	15.351670135539687
1156.	15.445821211644029
1156.5	15.540166959238832
1157.	15.634718906433234
1157.5	15.729479867871365
1158.	15.824452658197357
1158.5	15.919583692208304
1159.	16.01495474433419
1159.5	16.110591189157955
1160.	16.206518401262546
1160.5	16.30295255643424
1161.	16.399651907571315
1161.5	16.496565508775387
1162.	16.59364241414807
1162.5	16.69064137598054
1163.	16.78777787090902
1163.5	16.88507707375931
1164.	16.98256415935719
1164.5	17.080305499812994
1165.	17.178268593754154
1165.5	17.276462137092643
1166.	17.37489482574043
1166.5	17.473636560281662
1167.	17.572610350087267
1167.5	17.671800409200348
1168.	17.77119095166401
1168.5	17.870683982129425
1169.	17.970378807788396
1169.5	18.070292526440802
1170.	18.17044223588652
1170.5	18.27092959053105
1171.	18.371653308926394
1171.5	18.47259666623017
1172.	18.573742937600002
1172.5	18.674988693784606
1173.	18.776438596114073
1173.5	18.8781106015096
1174.	18.98002266689237
1174.5	19.082258428586083
1175.	19.18474389234841
1175.5	19.28747074333954
1176.	19.390430666719656
1176.5	19.493593696281646
1177.	19.59698182909991
1177.5	19.70059541088155
1178.	19.80443478733367
1178.5	19.908500353510682
1179.	20.01279238603345
1179.5	20.117311210870152
1180.	20.222057153988963
1180.5	20.327030580692263
1181.	20.43223176188034
1181.5	20.537661007787705
1182.	20.643318628648842
1182.5	20.749179159519983
1183.	20.8552789958852
1183.5	20.961628758050303
1184.	21.06823906632109
1184.5	21.175197396794214
1185.	21.2824067716683
1185.5	21.389847068932813
1186.	21.497498166577223
1186.5	21.605236706846977
1187.	21.713187097773172
1187.5	21.821370511642893
1188.	21.92980812074321
1188.5	22.0385991842822
1189.	22.14765555285755
1189.5	22.256967163987937
1190.	22.366523955192044
1190.5	22.476290070573754
1191.	22.58629155843246
1191.5	22.69652867365276
1192.	22.807001671119252
1192.5	22.917710839109663
1193.	23.02865638575821
1193.5	23.139838552592234
1194.	23.251257581139082
1194.5	23.362913737291677
1195.	23.474807228465554
1195.5	23.58693828644182
1196.	23.6993071430016
1196.5	23.81191405316923
1197.	23.924759216185297
1197.5	24.037842854533633
1198.	24.151165190698052
1198.5	24.264695516242625
1199.	24.37847735693883
1199.5	24.492523307638386
1200.	24.606845963193017
1200.5	24.721550123292367
1201.	24.83651929601507
1201.5	24.951729194277668
1202.	25.06715553099672
1202.5	25.182650215223337
1203.	25.29836228528568
1203.5	25.414316975646482
1204.	25.530539520768464
1204.5	25.647148698078492
1205.	25.764038781889496
1205.5	25.88119758947855
1206.	25.99861293812272
1206.5	26.11624171463906
1207.	26.234115038948662
1207.5	26.352233100512606
1208.	26.470596088791968
1208.5	26.589169812855026
1209.	26.708002594712774
1209.5	26.82710837598341
1210.	26.946501098285125
1210.5	27.0662971776475
1211.	27.186367091512793
1211.5	27.30668379173465
1212.	27.427220230166718
1212.5	27.547847629329905
1213.	27.668681362143683
1213.5	27.789735072194787
1214.	27.911022403069953
1214.5	28.032554151258413
1215.	28.154347946283412
1215.5	28.276418570570698
1216.	28.398780806546007
1216.5	28.521521065561345
1217.	28.644553849545684
1217.5	28.767865289354265
1218.	28.891441515842327
1218.5	29.015233577350696
1219.	29.13927672025478
1219.5	29.263571108415583
1220.	29.388116905694105
1220.5	29.512914286716608
1221.	29.637963400272728
1221.5	29.76326440591736
1222.	29.888817463205406
1222.5	30.01462274201705
1223.	30.140680387451777
1223.5	30.266990554934377
1224.	30.393553399889626
1224.5	30.520328837655725
1225.	30.647373359778666
1225.5	30.77470321771786
1226.	30.902334662932727
1226.5	31.030403952504006
1227.	31.158759330021244
1227.5	31.287369044695325
1228.	31.416201345737132
1228.5	31.545063464179677
1229.	31.674149074682852
1229.5	31.803490833728684
1230.	31.933121397799205
1230.5	32.063194943921786
1231.	32.193573999814966
1231.5	32.32424261374264
1232.	32.4551848339687
1232.5	32.58634448289016
1233.	32.717761924984536
1233.5	32.84943729886246
1234.	32.98137074313457
1234.5	33.11356238508928
1235.	33.24601237918835
1235.5	33.3787208685713
1236.	33.51168799637765
1236.5	33.644868964456144
1237.	33.77832683375342
1237.5	33.91207972392532
1238.	34.046145754627716
1238.5	34.18067712739885
1239.	34.3155042472592
1239.5	34.45059160111164
1240.	34.58590367585906
1240.5	34.72122509863187
1241.	34.85677216001441
1241.5	34.99258129081855
1242.	35.12868892185615
1242.5	35.26526719033887
1243.	35.40216253811888
1243.5	35.539357113448155
1244.	35.67683306457866
1244.5	35.81452757016049
1245.	35.952485735888224
1245.5	36.090707697854555
1246.	36.2291935921522
1246.5	36.367943569439376
1247.	36.506957745417076
1247.5	36.64623625035179
1248.	36.78577921451002
1248.5	36.92558677862184
1249.	37.06565905830475
1249.5	37.205996179639826
1250.	37.34659826870812
1250.5	37.48741468061976
1251.	37.62851662081515
1251.5	37.76992452376375
1252.	37.911658823935014
1252.5	38.053891411215865
1253.	38.196430682491304
1253.5	38.3392364900638
1254.	38.48226868623581
1254.5	38.62528404340676
1255.	38.7685267257434
1255.5	38.91203781750941
1256.	39.0558584029685
1256.5	39.20018272460746
1257.	39.34483744517763
1257.5	39.48980238565347
1258.	39.63505736700943
1258.5	39.78053145423411
1259.	39.92627552668213
1259.5	40.07228970772231
1260.	40.21857412072343
1260.5	40.36507375793007
1261.	40.51186592628491
1261.5	40.658972801606424
1262.	40.806416559713085
1262.5	40.95438386626217
1263.	41.10266661129782
1263.5	41.251221174702984
1264.	41.400003936360626
1264.5	41.548750773681405
1265.	41.69772677000947
1265.5	41.84697650621668
1266.	41.99654456317489
1266.5	42.14664178088561
1267.	42.29707997743921
1267.5	42.44783723005572
1268.	42.59889161595514
1268.5	42.75016608856411
1269.	42.90171589841338
1269.5	43.05354117224033
1270.	43.20564203678232
1270.5	43.35801863159755
1271.	43.51067106547425
1271.5	43.663599460021445
1272.	43.816803936848196
1272.5	43.970224024816694
1273.	44.12394467538156
1273.5	44.277990247250585
1274.	44.43238509913155
1274.5	44.58733442657928
1275.	44.742609416715695
1275.5	44.898162093509754
1276.	45.053944480930426
1276.5	45.209666240486364
1277.	45.36561870359096
1277.5	45.52185083919731
1278.	45.6784116162585
1278.5	45.835532695870924
1279.	45.99300727798705
1279.5	46.150811254702624
1280.	46.30892051811344
1280.5	46.46725038284787
1281.	46.62586154945602
1281.5	46.78475414102059
1282.	46.943928280624306
1282.5	47.10331874818229
1283.	47.26301714721188
1283.5	47.42304973806283
1284.	47.583442781084884
1284.5	47.744417591826476
1285.	47.9057273533592
1285.5	48.06732030395333
1286.	48.22914468187915
1286.5	48.390887346944396
1287.	48.55286246726689
1287.5	48.71512283250194
1288.	48.87772123230482
1288.5	49.040907456710634
1289.	49.20445849484295
1289.5	49.36834833620514
1290.	49.53255097030057
1290.5	49.69697503929563
1291.	49.86168601896547
1291.5	50.02668403774826
1292.	50.19196922408217
1292.5	50.35747144494852
1293.	50.52328919482506
1293.5	50.68945070673269
1294.	50.85598421369232
1294.5	51.02312774190117
1295.	51.19061581393329
1295.5	51.358392745539064
1296.	51.52640285246886
1296.5	51.69430938031666
1297.	51.86245014305179
1297.5	52.03088188448718
1298.	52.19966134843577
1298.5	52.36884527871049
1299.	52.538490419124265
1299.5	52.70865351349004
1300.	52.87939130562074