1076.	0.8452464300590643
1076.5	1.3049587811780694
1077.	1.7308831948494907
1077.5	2.125326278289883
1078.	2.490594638715802
1078.5	2.8289948833438023
1079.	3.1428336193904403
1079.5	3.4344174540722707
1080.	3.7060529946058494
1080.5	3.960046848207731
1081.	4.198705622094471
1081.5	4.424335923482626
1082.	4.63924435958875
1082.5	4.849440944305867
1083.	5.052047515503476
1083.5	5.247889317727546
1084.	5.437791595524045
1084.5	5.62362057661435
1085.	5.8047441290988555
1085.5	5.981571104253367
1086.	6.154510353353687
1086.5	6.324412215697599
1087.	6.491067459330138
1087.5	6.654708340318315
1088.	6.815567114729143
1088.5	6.9740722648525635
1089.	7.130181330043489
1089.5	7.284048075879761
1090.	7.4358262679392215
1090.5	7.585801949789515
1091.	7.733943697822757
1091.5	7.880352366420868
1092.	8.02512880996577
1092.5	8.168442181257994
1093.	8.310297716893404
1093.5	8.45076895188647
1094.	8.58992942125167
1094.5	8.727899562657246
1095.	8.864687247402394
1095.5	9.000347249440082
1096.	9.134934342723275
1096.5	9.268535115147746
1097.	9.401159801146532
1097.5	9.532850449095475
1098.	9.663649107370421
1098.5	9.793620254620587
1099.	9.92277453683909
1099.5	10.051145030292426
1100.	10.178764811247088
1100.5	10.305691186791822
1101.	10.43192331004197
1101.5	10.557484564935121
1102.	10.682398335408873
1102.5	10.806685213908859
1103.	10.930372492461409
1103.5	11.053484671600904
1104.	11.176046251861717
1104.5	11.298097978833786
1105.	11.419641609973702
1105.5	11.540695147793613
1106.	11.661276594805672
1106.5	11.781420522057676
1107.	11.90112173611187
1107.5	12.020391612066147
1108.	12.1392415250184
1108.5	12.257670681978814
1109.	12.37570749336807
1109.5	12.493368201519147
1110.	12.610669048765015
1110.5	12.727649629703366
1111.	12.844293493496577
1111.5	12.960607541571735
1112.	13.07659867535593
1112.5	13.192257611355501
1113.	13.307613909886589
1113.5	13.422680946344583
1114.	13.537472096124873
1114.5	13.652024590906084
1115.	13.766318407287075
1115.5	13.880357378149942
1116.	13.994145336376777
1116.5	14.107678681103964
1117.	14.220971652457596
1117.5	14.334031056818052
1118.	14.446863700565714
1118.5	14.559465931372245
1119.	14.671859197810228
1119.5	14.78405448974353
1120.	14.896062797036022
1120.5	15.007920824616217
1121.	15.119603561257476
1121.5	15.231111710797801
1122.	15.342445977075204
1122.5	15.453597071991934
1123.	15.564579688096057
1123.5	15.67539852599988
1124.	15.786058286315713
1124.5	15.896564925032889
1125.	16.006921385235884
1125.5	16.117131865386202
1126.	16.22720056394534
1126.5	16.33711795899616
1127.	16.44690745753026
1127.5	16.55657874616059
1128.	16.6661415115001
1128.5	16.775650134916972
1129.	16.88505173036685
1129.5	16.994338106560594
1130.	17.103501072209074
1130.5	17.212474071956148
1131.	17.32133062420649
1131.5	17.430085883297767
1132.	17.538755003567644
1132.5	17.64739874998967
1133.	17.75596842201128
1133.5	17.864460929715786
1134.	17.972873183186515
1134.5	18.08120508696299
1135.	18.189449358889828
1135.5	18.297601711267863
1136.	18.40565785639792
1136.5	18.513563111672703
1137.	18.621383742264424
1137.5	18.72913561843716
1138.	18.836834610454993
1138.5	18.94456577513866
1139.	19.052248121572923
1139.5	19.159869845399204
1140.	19.267419142258927
1140.5	19.37481338638298
1141.	19.48213992338752
1141.5	19.589415277478185
1142.	19.6966559728606
1142.5	19.803952617490786
1143.	19.911218018323833
1143.5	20.018439066065216
1144.	20.125602651420415
1144.5	20.232639042602592
1145.	20.339614401806465
1145.5	20.446538268734436
1146.	20.553420183088907
1146.5	20.65995270447614
1147.	20.766589144733135
1147.5	20.873465835600754
1148.	20.980719108819855
1148.5	21.088408571958773
1149.	21.196777970599904
1149.5	21.30599432615311
1150.	21.416224660028266
1150.5	21.528752978148205
1151.	21.64218252360464
1151.5	21.75623352400225
1152.	21.870626206945722
1152.5	21.984380613461994
1153.	22.098197232364583
1153.5	22.21207636588927
1154.	22.326018316271824
1154.5	22.44001910100472
1155.	22.55408502096436
1155.5	22.668218092283855
1156.	22.782420331096297
1156.5	22.89669856428898
1157.	23.011048072939136
1157.5	23.12546894887819
1158.	23.239961283937564
1158.5	23.354520574250767
1159.	23.4691533456263
1159.5	23.58386152817476
1160.	23.698647052006738
1160.5	23.81351692491012
1161.	23.92846596824728
1161.5	24.043494081057883
1162.	24.158601162381604
1162.5	24.273764813015376
1163.	24.389016149538698
1163.5	24.504363990288333
1164.	24.619817153601048
1164.5	24.735444163858364
1165.	24.851170250934388
1165.5	24.96698035074797
1166.	25.082859399217984
1166.5	25.198733453894743
1167.	25.314669880413064
1167.5	25.430677166039228
1168.	25.546763798039507
1168.5	25.662957856592655
1169.	25.779240398887485
1169.5	25.895612075025284
1170.	26.012073535107337
1170.5	26.128625537286492
1171.	26.24526858039186
1171.5	26.362003271304093
1172.	26.478830216903866
1172.5	26.5957195152376
1173.	26.712714485553896
1173.5	26.829827938267112
1174.	26.94707268379161
1174.5	27.064552618458524
1175.	27.18215303239873
1175.5	27.299850301659884
1176.	27.41762080228964
1176.5	27.535350790844586
1177.	27.653142810659862
1177.5	27.77100928557954
1178.	27.88896263944771
1178.5	28.007012147546035
1179.	28.12517464170596
1179.5	28.243463805196523
1180.	28.361893321286765
1180.5	28.480575215639668
1181.	28.599385492172743
1181.5	28.718298497197456
1182.	28.837288577025255
1182.5	28.956197970356467
1183.	29.075185974158142
1183.5	29.194279777786196
1184.	29.313506570596548
1184.5	29.43302912535325
1185.	29.55268481464082
1185.5	29.67244659445192
1186.	29.792287420779203
1186.5	29.912041403308294
1187.	30.031875882861705
1187.5	30.15181935395491
1188.	30.27190031110338
1188.5	30.392252309061714
1189.	30.51275675801061
1189.5	30.633400128369896
1190.	30.7541688905594
1190.5	30.875014845357907
1191.	30.99597300068269
1191.5	31.117043694809986
1192.	31.238227266016033
1192.5	31.359563184570412
1193.	31.480997003958677
1193.5	31.602513409659732
1194.	31.724097087152472
1194.5	31.845616401876978
1195.	31.9672188873665
1195.5	32.08893575711546
1196.	32.21079822461829
1196.5	32.33295302057849
1197.	32.45526963439779
1197.5	32.57773307268697
1198.	32.700328342056814
1198.5	32.82300228814791
1199.	32.945793342929356
1199.5	33.06870177740003
1200.	33.1917278625588
1200.5	33.314871901528875
1201.	33.438134120335086
1201.5	33.561514777126575
1202.	33.6850141300525
1202.5	33.80863247123883
1203.	33.93237001126717
1203.5	34.05622699469594
1204.	34.18020366608357
1204.5	34.30430031378025
1205.	34.42851712103593
1205.5	34.55285431489232
1206.	34.67731212239114
1206.5	34.8018907813492
1207.	34.926590503723084
1207.5	35.05141151224447
1208.	35.17635402964503
1208.5	35.30137170575918
1209.	35.426529965374776
1209.5	35.551847660382414
1210.	35.67734364267268
1210.5	35.80317564674414
1211.	35.92916808883622
1211.5	36.05528426779632
1212.	36.18148748247183
1212.5	36.30760317071032
1213.	36.433787636758964
1213.5	36.56005932386511
1214.	36.68643667527609
1214.5	36.81298379925997
1215.	36.93965520803507
1215.5	37.066451078840444
1216.	37.19337158891514
1216.5	37.320366309753894
1217.	37.44750626663779
1217.5	37.57481187910362
1218.	37.70230356668815
1218.5	37.83015261859491
1219.	37.95816823682723
1219.5	38.086310493055194
1220.	38.21453945894888
1220.5	38.34261270367588
1221.	38.47077380240977
1221.5	38.5990638278216
1222.	38.72752385258247
1222.5	38.856401609918116
1223.	38.98544884772308
1223.5	39.11462397444656
1224.	39.24388539853777
1224.5	39.37298074274757
1225.	39.50216351550286
1225.5	39.631476439532186
1226.	39.7609622375641
1226.5	39.89082277934201
1227.	40.020877981773666
1227.5	40.151106908781664
1228.	40.28148862428862
1228.5	40.411949502469504
1229.	40.54254237289361
1229.5	40.67326737538258
1230.	40.80412464975808
1230.5	40.935172391414405
1231.	41.06632946237151
1231.5	41.19757278022202
1232.	41.32887926255851
1232.5	41.46005284275803
1233.	41.59131261631497
1233.5	41.72270469450815
1234.	41.85427518861641
1234.5	41.98624212736545
1235.	42.11841093760846
1235.5	42.25075896364552
1236.	42.383263549776686
1236.5	42.51584511726513
1237.	42.6485607026626
1237.5	42.781410419483954
1238.	42.914394381244016
1238.5	43.04751270360031
1239.	43.180765497067945
1239.5	43.31415287430467
1240.	43.44767494796827
1240.5	43.58133184791827
1241.	43.71512366272999
1241.5	43.84905049818047
1242.	43.98311246004678
1242.5	44.11730966686893
1243.	44.25164220655586
1243.5	44.38611017977947
1244.	44.52071368721167
1244.5	44.655386892566995
1245.	44.79022220825762
1245.5	44.92524610973837
1246.	45.060485072464076
1246.5	45.19616224383472
1247.	45.332028758581906
1247.5	45.46803242338242
1248.	45.60412104491301
1248.5	45.74004693728769
1249.	45.87603159677109
1249.5	46.012101027065086
1250.	46.14828123187154
1250.5	46.28459352659699
1251.	46.42107047855678
1251.5	46.55773996677091
1252.	46.694629870259405
1252.5	46.83197532075678
1253.	46.96951404348272
1253.5	47.10719101637143
1254.	47.244951217357105
1254.5	47.382461685308016
1255.	47.520056512850665
1255.5	47.65779185354564
1256.	47.7957238609535
1256.5	47.93419145234047
1257.	48.07285491207924
1257.5	48.211657288248105
1258.	48.35054162892541
1258.5	48.48916337446741
1259.	48.62786822376331
1259.5	48.766714267980255
1260.	48.905759598285385
1260.5	49.04527923296436
1261.	49.18502756521842
1261.5	49.32497591536729
1262.	49.46509560373071
1262.5	49.60536288916717
1263.	49.74574217804216
1263.5	49.886202815259935
1264.	50.02671414572474
1264.5	50.16701624947213
1265.	50.30739944222251
1265.5	50.4479247748276
1266.	50.58865329813911
1266.5	50.729874102560295
1267.	50.87132898357073
1267.5	51.01298777620151
1268.	51.154820315483754
1268.5	51.29672083512203
1269.	51.43876501200459
1269.5	51.58095292169312
1270.	51.72328463974935
1270.5	51.86576025345006
1271.	52.00837982195586
1271.5	52.151143416142446
1272.	52.29405110688549
1272.5	52.43710296482995
1273.	52.58029906117453
1273.5	52.723639466887235
1274.	52.86712425293604
1274.5	53.01075350546799
1275.	53.15452727420038
1275.5	53.29844562402956
1276.	53.44250861985189
1276.5	53.58663042357004
1277.	53.73093136427152
1277.5	53.87544586805016
1278.	54.02020836099979
1278.5	54.16550964337085
1279.	54.31102521743791
1279.5	54.45668695963215
1280.	54.60242674638477
1280.5	54.747921410131305
1281.	54.893459888896835
1281.5	55.0390760767108
1282.	55.18480386760265
1282.5	55.33067180674457
1283.	55.47672127656615
1283.5	55.622988310639755
1284.	55.769508942537726
1284.5	55.91658764587239
1285.	56.06388463816012
1285.5	56.211328576957264
1286.	56.35884811982018
1286.5	56.50601217668833
1287.	56.653253051781704
1287.5	56.80064330170341
1288.	56.948255483056556
1288.5	57.09652736170965
1289.	57.24502020129424
1289.5	57.39366047470727
1290.	57.54237465484568
1290.5	57.69071850966785
1291.	57.83913749898474
1291.5	57.987706377668715
1292.	58.136499900592156
1292.5	58.28587221911697
1293.	58.43550693303018
1293.5	58.585367038608375
1294.	58.7354155321281
1294.5	58.88552273982151
1295.	59.03578139602736
1295.5	59.186191565039984
1296.	59.336753311153714
1296.5	59.48746670818462
1297.	59.63833180709661
1297.5	59.78934866837535
1298.	59.94051735250646
1298.5	60.0918379199756
1299.	60.243310431268426
1299.5	60.39493494687057
1300.	60.546711527267675