1076.	-14.77251412848226
1076.5	-14.732572814721436
1077.	-14.692905707761774
1077.5	-14.653508536650442
1078.	-14.614377030434603
1078.5	-14.575506918161425
1079.	-14.536893928878076
1079.5	-14.498533791631717
1080.	-14.460422235469519
1080.5	-14.422554989438646
1081.	-14.384927782586264
1081.5	-14.34753634395954
1082.	-14.31037640260564
1082.5	-14.27343746842069
1083.	-14.236723977263312
1083.5	-14.200234145841087
1084.	-14.163966190861597
1084.5	-14.127921502280781
1085.	-14.09209385425852
1085.5	-14.056480194203054
1086.	-14.021077469522622
1086.5	-13.985882026840606
1087.	-13.950891654664044
1087.5	-13.916103540715113
1088.	-13.881514872715995
1088.5	-13.847124031746873
1089.	-13.812926534828723
1089.5	-13.778919092340525
1090.	-13.745098414661257
1090.5	-13.711421596163094
1091.	-13.67794080963454
1091.5	-13.644668611857302
1092.	-13.61161755961308
1092.5	-13.57875078646091
1093.	-13.546150041694226
1093.5	-13.513847651383795
1094.	-13.481875941600384
1094.5	-13.450469889177832
1095.	-13.419378109118608
1095.5	-13.388551867188248
1096.	-13.357942429152294
1096.5	-13.327384077032653
1097.	-13.296991853835946
1097.5	-13.266763818825162
1098.	-13.236698031263293
1098.5	-13.20679533707865
1099.	-13.177049894202774
1099.5	-13.147458647232526
1100.	-13.118018540764766
1100.5	-13.088722434623334
1101.	-13.059572992087324
1101.5	-13.030568791662807
1102.	-13.001708411855855
1102.5	-12.972994669160363
1103.	-12.944420208899448
1103.5	-12.915981914384052
1104.	-12.887676668925113
1104.5	-12.859495618684445
1105.	-12.83144367898177
1105.5	-12.803520027987682
1106.	-12.775723843872774
1106.5	-12.748058286898097
1107.	-12.720516960307602
1107.5	-12.693097449435705
1108.	-12.665797339616812
1108.5	-12.638614608061706
1109.	-12.611546291477879
1109.5	-12.584589818449194
1110.	-12.557742617559516
1110.5	-12.530999320609537
1111.	-12.504361271679556
1111.5	-12.477827018066707
1112.	-12.45139510706812
1112.5	-12.425065689655746
1113.	-12.398835067981967
1113.5	-12.372701147873988
1114.	-12.346661835159011
1114.5	-12.320714722722405
1115.	-12.294858154509942
1115.5	-12.269090161525558
1116.	-12.24340877477319
1116.5	-12.217812138832388
1117.	-12.192298125701232
1117.5	-12.166864720953415
1118.	-12.141509910162625
1118.5	-12.116229843427533
1119.	-12.091025075986863
1119.5	-12.065894327604322
1120.	-12.040836318043613
1120.5	-12.015853388268328
1121.	-11.990939188362322
1121.5	-11.966090989609343
1122.	-11.941306063293137
1122.5	-11.916578332306408
1123.	-11.891909755680361
1123.5	-11.867298944055161
1124.	-11.84274450807097
1124.5	-11.818244806343962
1125.	-11.793798802347888
1125.5	-11.769405207532506
1126.	-11.745062733347575
1126.5	-11.720772958608585
1127.	-11.696530580453272
1127.5	-11.67233316338511
1128.	-11.648178271907566
1128.5	-11.624060285020139
1129.	-11.599981226931854
1129.5	-11.57593993634777
1130.	-11.551935251972942
1130.5	-11.527969000344775
1131.	-11.50403583720304
1131.5	-11.48013340611985
1132.	-11.456259350667324
1132.5	-11.43240967447438
1133.	-11.408584317033613
1133.5	-11.38478157789442
1134.	-11.360999756606196
1134.5	-11.337233638598462
1135.	-11.313486443188442
1135.5	-11.289757875573477
1136.	-11.266047640950916
1136.5	-11.242361954373658
1137.	-11.218691407241273
1137.5	-11.195033100808887
1138.	-11.171384136331623
1138.5	-11.147738258004955
1139.	-11.124097266967517
1139.5	-11.100459607298298
1140.	-11.07682372307628
1140.5	-11.053184334158361
1141.	-11.02954509853445
1141.5	-11.005905949972371
1142.	-10.982266822239945
1142.5	-10.958634577021401
1143.	-10.93499944900159
1143.5	-10.911358600781767
1144.	-10.887709194963193
1144.5	-10.864044829456093
1145.	-10.840367657429168
1145.5	-10.816676267360087
1146.	-10.792969247726521
1146.5	-10.769473113882368
1147.	-10.74586735667858
1147.5	-10.722059393842336
1148.	-10.697956643100817
1148.5	-10.673510709968962
1149.	-10.648567149271086
1149.5	-10.623015703619265
1150.	-10.596746115625574
1150.5	-10.568873814707974
1151.	-10.5403725819503
1151.5	-10.511441885242274
1152.	-10.48228119247362
1152.5	-10.45360557906977
1153.	-10.424892662370446
1153.5	-10.396135667251091
1154.	-10.367327818587137
1154.5	-10.338440884991904
1155.	-10.309498130107794
1155.5	-10.280501361315094
1156.	-10.251452385994087
1156.5	-10.222359975697007
1157.	-10.19321618796341
1157.5	-10.1640200445048
1158.	-10.134770567032682
1158.5	-10.105467708605982
1159.	-10.076109187049813
1159.5	-10.046693651536716
1160.	-10.017219751239224
1160.5	-9.987685678258227
1161.	-9.958090721666569
1161.5	-9.928433713465445
1162.	-9.898713485656053
1162.5	-9.868939005100206
1163.	-9.839094914994234
1163.5	-9.80917599339509
1164.	-9.77917701835972
1164.5	-9.749062229002487
1165.	-9.718869157899961
1165.5	-9.688604798686129
1166.	-9.65827614499497
1166.5	-9.627926102611067
1167.	-9.597511388157567
1167.5	-9.567024630408218
1168.	-9.53645845813676
1168.5	-9.505784218732131
1169.	-9.47502433490681
1169.5	-9.444179947988461
1170.	-9.413252199304758
1170.5	-9.382253528609166
1171.	-9.351169259433235
1171.5	-9.31999601373431
1172.	-9.288730413469738
1172.5	-9.25736223218473
1173.	-9.225897679613627
1173.5	-9.194336117078635
1174.	-9.162676905901952
1174.5	-9.130924138637331
1175.	-9.099070552882809
1175.5	-9.067113617467971
1176.	-9.035050801222402
1176.5	-9.002874790024578
1177.	-8.970589748835636
1177.5	-8.938195059665604
1178.	-8.90569010452451
1178.5	-8.873079163529493
1179.	-8.840354761340624
1179.5	-8.807514320725092
1180.	-8.774555264450077
1180.5	-8.741470070942887
1181.	-8.708263085046536
1181.5	-8.674933707264156
1182.	-8.641481338098885
1182.5	-8.60791044276573
1183.	-8.574213331171205
1183.5	-8.540387377933696
1184.	-8.506429957671587
1184.5	-8.472333342925495
1185.	-8.438102051222684
1185.5	-8.403735498012649
1186.	-8.369233098744884
1186.5	-8.334599499944698
1187.	-8.299826793555445
1187.5	-8.264912302596295
1188.	-8.229853350086419
1188.5	-8.19464198728328
1189.	-8.159282917672433
1189.5	-8.12377557297773
1190.	-8.088119384923019
1190.5	-8.052316420738551
1191.	-8.016362422439219
1191.5	-7.980255767546313
1192.	-7.943994833581128
1192.5	-7.907575200947838
1193.	-7.870999163131696
1193.5	-7.83426621650084
1194.	-7.797375857423405
1194.5	-7.760333145450411
1195.	-7.723129788493961
1195.5	-7.68576305764904
1196.	-7.648230224010633
1196.5	-7.610520056332553
1197.	-7.572641728987426
1197.5	-7.534595914006704
1198.	-7.496383283421841
1198.5	-7.4580071249522994
1199.	-7.419464448666321
1199.5	-7.380754880320155
1200.	-7.341878045670052
1200.5	-7.302839397901112
1201.	-7.263630404369195
1201.5	-7.224248359859013
1202.	-7.184690559155276
1202.5	-7.1449453869573
1203.	-7.105022612169348
1203.5	-7.06492309361029
1204.	-7.024647690098991
1204.5	-6.984203089382764
1205.	-6.943581989780658
1205.5	-6.902782918540164
1206.	-6.861804402908773
1206.5	-6.820551604449903
1207.	-6.779153762368748
1207.5	-6.737646750186428
1208.	-6.696066441424065
1208.5	-6.654123840681414
1209.	-6.612309637969506
1209.5	-6.570789654378012
1210.	-6.529729710996597
1210.5	-6.490197475477027
1211.	-6.451096183722033
1211.5	-6.412230918196444
1212.	-6.37340676136509
1212.5	-6.333938049116661
1213.	-6.29431690912258
1213.5	-6.254544722478131
1214.	-6.214622870278597
1214.5	-6.174560225909703
1215.	-6.134347681260118
1215.5	-6.093983620508951
1216.	-6.053466427835311
1216.5	-6.012788386518954
1217.	-5.971956421998083
1217.5	-5.930971358811549
1218.	-5.889834021498202
1218.5	-5.848550700640108
1219.	-5.807114568315615
1219.5	-5.765524262646289
1220.	-5.723778421753691
1220.5	-5.681865279222461
1221.	-5.639798039525859
1221.5	-5.597579502600218
1222.	-5.555212468381874
1222.5	-5.512710262449786
1223.	-5.470060948840612
1223.5	-5.427263117233635
1224.	-5.3843153573081395
1224.5	-5.3412104137637755
1225.	-5.297955059251313
1225.5	-5.25455022144189
1226.	-5.2109968280066425
1226.5	-5.167303837089034
1227.	-5.1234609336989445
1227.5	-5.079465833318581
1228.	-5.0353162514301495
1228.5	-4.990993934421544
1229.	-4.94651895450701
1229.5	-4.901895414806475
1230.	-4.857127418439873
1230.5	-4.812243138910968
1231.	-4.7672129808023245
1231.5	-4.7220314190803405
1232.	-4.6766929287114145
1232.5	-4.631165071069548
1233.	-4.5854800001504925
1233.5	-4.539642956357607
1234.	-4.493659180094246
1234.5	-4.447559959491564
1235.	-4.401314068134001
1235.5	-4.354916327333798
1236.	-4.308361558403191
1236.5	-4.261621505749584
1237.	-4.214723298351986
1237.5	-4.167670988284569
1238.	-4.120468627621506
1238.5	-4.0731366840723835
1239.	-4.025656227821795
1239.5	-3.978024744689747
1240.	-3.930239720496248
1240.5	-3.8822858656292465
1241.	-3.834178551513631
1241.5	-3.7859203741422314
1242.	-3.7375139295078785
1242.5	-3.6889803509968986
1243.	-3.6402962822512275
1243.5	-3.5914569043062974
1244.	-3.542457398197539
1244.5	-3.493273177979154
1245.	-3.443927098460297
1245.5	-3.394422247468894
1246.	-3.3447617128328684
1246.5	-3.2949612688246037
1247.	-3.245006242249782
1247.5	-3.194894646358544
1248.	-3.1446244944010315
1248.5	-3.094179052767203
1249.	-3.0435769803114536
1249.5	-2.9928221890279976
1250.	-2.9419185909110483
1250.5	-2.890899058403931
1251.	-2.839726958872103
1251.5	-2.788394620130133
1252.	-2.73689436999259
1252.5	-2.6851809188656266
1253.	-2.633299258935595
1253.5	-2.58125676498043
1254.	-2.5290608117780673
1254.5	-2.4767568835178997
1255.	-2.4242990018018222
1255.5	-2.371679297643188
1256.	-2.3188899020553495
1256.5	-2.2658912588358193
1257.	-2.212719861100126
1257.5	-2.159380514747959
1258.	-2.105878025679006
1258.5	-2.0522326729718334
1259.	-1.9984276000757015
1259.5	-1.9444614236187483
1260.	-1.8903327602291116
1260.5	-1.836040321037178
1261.	-1.7815825903679372
1261.5	-1.7269581470486268
1262.	-1.6721655699064852
1262.5	-1.6171942629609133
1263.	-1.5620556497701215
1263.5	-1.5067519790844828
1264.	-1.4512854996543707
1264.5	-1.395666984854127
1265.	-1.3398867489605684
1265.5	-1.2839436308744805
1266.	-1.2278364694966486
1266.5	-1.1715739996508843
1267.	-1.1151412059457368
1267.5	-1.0585329689127816
1268.	-1.0017441690835938
1268.5	-0.9447506846731462
1269.	-0.8875739994562577
1269.5	-0.8302165948911444
1270.	-0.7726809524360227
1270.5	-0.714968465485762
1271.	-0.6570831387872642
1271.5	-0.5990278890240844
1272.	-0.5408056328797777
1272.5	-0.48243960150223897
1273.	-0.42390427132494735
1273.5	-0.365194433245722
1274.	-0.30630487816238183
1274.5	-0.24720962177072758
1275.	-0.1879325402514041
1275.5	-0.12847673458303785
1276.	-0.06884530574425529
1276.5	-0.00905153280779436
1277.	0.050915732579474626
1277.5	0.11105746067656974
1278.	0.17137462174250917
1278.5	0.23185653121459074
1279.	0.292520476102241
1279.5	0.35337208859316627
1280.	0.4144170008750727
1280.5	0.4756953307795972
1281.	0.5371644305929432
1281.5	0.5988161382452447
1282.	0.6606422916666359
1282.5	0.7226004486523752
1283.	0.7847304393214223
1283.5	0.8470378136578618
1284.	0.9095281216457778
1284.5	0.9722181759546284
1285.	1.0350977588089747
1285.5	1.0981679151187518
1286.	1.161429689793894
1286.5	1.2248840699738126
1287.	1.2885321814471757
1287.5	1.3523750922321283
1288.	1.4164138703468145
1288.5	1.4806627759003574
1289.	1.5451044079835317
1289.5	1.6097345577780906
1290.	1.6745490164657868
1290.5	1.7395177203105496
1291.	1.8046726573790859
1291.5	1.8700199608202783
1292.	1.9355657637830097
1292.5	2.001342633431563
1293.	2.0673196952932607
1293.5	2.1334925089108254
1294.	2.19985663382698
1294.5	2.266380450193658
1295.	2.333097568700687
1295.5	2.400014420647103
1296.	2.467137437331945
1296.5	2.5345008314802002
1297.	2.602072140394577
1297.5	2.669846682803733
1298.	2.7378197774363255
1298.5	2.8059867430210135
1299.	2.874342898286454
1299.5	2.9428835619613056
1300.	3.011604052774226