1076.	-0.11074017919319368
1076.5	-0.16769036219102418
1077.	-0.21989131307558493
1077.5	-0.2676565217109631
1078.	-0.311299477961246
1078.5	-0.3511336716905209
1079.	-0.3874725927628751
1079.5	-0.42062973104239576
1080.	-0.45091857639317023
1080.5	-0.4786526186792857
1081.	-0.5041453477648296
1081.5	-0.5277102535138889
1082.	-0.5496608257905511
1082.5	-0.5708034032220018
1083.	-0.5907614874039905
1083.5	-0.609651428695365
1084.	-0.6275895774549733
1084.5	-0.6448350994853913
1085.	-0.6613044035242476
1085.5	-0.6770567137528988
1086.	-0.6921512543527016
1086.5	-0.7067067413467432
1087.	-0.7206991103379575
1087.5	-0.7341637887710092
1088.	-0.7471362040905629
1088.5	-0.7596821207404343
1089.	-0.7717944943664763
1089.5	-0.7834966176136927
1090.	-0.7948117831270878
1090.5	-0.8057805601714144
1091.	-0.8164020541240282
1091.5	-0.8266926469820335
1092.	-0.8366687207425348
1092.5	-0.8463574114207288
1093.	-0.8557600453883909
1093.5	-0.8648887030353886
1094.	-0.8737554647515895
1094.5	-0.8823794150150389
1095.	-0.8907628284921557
1095.5	-0.8989149839375363
1096.	-0.9068451601057772
1096.5	-0.9145676352445318
1097.	-0.9220846888181169
1097.5	-0.9294035997839064
1098.	-0.936531647099274
1098.5	-0.9434798339063163
1099.	-0.9502502253037951
1099.5	-0.9568486105751948
1100.	-0.963280779004
1100.5	-0.9695547074111436
1101.	-0.9756731225276825
1101.5	-0.9816409386221219
1102.	-0.9874630699629671
1102.5	-0.9931469795207356
1103.	-0.9986940133811154
1103.5	-1.004108066331807
1104.	-1.00939303316051
1104.5	-1.0145539992375463
1105.	-1.0195931925349466
1105.5	-1.0245140316073629
1106.	-1.0293199350094475
1106.5	-1.0340156448648603
1107.	-1.0386027267316422
1107.5	-1.0430840697368415
1108.	-1.0474625630075072
1108.5	-1.051742203304438
1109.	-1.0559243290674325
1109.5	-1.0600113863700396
1110.	-1.064005821285808
1110.5	-1.06791090598603
1111.	-1.0717279300074132
1111.5	-1.075459008984409
1112.	-1.0791062585514684
1112.5	-1.0826720924800608
1113.	-1.086158209012812
1113.5	-1.0895666045293662
1114.	-1.0928992754093674
1114.5	-1.0961593983467637
1115.	-1.0993473172811732
1115.5	-1.1024645564665185
1116.	-1.105512640156722
1116.5	-1.108493053388515
1117.	-1.111407375319887
1117.5	-1.1142571458916375
1118.	-1.1170439050445649
1118.5	-1.1197700102147543
1119.	-1.1224358568496038
1119.5	-1.1250426578917976
1120.	-1.12759162628402
1120.5	-1.1300838854024364
1121.	-1.1325207735828575
1121.5	-1.1349035395945752
1122.	-1.1372334322068813
1122.5	-1.1395122766295125
1123.	-1.141740514615138
1123.5	-1.1439191643568716
1124.	-1.1460492440478272
1124.5	-1.148132042189058
1125.	-1.1501681985425631
1125.5	-1.1521586231782803
1126.	-1.1541042261661483
1126.5	-1.156006142293151
1127.	-1.157864967025362
1127.5	-1.1596815205459012
1128.	-1.1614566230378887
1128.5	-1.1631909627424137
1129.	-1.1648855445614381
1129.5	-1.1665412414548941
1130.	-1.1681589263827135
1130.5	-1.1697401325682364
1131.	-1.1712848086026226
1131.5	-1.1727935633404407
1132.	-1.1742670056362592
1132.5	-1.1757057472356809
1133.	-1.1771103929458255
1133.5	-1.1784815504648483
1134.	-1.1798198274909035
1134.5	-1.1811257817288194
1135.	-1.1824000908674075
1135.5	-1.1836433826021528
1136.	-1.1848562846285406
1136.5	-1.1860395312261625
1137.	-1.1871936008727544
1137.5	-1.1883190786301585
1138.	-1.1894165495602178
1138.5	-1.1904872896997736
1139.	-1.1915309167456694
1139.5	-1.1925477393697483
1140.	-1.1935380662438533
1140.5	-1.1945013190529739
1141.	-1.1954390482505475
1141.5	-1.1963519173031578
1142.	-1.1972405896773892
1142.5	-1.198106820025262
1143.	-1.1989497441537496
1143.5	-1.1997695890552613
1144.	-1.2005665817222066
1144.5	-1.2013404181727534
1145.	-1.20209206876325
1145.5	-1.2028219728758023
1146.	-1.2035305698925167
1146.5	-1.2042282174260082
1147.	-1.204901469335671
1147.5	-1.2055467977114083
1148.	-1.2061606746431228
1148.5	-1.2067418194656654
1149.	-1.2072835581260117
1149.5	-1.207781463816086
1150.	-1.2082311097278118
1150.5	-1.2085953062480512
1151.	-1.2089154944958143
1151.5	-1.2092003527850497
1152.	-1.2094585594297054
1152.5	-1.2097200244699147
1153.	-1.2099637018029676
1153.5	-1.2101897770523384
1154.	-1.2103984358415016
1154.5	-1.2105891922007361
1155.	-1.2107631719839906
1155.5	-1.2109208294520175
1156.	-1.21106261886557
1156.5	-1.2111897599288242
1157.	-1.2113016352817398
1157.5	-1.2113983930077008
1158.	-1.2114801811900906
1158.5	-1.2115472180281974
1159.	-1.211599553443138
1159.5	-1.2116373074719335
1160.	-1.2116606001516055
1160.5	-1.211668809514222
1161.	-1.2116630944037392
1161.5	-1.21164387165916
1162.	-1.2116115581194868
1162.5	-1.2115673801262796
1163.	-1.2115106212149613
1163.5	-1.2114413744235124
1164.	-1.2113597327899126
1164.5	-1.2112658420753484
1165.	-1.211159721505311
1165.5	-1.211041443028498
1166.	-1.2109110785936068
1166.5	-1.2107679065213908
1167.	-1.2106131098396697
1167.5	-1.2104470779483187
1168.	-1.2102702002472132
1168.5	-1.2100840037425258
1169.	-1.2098872851853157
1169.5	-1.209679978932939
1170.	-1.2094620193427523
1170.5	-1.2092322262341617
1171.	-1.2089920943176538
1171.5	-1.208742003765765
1172.	-1.208482334751032
1172.5	-1.208214663455946
1173.	-1.2079376956391066
1173.5	-1.2076513330690686
1174.	-1.2073554775143862
1174.5	-1.2070491702860513
1175.	-1.2067335177932066
1175.5	-1.2064087659874314
1176.	-1.2060751608203057
1176.5	-1.205732937722472
1177.	-1.2053823573748217
1177.5	-1.20502366993731
1178.	-1.2046571255698917
1178.5	-1.204283946799419
1179.	-1.2039030224721898
1179.5	-1.2035142138013992
1180.	-1.2031173820002432
1180.5	-1.202711460848932
1181.	-1.2022976099668399
1181.5	-1.2018760615403568
1182.	-1.201447047755872
1182.5	-1.2010111299295156
1183.	-1.2005680794660407
1183.5	-1.20011799689994
1184.	-1.1996609827657072
1184.5	-1.1991971569858233
1185.	-1.1987265929515987
1185.5	-1.1982493834423316
1186.	-1.1977656212373204
1186.5	-1.1972754057292272
1187.	-1.1967788204386407
1187.5	-1.1962759554995133
1188.	-1.195766901045798
1188.5	-1.195252127852481
1189.	-1.1947311931560676
1189.5	-1.1942040348340976
1190.	-1.1936705907641099
1190.5	-1.1931297371619813
1191.	-1.192582898231579
1191.5	-1.1920304365151064
1192.	-1.1914727145547683
1192.5	-1.190911165216173
1193.	-1.1903446525887589
1193.5	-1.1897731110853682
1194.	-1.1891964751188433
1194.5	-1.188614733035879
1195.	-1.1880277437419247
1195.5	-1.187435420076282
1196.	-1.186837674878253
1196.5	-1.1862336656200407
1197.	-1.1856243626548846
1197.5	-1.1850099809689254
1198.	-1.184390735548304
1198.5	-1.1837668353572566
1199.	-1.1831385038125908
1199.5	-1.1825059583092097
1200.	-1.181869416242016
1200.5	-1.18123027587712
1201.	-1.1805871013897344
1201.5	-1.1799396378262794
1202.	-1.1792876302331747
1202.5	-1.1786296680275479
1203.	-1.1779671141368286
1203.5	-1.1773001758591544
1204.	-1.1766290604926617
1204.5	-1.1759543621521797
1205.	-1.175275746592477
1205.5	-1.1745932663850143
1206.	-1.1739069741012518
1206.5	-1.1732169375497572
1207.	-1.1725231879700408
1207.5	-1.1718257718387208
1208.	-1.1711247356324146
1208.5	-1.17042012498799
1209.	-1.1697119875577144
1209.5	-1.1690003701541054
1210.	-1.1682853195896807
1210.5	-1.1675673345415278
1211.	-1.1668458292117663
1211.5	-1.1661206696670856
1212.	-1.1653917219741752
1212.5	-1.1646575497661704
1213.	-1.1639198425167367
1213.5	-1.1631789872659855
1214.	-1.1624353710540278
1214.5	-1.1616906796845432
1215.	-1.1609434819286475
1215.5	-1.1601936453210246
1216.	-1.1594410373963586
1216.5	-1.158685574111996
1217.	-1.1579270552108931
1217.5	-1.1571653288586692
1218.	-1.156400243220943
1218.5	-1.1556307336301905
1219.	-1.154857926218431
1219.5	-1.1540820342845415
1220.	-1.1533032711273978
1220.5	-1.1525223041028296
1221.	-1.151738710829979
1221.5	-1.150952522984941
1222.	-1.1501637722438107
1222.5	-1.1493720065615565
1223.	-1.1485779348238507
1223.5	-1.1477817821952396
1224.	-1.1469837738402688
1224.5	-1.1461855962546996
1225.	-1.1453854287393763
1225.5	-1.1445829119263589
1226.	-1.1437776864477072
1226.5	-1.1429679516793811
1227.	-1.1421553660119805
1227.5	-1.1413401465800046
1228.	-1.140522510517953
1228.5	-1.1397036631635635
1229.	-1.1388824381668028
1229.5	-1.1380586573808753
1230.	-1.1372321426589858
1230.5	-1.136401199937461
1231.	-1.1355677733531344
1231.5	-1.1347322911259616
1232.	-1.133895181475898
1232.5	-1.1330583877554423
1233.	-1.13222021699899
1233.5	-1.1313804913734795
1234.	-1.1305390330458494
1234.5	-1.1296957103773542
1235.	-1.1288502808628897
1235.5	-1.1280025481916678
1236.	-1.1271523160529004
1236.5	-1.1262977739971338
1237.	-1.1254409855077119
1237.5	-1.1245823999293127
1238.	-1.1237224666066148
1238.5	-1.1228638057358562
1239.	-1.1220038274695312
1239.5	-1.1211421128116936
1240.	-1.120278242766398
1240.5	-1.1194101643456897
1241.	-1.1185397461424351
1241.5	-1.1176672227574913
1242.	-1.1167928287917164
1242.5	-1.1159167701759782
1243.	-1.1150393216491197
1243.5	-1.114160729279994
1244.	-1.113281239137454
1244.5	-1.1124028184822718
1245.	-1.1115233037146148
1245.5	-1.1106422524265687
1246.	-1.1097592222102193
1246.5	-1.1088720581258513
1247.	-1.1079827153100725
1247.5	-1.1070914363676891
1248.	-1.1061984639035074
1248.5	-1.1053046130243773
1249.	-1.1044093248322444
1249.5	-1.1035126129310975
1250.	-1.1026144909249256
1250.5	-1.1017155838669315
1251.	-1.1008150493322049
1251.5	-1.0999126563450494
1252.	-1.0990081739297681
1252.5	-1.0980995644824167
1253.	-1.0971891263068458
1253.5	-1.0962773510786583
1254.	-1.095364730473457
1254.5	-1.094453547092328
1255.	-1.0935417853151972
1255.5	-1.092629220447474
1256.	-1.0917156277945674
1256.5	-1.0908008313031523
1257.	-1.0898845381808666
1257.5	-1.0889665042766135
1258.	-1.0880464854392966
1258.5	-1.0871229891927991
1259.	-1.086197519041052
1259.5	-1.085270330162967
1260.	-1.0843416777374548
1260.5	-1.083411779469716
1261.	-1.0824809430018572
1261.5	-1.0815494385022741
1262.	-1.0806175361393624
1262.5	-1.0796874529013931
1263.	-1.0787567334089365
1263.5	-1.0778248691024381
1264.	-1.0768913514223435
1264.5	-1.0759537396457928
1265.	-1.075014230241859
1265.5	-1.0740730875163098
1266.	-1.0731305757749128
1266.5	-1.0721876013061584
1267.	-1.071243529640002
1267.5	-1.0702983682891227
1268.	-1.0693521247661983
1268.5	-1.0684048117791125
1269.	-1.0674564295672568
1269.5	-1.0665069835652279
1270.	-1.0655564792076224
1270.5	-1.0646049153404384
1271.	-1.06365230662231
1271.5	-1.0626986611232734
1272.	-1.0617439869133642
1272.5	-1.0607883010374606
1273.	-1.0598315990008194
1273.5	-1.05887388528354
1274.	-1.0579151643657212
1274.5	-1.0569561449565297
1275.	-1.0559958456153702
1275.5	-1.0550339891307148
1276.	-1.0540702982910357
1276.5	-1.0531023836524402
1277.	-1.052132925128711
1277.5	-1.0511624904012662
1278.	-1.050191647151524
1278.5	-1.049223796088766
1279.	-1.0482555386554009
1279.5	-1.0472863093217015
1280.	-1.04631554255794
1280.5	-1.0453398026877232
1281.	-1.0443625423866556
1281.5	-1.0433843441836768
1282.	-1.042405790607725
1282.5	-1.041430379150377
1283.	-1.0404546113928792
1283.5	-1.039477903879116
1284.	-1.0384996731529712
1284.5	-1.037517137395205
1285.	-1.036532790858075
1285.5	-1.035546929430715
1286.	-1.0345598490022585
1286.5	-1.0335725806502494
1287.	-1.0325843910000472
1287.5	-1.0315952818654215
1288.	-1.0306052550601417
1288.5	-1.0296143053588394
1289.	-1.0286224444300776
1289.5	-1.0276296769032809
1290.	-1.0266360074078744
1290.5	-1.0256414452148896
1291.	-1.0246459884555021
1291.5	-1.023649639902494
1292.	-1.0226524023286472
1292.5	-1.0216542831122766
1293.	-1.0206552785784186
1293.5	-1.019655389657643
1294.	-1.0186546172805184
1294.5	-1.0176529591363952
1295.	-1.0166504206935492
1295.5	-1.0156470041790373
1296.	-1.0146427118199168
1296.5	-1.0136383667882454
1297.	-1.0126328219880782
1297.5	-1.0116257512684725
1298.	-1.0106168284784844
1298.5	-1.0096057274671706
1299.	-1.0085921220835874
1299.5	-1.0075756861767915
1300.	-1.0065560935958395