1076.	-0.12125167919319357
1076.5	-0.18362882390977414
1077.	-0.24080801932558488
1077.5	-0.2931324443672131
1078.	-0.340945277961246
1078.5	-0.3845896990342709
1079.	-0.4244088865128751
1079.5	-0.4607460193236458
1080.	-0.49394427639317023
1080.5	-0.5243468366480357
1081.	-0.5522968790148295
1081.5	-0.5781375824201389
1082.	-0.6022121257905511
1082.5	-0.6254034547845018
1083.	-0.6472990749039904
1083.5	-0.668026258382865
1084.	-0.6877122774549733
1084.5	-0.7066404463603913
1085.	-0.7247195785242475
1085.5	-0.7420145293778988
1086.	-0.7585901543527016
1086.5	-0.7745766522842431
1087.	-0.7899473978379574
1087.5	-0.8047411090835093
1088.	-0.8189965040905629
1088.5	-0.8327853410529343
1089.	-0.8461000818664762
1089.5	-0.8589662285511926
1090.	-0.8714092831270878
1090.5	-0.8834737429839145
1091.	-0.8951585166240282
1091.5	-0.9064815079195335
1092.	-0.9174606207425349
1092.5	-0.9281255403269789
1093.	-0.9384776766383909
1093.5	-0.9485302210041386
1094.	-0.9582963647515895
1094.5	-0.967796943921289
1095.	-0.9770344472421557
1095.5	-0.9860190081562863
1096.	-0.9947607601057772
1096.5	-1.0032753125882818
1097.	-1.011565132568117
1097.5	-1.0196381630651563
1098.	-1.027502347099274
1098.5	-1.0351695276563162
1099.	-1.042642187803795
1099.5	-1.0499267105751948
1100.	-1.057029479004
1100.5	-1.0639596925673935
1101.	-1.0707197912776825
1101.5	-1.077315031590872
1102.	-1.083750669962967
1102.5	-1.0900342693644856
1103.	-1.0961678571311155
1103.5	-1.1021557671130569
1104.	-1.1080023331605102
1104.5	-1.1137133140812963
1105.	-1.1192910487849466
1105.5	-1.124739301138613
1106.	-1.1300618350094476
1106.5	-1.1352643042398605
1107.	-1.1403478267316423
1107.5	-1.1453154103618417
1108.	-1.1501700630075073
1108.5	-1.154915259554438
1109.	-1.1595533540674325
1109.5	-1.1640871676200397
1110.	-1.168519521285808
1110.5	-1.17285457786103
1111.	-1.1770932800074134
1111.5	-1.181237912109409
1112.	-1.1852907585514685
1112.5	-1.1892547534175608
1113.	-1.193131271512812
1113.5	-1.196922337341866
1114.	-1.2006299754093672
1114.5	-1.2042565819405135
1115.	-1.207803661031173
1115.5	-1.2112730884977685
1116.	-1.214666740156722
1116.5	-1.2179874135447648
1117.	-1.2212356940698872
1117.5	-1.2244130888603875
1118.	-1.227521105044565
1118.5	-1.2305613016210044
1119.	-1.2335351130996037
1119.5	-1.2364440258605476
1120.	-1.23928952628402
1120.5	-1.2420737689961863
1121.	-1.2447973048328576
1121.5	-1.2474613528758252
1122.	-1.2500671322068813
1122.5	-1.2526158992857626
1123.	-1.255108820865138
1123.5	-1.2575471010756216
1124.	-1.2599319440478272
1124.5	-1.2622653164078081
1125.	-1.2645473547925632
1125.5	-1.2667789583345306
1126.	-1.2689610261661484
1126.5	-1.271094244636901
1127.	-1.273179810775362
1127.5	-1.2752187088271514
1128.	-1.2772119230378887
1128.5	-1.2791606572736636
1129.	-1.2810655883114384
1129.5	-1.2829276125486444
1130.	-1.2847476263827136
1130.5	-1.2865270536619864
1131.	-1.2882660523526226
1131.5	-1.2899653078716908
1132.	-1.291625505636259
1132.5	-1.2932473495794308
1133.	-1.2948314991958256
1133.5	-1.2963786324960982
1134.	-1.2978894274909034
1134.5	-1.2993645395413194
1135.	-1.3008046783674074
1135.5	-1.3022105310396528
1136.	-1.3035827846285406
1136.5	-1.3049224515386624
1137.	-1.3062297633727542
1137.5	-1.3075052770676585
1138.	-1.3087495495602177
1138.5	-1.3099632545435234
1139.	-1.3111467854956693
1139.5	-1.3123006526509984
1140.	-1.3134253662438533
1140.5	-1.3145215807717239
1141.	-1.3155896045005475
1141.5	-1.3166298899594078
1142.	-1.3176428896773893
1142.5	-1.318628729400262
1143.	-1.3195883191537496
1143.5	-1.3205222421802614
1144.	-1.3214310817222068
1144.5	-1.3223163548915036
1145.	-1.32317733751325
1145.5	-1.3240142392820522
1146.	-1.3248272698925168
1146.5	-1.3255887643010082
1147.	-1.326337956835671
1147.5	-1.3270862070864082
1148.	-1.3278448746431226
1148.5	-1.3286208241531652
1149.	-1.3294317081260116
1149.5	-1.330290684128586
1150.	-1.3312109097278118
1150.5	-1.3322952953105511
1151.	-1.3334313444958144
1151.5	-1.3345963137225496
1152.	-1.3357674594297053
1152.5	-1.3368639924386647
1153.	-1.3379444330529675
1153.5	-1.3390092559585882
1154.	-1.3400589358415016
1154.5	-1.3410947132944862
1155.	-1.3421159907339906
1155.5	-1.3431229364832675
1156.	-1.34411571886557
1156.5	-1.345094560710074
1157.	-1.3460595540317397
1157.5	-1.3470108453514507
1158.	-1.3479485811900904
1158.5	-1.3488722047469475
1159.	-1.349782847193138
1159.5	-1.3506809363781835
1160.	-1.3515669001516055
1160.5	-1.352441959514222
1161.	-1.3533054319037392
1161.5	-1.3541574279091597
1162.	-1.3549980581194867
1162.5	-1.3558274809075295
1163.	-1.3566457399649614
1163.5	-1.3574529267672624
1164.	-1.3582491327899127
1164.5	-1.3590336819190985
1165.	-1.3598077402553108
1165.5	-1.3605717063097478
1166.	-1.3613259785936067
1166.5	-1.3620717908963909
1167.	-1.3628083723396698
1167.5	-1.3635357873233187
1168.	-1.3642541002472133
1168.5	-1.3649628412425259
1169.	-1.3656628226853158
1169.5	-1.366354322682939
1170.	-1.3670376193427523
1170.5	-1.3677138918591616
1171.	-1.3683821568176537
1171.5	-1.369042331890765
1172.	-1.369694334751032
1172.5	-1.370336935330946
1173.	-1.3709716581391067
1173.5	-1.3715988799440686
1174.	-1.3722189775143863
1174.5	-1.3728335452860514
1175.	-1.3734412552932065
1175.5	-1.3740419972374314
1176.	-1.3746356608203056
1176.5	-1.3752209338162218
1177.	-1.3757993886248217
1177.5	-1.3763713957185602
1178.	-1.3769373255698918
1178.5	-1.3774981733619192
1179.	-1.3780534349721898
1179.5	-1.3786032309888994
1180.	-1.3791476820002433
1180.5	-1.3796875827239319
1181.	-1.38022210996684
1181.5	-1.3807511146653568
1182.	-1.381274447755872
1182.5	-1.3817906721170157
1183.	-1.3823014419660407
1183.5	-1.38280712346244
1184.	-1.3833080827657072
1184.5	-1.3838056976108233
1185.	-1.3842989179515985
1185.5	-1.3847877053173316
1186.	-1.3852720212373204
1186.5	-1.3857515057292271
1187.	-1.3862265704386405
1187.5	-1.3866973054995133
1188.	-1.387163801045798
1188.5	-1.387625801289981
1189.	-1.3880838806560676
1189.5	-1.3885382676465976
1190.	-1.3889891907641099
1190.5	-1.3894376059119815
1191.	-1.389882723231579
1191.5	-1.3903244802651065
1192.	-1.3907628145547684
1192.5	-1.3911973159974231
1193.	-1.3916284088387587
1193.5	-1.392056169679118
1194.	-1.3924806751188432
1194.5	-1.392901641629629
1195.	-1.3933196499919247
1195.5	-1.3937349208575323
1196.	-1.394147674878253
1196.5	-1.394558885151291
1197.	-1.3949677189048848
1197.5	-1.3953740958126755
1198.	-1.3957779355483042
1198.5	-1.3961788119197567
1199.	-1.396577128812591
1199.5	-1.3969729442467096
1200.	-1.397366316242016
1200.5	-1.39775688993962
1201.	-1.3981453013897345
1201.5	-1.3985317737637792
1202.	-1.3989165302331747
1202.5	-1.399300610996298
1203.	-1.399683095386829
1203.5	-1.4000638797654044
1204.	-1.4004428604926618
1204.5	-1.4008195434021797
1205.	-1.401194371592477
1205.5	-1.4015673976350143
1206.	-1.4019386741012518
1206.5	-1.4023082687997572
1207.	-1.402676212970041
1207.5	-1.403042553088721
1208.	-1.4034073356324146
1208.5	-1.40377017264424
1209.	-1.4041317188077145
1209.5	-1.4044921943728557
1210.	-1.4048518195896809
1210.5	-1.405211235322778
1211.	-1.4055700729617664
1211.5	-1.4059283845108357
1212.	-1.4062862219741752
1212.5	-1.4066445419536704
1213.	-1.4070021300167368
1213.5	-1.4073586763284853
1214.	-1.4077138710540278
1214.5	-1.4080656484345433
1215.	-1.4084161569286475
1215.5	-1.4087657890710248
1216.	-1.4091149373963587
1216.5	-1.4094653202057459
1217.	-1.409815473960893
1217.5	-1.4101652608899191
1218.	-1.410514543220943
1218.5	-1.4108622859739404
1219.	-1.411209607468431
1219.5	-1.4115567288157915
1220.	-1.411903871127398
1220.5	-1.4122521861340798
1221.	-1.4126005920799791
1221.5	-1.412948937828691
1222.	-1.4132970722438107
1222.5	-1.4136443917178063
1223.	-1.4139913785738507
1223.5	-1.4143380626639896
1224.	-1.4146844738402689
1224.5	-1.4150301462546995
1225.	-1.4153758037393762
1225.5	-1.415721674426359
1226.	-1.4160679864477073
1226.5	-1.4164159524606315
1227.	-1.4167644222619806
1227.5	-1.4171132301737548
1228.	-1.4174622105179533
1228.5	-1.4178107209760638
1229.	-1.418159263166803
1229.5	-1.4185078620683755
1230.	-1.4188565426589859
1230.5	-1.4192048139999611
1231.	-1.4195534233531344
1231.5	-1.4199026020634615
1232.	-1.420252581475898
1232.5	-1.4206046197866922
1233.	-1.42095751074899
1233.5	-1.4213110749672295
1234.	-1.4216651330458494
1234.5	-1.4220190010023543
1235.	-1.4223732058628897
1235.5	-1.4227277700666678
1236.	-1.4230827160529005
1236.5	-1.4234375302471338
1237.	-1.4237929855077118
1237.5	-1.4241493186793126
1238.	-1.4245067666066147
1238.5	-1.424866639329606
1239.	-1.425227671219531
1239.5	-1.4255896698429438
1240.	-1.425952442766398
1240.5	-1.42631526903319
1241.	-1.4266786961424351
1241.5	-1.4270427430699915
1242.	-1.4274074287917164
1242.5	-1.4277722162697284
1243.	-1.4281379028991197
1243.5	-1.428504730061244
1244.	-1.428872939137454
1244.5	-1.4292438794197717
1245.	-1.4296162412146147
1245.5	-1.4299898227390686
1246.	-1.4303644222102192
1246.5	-1.4307393010946012
1247.	-1.4311150090600724
1247.5	-1.431491559023939
1248.	-1.4318689639035074
1248.5	-1.4322466372431273
1249.	-1.4326254310822444
1249.5	-1.4330055980873473
1250.	-1.4333873909249255
1250.5	-1.4337722440231815
1251.	-1.4341587555822048
1251.5	-1.4345467055637993
1252.	-1.4349358739297682
1252.5	-1.4353254527636667
1253.	-1.435716045056846
1253.5	-1.4361076659224086
1254.	-1.4365003304734572
1254.5	-1.436893446311078
1255.	-1.437287879065197
1255.5	-1.4376838868537238
1256.	-1.4380817277945672
1256.5	-1.438482880521902
1257.	-1.4388858944308665
1257.5	-1.4392905394328634
1258.	-1.4396965854392967
1258.5	-1.440103202474049
1259.	-1.4405110002910522
1259.5	-1.4409199887567168
1260.	-1.4413301777374548
1260.5	-1.441740922438466
1261.	-1.4421531492518573
1261.5	-1.4425671299085243
1262.	-1.4429831361393626
1262.5	-1.4434027380576433
1263.	-1.4438243896589367
1263.5	-1.4442478433211883
1264.	-1.4446728514223435
1264.5	-1.4450985193332928
1265.	-1.445525505241859
1265.5	-1.4459538203288098
1266.	-1.4463834757749128
1266.5	-1.4468138200561584
1267.	-1.4472457921400022
1267.5	-1.4476796682891226
1268.	-1.4481157247661984
1268.5	-1.4485555594353625
1269.	-1.448997598317257
1269.5	-1.4494415890339778
1270.	-1.4498872792076223
1270.5	-1.4503337770591882
1271.	-1.4507817253723099
1271.5	-1.4512311275295233
1272.	-1.4516819869133641
1272.5	-1.4521342924437104
1273.	-1.4525880677508194
1273.5	-1.45304332200229
1274.	-1.4535000643657212
1274.5	-1.4539576058940298
1275.	-1.4544169331153702
1275.5	-1.4548783344432148
1276.	-1.4553420982910357
1276.5	-1.45580990474619
1277.	-1.456280093878711
1277.5	-1.4567523974325163
1278.	-1.457226547151524
1278.5	-1.4577008695262659
1279.	-1.458177063655401
1279.5	-1.4586554233842015
1280.	-1.45913624255794
1280.5	-1.459621983937723
1281.	-1.4601099048866555
1281.5	-1.4605994316836766
1282.	-1.461089990607725
1282.5	-1.461578094775377
1283.	-1.4620672488928794
1283.5	-1.462558044504116
1284.	-1.4630510731529713
1284.5	-1.4635483608327051
1285.	-1.464048490858075
1285.5	-1.464551480993215
1286.	-1.4650573490022585
1286.5	-1.4655676642439994
1287.	-1.4660802722500472
1287.5	-1.4665945701466716
1288.	-1.4671099550601419
1288.5	-1.4676227741088395
1289.	-1.4681366944300775
1289.5	-1.4686523331532808
1290.	-1.4691703074078744
1290.5	-1.4696935280273897
1291.	-1.470219400955502
1291.5	-1.470747625839994
1292.	-1.4712779023286473
1292.5	-1.4718083721747766
1293.	-1.4723409160784187
1293.5	-1.4728758568451428
1294.	-1.4734135172805183
1294.5	-1.4739558067926448
1295.	-1.474500826943549
1295.5	-1.4750482658977873
1296.	-1.4755978118199167
1296.5	-1.476148360538245
1297.	-1.4767007094880782
1297.5	-1.4772548637684724
1298.	-1.4778108284784843
1298.5	-1.4783686087171706
1299.	-1.4789282095835874
1299.5	-1.4794896361767915
1300.	-1.4800528935958397