1076.	11.038006554708192
1076.5	10.993315675816062
1077.	10.948863810986095
1077.5	10.90464721153841
1078.	10.860662128793127
1078.5	10.816904814070362
1079.	10.773371518690237
1079.5	10.730058493972868
1080.	10.686961991238375
1080.5	10.644078261806879
1081.	10.601403556998497
1081.5	10.558934128133348
1082.	10.516666226531552
1082.5	10.47458618662512
1083.	10.432704143377522
1083.5	10.391020314864118
1084.	10.349534919160272
1084.5	10.308262908026709
1085.	10.267183872379281
1085.5	10.226292136819202
1086.	10.185582025947687
1086.5	10.145032688707113
1087.	10.104659695621072
1087.5	10.06446344155431
1088.	10.024444321371579
1088.5	9.984607382005299
1089.	9.944946505425483
1089.5	9.905460225669815
1090.	9.866147076775977
1090.5	9.827005348811474
1091.	9.788033917372237
1091.5	9.749231414084027
1092.	9.710596470572597
1092.5	9.672127468065229
1093.	9.633823388745542
1093.5	9.595682964398678
1094.	9.557704926809782
1094.5	9.519899542974464
1095.	9.482249395383214
1095.5	9.444748601736991
1096.	9.407391279736755
1096.5	9.370148410016196
1097.	9.333046502170442
1097.5	9.29608892872736
1098.	9.25927906221481
1098.5	9.222631242373083
1099.	9.186133487632649
1099.5	9.149784783636404
1100.	9.113584116027244
1100.5	9.077542916216634
1101.	9.041642745771473
1101.5	9.005877612027227
1102.	8.970241522319364
1102.5	8.93471009904792
1103.	8.899303088457966
1103.5	8.864021851859144
1104.	8.828867750561097
1104.5	8.79384139055717
1105.	8.758945190599814
1105.5	8.724180814125186
1106.	8.689549924569445
1106.5	8.655073719260951
1107.	8.620726514186778
1107.5	8.586502159226201
1108.	8.552394504258494
1108.5	8.51837771002131
1109.	8.484473191192198
1109.5	8.450682673307085
1110.	8.417007881901894
1110.5	8.383463938446864
1111.	8.350033814169883
1111.5	8.316713876233152
1112.	8.283500491798872
1112.5	8.250368813279213
1113.	8.217344908486417
1113.5	8.184433630482696
1114.	8.151639832330263
1114.5	8.118996564679833
1115.	8.086469203969713
1115.5	8.054051324226716
1116.	8.021736499477653
1116.5	7.989504346885876
1117.	7.957367980087039
1117.5	7.925326555853339
1118.	7.89337923095697
1118.5	7.861517308310829
1119.	7.829750940090131
1119.5	7.79808242461079
1120.	7.7665140601887215
1120.5	7.735063198641414
1121.	7.703711063382579
1121.5	7.672453931327504
1122.	7.641288079391474
1122.5	7.610194178638694
1123.	7.579190354175963
1123.5	7.548279125258999
1124.	7.517463011143519
1124.5	7.486760269502109
1125.	7.456151385806873
1125.5	7.425632583946783
1126.	7.39520008781081
1126.5	7.364833848238249
1127.	7.334552871387619
1127.5	7.304359890367763
1128.	7.274257638287524
1128.5	7.244273883804621
1129.	7.214376310259469
1129.5	7.184557636541358
1130.	7.154810581539579
1130.5	7.125094051810371
1131.	7.095448103509297
1131.5	7.065878980458871
1132.	7.036392926481604
1132.5	7.007021579657644
1133.	6.9777356318488115
1133.5	6.948531169174564
1134.	6.919404277754358
1134.5	6.890342534980512
1135.	6.861353939190478
1135.5	6.832437979994569
1136.	6.803594147003098
1136.5	6.774821857771068
1137.	6.746120702786226
1137.5	6.717490200481012
1138.	6.688929869287863
1138.5	6.660439154580912
1139.	6.632017677074224
1139.5	6.603664984423558
1140.	6.575380624284675
1140.5	6.547164081807368
1141.	6.51901499215575
1141.5	6.490932927987964
1142.	6.462917461962155
1142.5	6.434968099004997
1143.	6.407084506598696
1143.5	6.379266284493986
1144.	6.351513032441602
1144.5	6.323824296623491
1145.	6.2961997517866894
1145.5	6.268639019109445
1146.	6.241141719770006
1146.5	6.2135450682190525
1147.	6.18607605505343
1147.5	6.158799264142417
1148.	6.131779279355289
1148.5	6.105030744861934
1149.	6.078688160110773
1149.5	6.05283608485084
1150.	6.0275590788311675
1150.5	6.003511631355627
1151.	5.979980400796476
1151.5	5.9568219750808105
1152.	5.933892942135726
1152.5	5.910703965930721
1153.	5.88759592793353
1153.5	5.8645637856542905
1154.	5.841602496603138
1154.5	5.818701752435274
1155.	5.795863882857743
1155.5	5.773085951722655
1156.	5.750365022882121
1156.5	5.727669712494888
1157.	5.705036911183772
1157.5	5.682475061878226
1158.	5.659992607507706
1158.5	5.637630888722158
1159.	5.6153522916423455
1159.5	5.593152100109525
1160.	5.571025597964954
1160.5	5.548957128504487
1161.	5.526957292332943
1161.5	5.505025749509741
1162.	5.483162160094298
1162.5	5.461366147441337
1163.	5.4396374229968485
1163.5	5.417975661502127
1164.	5.396380537698469
1164.5	5.374851698855794
1165.	5.3533888581753235
1165.5	5.331991701386901
1166.	5.310659914220373
1166.5	5.289380750033337
1167.	5.2681712998767845
1167.5	5.24703622242946
1168.	5.225980176370108
1168.5	5.205044776005558
1169.	5.184182942135234
1169.5	5.163384551186648
1170.	5.142639479587309
1170.5	5.121900814516985
1171.	5.101209937350026
1171.5	5.080571440213041
1172.	5.059989915232639
1172.5	5.039482100039316
1173.	5.019035583054236
1173.5	4.998650098202452
1174.	4.978325379409016
1174.5	4.958047846266612
1175.	4.937835872765611
1175.5	4.91769451856401
1176.	4.897628843319812
1176.5	4.8776835543439265
1177.	4.857808204580279
1177.5	4.8379919946257095
1178.	4.818224125077052
1178.5	4.798440558462593
1179.	4.778705028675141
1179.5	4.7590280315389535
1180.	4.739420062878287
1180.5	4.719945736867191
1181.	4.700539783640215
1181.5	4.6811910516817
1182.	4.661888389475988
1182.5	4.642565553824218
1183.	4.623288521567213
1183.5	4.604068177862597
1184.	4.584915407867991
1184.5	4.565897084044692
1185.	4.5469457093251755
1185.5	4.528049773945595
1186.	4.509197768142101
1186.5	4.490321205432322
1187.	4.471488343458342
1187.5	4.452710463143722
1188.	4.433998845412026
1188.5	4.415407705407923
1189.	4.396888216145421
1189.5	4.378434484859637
1190.	4.360040618785688
1190.5	4.341701679658302
1191.	4.323410438413141
1191.5	4.305160620485479
1192.	4.286945951310588
1192.5	4.268714759973877
1193.	4.250524326800429
1193.5	4.232386535765463
1194.	4.2143132708441975
1194.5	4.196361528155082
1195.	4.178480034672812
1195.5	4.160662629515314
1196.	4.142903151800516
1196.5	4.125180471408178
1197.	4.107509384389657
1197.5	4.0898897175581475
1198.	4.07232129772684
1198.5	4.054803920591466
1199.	4.037337456529664
1199.5	4.019921744801611
1200.	4.002556624667484
1200.5	3.985241940019298
1201.	3.967977523632658
1201.5	3.950763212915006
1202.	3.9335988452737833
1202.5	3.9164842281588252
1203.	3.8994192409182244
1203.5	3.882403732942467
1204.	3.865437553622039
1204.5	3.848520546369206
1205.	3.831652568943961
1205.5	3.8148334731280755
1206.	3.798063110703323
1206.5	3.7813413201789845
1207.	3.764667971918322
1207.5	3.748042923012104
1208.	3.731466030551101
1208.5	3.7149371388493373
1209.	3.6984561228850255
1209.5	3.6820228448596324
1210.	3.665637166974626
1210.5	3.64928114616036
1211.	3.6329795719978604
1211.5	3.61673942879704
1212.	3.6005677008678107
1212.5	3.584524466140542
1213.	3.5685423778565077
1213.5	3.5526071828774373
1214.	3.536704628065061
1214.5	3.520767612930067
1215.	3.504855870625644
1215.5	3.48897628695394
1216.	3.4731357477171003
1216.5	3.4573400456888534
1217.	3.441597596911134
1217.5	3.425915724397456
1218.	3.4103017511613354
1218.5	3.3948185325867484
1219.	3.379395646368563
1219.5	3.3640182025721095
1220.	3.3486713112627178
1220.5	3.3332656386959103
1221.	3.317890516270748
1221.5	3.302560831576485
1222.	3.2872914722023734
1222.5	3.272172854950482
1223.	3.2571141265121226
1223.5	3.242099962791423
1224.	3.227115039692511
1224.5	3.2120673790898446
1225.	3.197048972529087
1225.5	3.182075157526234
1226.	3.16716127159728
1226.5	3.152380400909172
1227.	3.137667034866572
1227.5	3.1230134115250934
1228.	3.10841176894035
1228.5	3.0938554652358077
1229.	3.0793351703720875
1229.5	3.0648426743776622
1230.	3.0503697672810057
1230.5	3.035847644644758
1231.	3.021352928749558
1231.5	3.006901647410211
1232.	2.9925098284415235
1232.5	2.978253788302555
1233.	2.9640651507061566
1233.5	2.9499358280094325
1234.	2.935857732569488
1234.5	2.9218027766108605
1235.	2.9077908726762485
1235.5	2.8938219331757833
1236.	2.8798958705195963
1236.5	2.866012581634568
1237.	2.8521720006073816
1237.5	2.8383740460414697
1238.	2.8246186365402632
1238.5	2.8109056793936618
1239.	2.7972351090440433
1239.5	2.783606848620254
1240.	2.770020821251139
1240.5	2.7564769468176187
1241.	2.742975152995633
1241.5	2.729515364213198
1242.	2.7160975048983285
1242.5	2.7027215003805782
1243.	2.689387273825809
1243.5	2.67609474930142
1244.	2.662843850874811
1244.5	2.6496344803111804
1245.	2.63646659290101
1245.5	2.6233401216325807
1246.	2.610254999494173
1246.5	2.597188180365339
1247.	2.5841717679865788
1247.5	2.5712148869896643
1248.	2.5583266620063676
1248.5	2.545584855963317
1249.	2.5329024998794853
1249.5	2.5202612630687007
1250.	2.507642814844793
1250.5	2.4949604786492734
1251.	2.4822916080172157
1251.5	2.469645210611376
1252.	2.4570302940945106
1252.5	2.444454614206982
1253.	2.431928931302897
1253.5	2.4194627538139697
1254.	2.4070655901719133
1254.5	2.394818392390913
1255.	2.382630647887222
1255.5	2.370483287659565
1256.	2.358357242706667
1256.5	2.3461377549823563
1257.	2.3339397201482126
1257.5	2.32178234482092
1258.	2.3096848356171624
1258.5	2.297738460286932
1259.	2.2858615398602793
1259.5	2.274044456500565
1260.	2.2622775923711487
1260.5	2.2505526175027755
1261.	2.2388581110444665
1261.5	2.2271839400126265
1262.	2.2155199714236624
1262.5	2.2037807822015907
1263.	2.1920616454921613
1263.5	2.1803825443487357
1264.	2.168763461824675
1264.5	2.1572993332275954
1265.	2.1459052084549013
1265.5	2.134571089658253
1266.	2.12328697898931
1266.5	2.1120179911635497
1267.	2.1007889707432867
1267.5	2.089599874854653
1268.	2.0784506606237803
1268.5	2.0673412924195977
1269.	2.0562717172283222
1269.5	2.045241889278968
1270.	2.0342517628005488
1270.5	2.0233012759697466
1271.	2.0123904054888397
1271.5	2.0015191120077733
1272.	1.990687356176494
1272.5	1.9798951022611047
1273.	1.9691423058489321
1273.5	1.9584289261434598
1274.	1.9477549223481714
1274.5	1.9371202456962688
1275.	1.9265248665496295
1275.5	1.91596874729985
1276.	1.905451850338526
1276.5	1.894974138027061
1277.	1.8845355727993214
1277.5	1.8741361170589796
1278.	1.8637757332097098
1278.5	1.8534261610917964
1279.	1.8431268746976561
1279.5	1.8328891254563182
1280.	1.8227241647968109
1280.5	1.8127275412347281
1281.	1.8027924902779073
1281.5	1.7928965445207505
1282.	1.7830172365576606
1282.5	1.7730481422778825
1283.	1.763084333663039
1283.5	1.7531369259895957
1284.	1.7432170345340179
1284.5	1.7333343804781312
1285.	1.723502030830897
1285.5	1.7137316585066364
1286.	1.7040349364196712
1286.5	1.694510955996348
1287.	1.6850490042341526
1287.5	1.6756257866425959
1288.	1.6662180087311889
1288.5	1.6566853493119356
1289.	1.647168351270857
1289.5	1.6376905307964678
1290.	1.6282754040772813
1290.5	1.6190345896099672
1291.	1.6098682603516223
1291.5	1.6007646915674985
1292.	1.5917121585228475
1292.5	1.5826696834183238
1293.	1.5736664958096165
1293.5	1.5647025721878163
1294.	1.5557778890440144
1294.5	1.5469234550536688
1295.	1.538095801649757
1295.5	1.5292824924496238
1296.	1.5204710910706134
1296.5	1.5115564238727452
1297.	1.5026558866336186
1297.5	1.4937941378735082
1298.	1.4849958361126885
1298.5	1.4762856398714337
1299.	1.4676882076700184
1299.5	1.4592281980287172
1300.	1.4509302694678041