1076.	-13.104700353572387
1076.5	-13.05885499859864
1077.	-13.01324170759333
1077.5	-12.96785814323457
1078.	-12.922701968200476
1078.5	-12.877770845169163
1079.	-12.833062436818748
1079.5	-12.788574405827347
1080.	-12.744304414873074
1080.5	-12.700250126634046
1081.	-12.656409203788378
1081.5	-12.612779309014185
1082.	-12.569358104989584
1082.5	-12.52614294674379
1083.	-12.483131927663377
1083.5	-12.440322833486025
1084.	-12.39771344994941
1084.5	-12.355301274637581
1085.	-12.31308449670329
1085.5	-12.271061017145668
1086.	-12.22922873696384
1086.5	-12.187585287045929
1087.	-12.146128946546469
1087.5	-12.104857724508994
1088.	-12.063769629977033
1088.5	-12.022862418597457
1089.	-11.98213445416912
1089.5	-11.941583847094217
1090.	-11.901208707774938
1090.5	-11.86100690871527
1091.	-11.8209768933749
1091.5	-11.781116867315305
1092.	-11.741425036097965
1092.5	-11.701899381770346
1093.	-11.662538422813542
1093.5	-11.623340454194635
1094.	-11.584303770880707
1094.5	-11.545426457686844
1095.	-11.506707103792925
1095.5	-11.468144088226827
1096.	-11.429735790016435
1096.5	-11.39148039046095
1097.	-11.353376545408402
1097.5	-11.315422712978142
1098.	-11.277617351289521
1098.5	-11.239958732293626
1099.	-11.202445574745381
1099.5	-11.165076411231443
1100.	-11.12784977433847
1100.5	-11.090764021251253
1101.	-11.053817930119065
1101.5	-11.017010103689309
1102.	-10.980339144709388
1102.5	-10.94380349055991
1103.	-10.907401975501795
1103.5	-10.871133268429173
1104.	-10.834996038236163
1104.5	-10.798988797810928
1105.	-10.763110434455943
1105.5	-10.727359679467716
1106.	-10.691735264142759
1106.5	-10.656235772510293
1107.	-10.62086014204103
1107.5	-10.585607162938397
1108.	-10.550475625405817
1108.5	-10.515464180543473
1109.	-10.480571813299331
1109.5	-10.445797369518113
1110.	-10.411139695044541
1110.5	-10.376597504252944
1111.	-10.342169827046593
1111.5	-10.307855561858371
1112.	-10.273653607121156
1112.5	-10.239562736938817
1113.	-10.205582023804848
1113.5	-10.171710415883737
1114.	-10.13794686133997
1114.5	-10.1042901906953
1115.	-10.070739516814037
1115.5	-10.03729383491775
1116.	-10.00395214022802
1116.5	-9.970713316588219
1117.	-9.937576515149408
1117.5	-9.90454077568444
1118.	-9.871605137966172
1118.5	-9.838768536262608
1119.	-9.8060301580534
1119.5	-9.773389085313344
1120.	-9.740844400017242
1120.5	-9.708395084145275
1121.	-9.676040359664704
1121.5	-9.64377934854817
1122.	-9.611611172768319
1122.5	-9.579534859476118
1123.	-9.547549663394555
1123.5	-9.515654744424946
1124.	-9.483849262468606
1124.5	-9.452132287464536
1125.	-9.420503105261286
1125.5	-9.388960911745095
1126.	-9.357504902802198
1126.5	-9.326134188924163
1127.	-9.294848085549772
1127.5	-9.263645822723127
1128.	-9.23252663048834
1128.5	-9.201489657790884
1129.	-9.17053424821295
1129.5	-9.139659664238103
1130.	-9.108865168349901
1130.5	-9.07814994597627
1131.	-9.04751336747866
1131.5	-9.016954726162886
1132.	-8.986473315334765
1132.5	-8.95606835505156
1133.	-8.925739241167054
1133.5	-8.895485296286488
1134.	-8.86530584301509
1134.5	-8.835200134296539
1135.	-8.80516759026225
1135.5	-8.775207561382087
1136.	-8.745319398125906
1136.5	-8.715502384683521
1137.	-8.685755964316854
1137.5	-8.656079514007779
1138.	-8.626472410738174
1138.5	-8.596933968399435
1139.	-8.567463652300109
1139.5	-8.538060864658265
1140.	-8.50872500769197
1140.5	-8.479455423538944
1141.	-8.450251598529741
1141.5	-8.421112958914568
1142.	-8.392038930943633
1142.5	-8.363028883629088
1143.	-8.334082323354414
1143.5	-8.305198699265038
1144.	-8.276377460506387
1144.5	-8.247618001671045
1145.	-8.21891984827842
1145.5	-8.190282471295077
1146.	-8.161705341687579
1146.5	-8.133187878407742
1147.	-8.104729625242781
1147.5	-8.076330073965156
1148.	-8.047988716347335
1148.5	-8.019704994547268
1149.	-7.991478469797736
1149.5	-7.963308653717007
1150.	-7.935195057923349
1150.5	-7.907137146691499
1151.	-7.87913449792067
1151.5	-7.851186642166544
1152.	-7.823293109984802
1152.5	-7.795453386737308
1153.	-7.767667066251089
1153.5	-7.739933697159352
1154.	-7.712252828095307
1154.5	-7.68462396453423
1155.	-7.657046715530433
1155.5	-7.6295206469803
1156.	-7.602045324780211
1156.5	-7.574620273597591
1157.	-7.547245117049361
1157.5	-7.519919437523485
1158.	-7.492642817407926
1158.5	-7.465414799690205
1159.	-7.438235021918907
1159.5	-7.411103082242176
1160.	-7.384018578808153
1160.5	-7.356981072098589
1161.	-7.3299902129945735
1161.5	-7.303045614710805
1162.	-7.276146890461982
1162.5	-7.249293617441608
1163.	-7.222485459294054
1163.5	-7.195722043642497
1164.	-7.169002998110113
1164.5	-7.142327915860447
1165.	-7.115696472760161
1165.5	-7.0891083102162815
1166.	-7.062563069635838
1166.5	-7.03606035944904
1167.	-7.009599867230464
1167.5	-6.983181247577868
1168.	-6.956804155089008
1168.5	-6.930468212793436
1169.	-6.904173119484397
1169.5	-6.877918542386931
1170.	-6.851704148726079
1170.5	-6.825529575497351
1171.	-6.799394532247127
1171.5	-6.773298698292261
1172.	-6.747241752949604
1172.5	-6.721223346579199
1173.	-6.695243199037432
1173.5	-6.669301001223878
1174.	-6.643396444038111
1174.5	-6.617529190633394
1175.	-6.591698970754141
1175.5	-6.565905486398455
1176.	-6.540148439564435
1176.5	-6.5144275056556245
1177.	-6.488742423902508
1177.5	-6.463092906941008
1178.	-6.437478667407052
1178.5	-6.411899392438289
1179.	-6.386354830368228
1179.5	-6.360844704032103
1180.	-6.335368736265147
1180.5	-6.3099266254482
1181.	-6.28451812865265
1181.5	-6.25914297849549
1182.	-6.233800907593713
1182.5	-6.208491625104256
1183.	-6.18321489648819
1183.5	-6.157970463746531
1184.	-6.1327580688802925
1184.5	-6.107577431377933
1185.	-6.082428324758049
1185.5	-6.057310500026677
1186.	-6.032223708189856
1186.5	-6.007167678644253
1187.	-5.982142192649025
1187.5	-5.957147009853961
1188.	-5.932181889908845
1188.5	-5.907246571715339
1189.	-5.882340843970606
1189.5	-5.857464474623685
1190.	-5.832617231623611
1190.5	-5.807798862992834
1191.	-5.783009164577615
1191.5	-5.7582479122976284
1192.	-5.733514882072545
1192.5	-5.708809830679376
1193.	-5.684132560837522
1193.5	-5.659482856123721
1194.	-5.634860500114712
1194.5	-5.610265257992855
1195.	-5.585696939087017
1195.5	-5.561155334331686
1196.	-5.536640234661354
1196.5	-5.512151413330631
1197.	-5.487688686025835
1197.5	-5.463251850753405
1198.	-5.438840705519782
1198.5	-5.41445503133399
1199.	-5.390094649998851
1199.5	-5.36575936631977
1200.	-5.341448985102153
1200.5	-5.3171632948060585
1201.	-5.292902123120379
1201.5	-5.268665281388662
1202.	-5.24445258095445
1202.5	-5.220263817439163
1203.	-5.196098824197323
1203.5	-5.171957418861326
1204.	-5.147839419063568
1204.5	-5.1237446273101535
1205.	-5.099672882410286
1205.5	-5.07562400804688
1206.	-5.051597827902846
1206.5	-5.027594151104632
1207.	-5.003612821714201
1207.5	-4.979653669237056
1208.	-4.955716523178694
1208.5	-4.931801199033262
1209.	-4.9079075459221535
1209.5	-4.884035398955408
1210.	-4.8601845932430665
1210.5	-4.836354950405443
1211.	-4.812546324438194
1211.5	-4.788758555847248
1212.	-4.764991485138537
1212.5	-4.7412449398275625
1213.	-4.717518778606854
1213.5	-4.693812847178511
1214.	-4.670126991244634
1214.5	-4.646461043994958
1215.	-4.622814868648897
1215.5	-4.599188315913496
1216.	-4.575581236495805
1216.5	-4.551993469048359
1217.	-4.528424881154519
1217.5	-4.504875328343138
1218.	-4.481344666143065
1218.5	-4.4578327384672685
1219.	-4.4343394171068375
1219.5	-4.410864562236977
1220.	-4.387408034032893
1220.5	-4.363969681474222
1221.	-4.340549380409964
1221.5	-4.317146995493551
1222.	-4.293762391378413
1222.5	-4.2703954219253
1223.	-4.247045966897399
1223.5	-4.223713895265217
1224.	-4.200399075999258
1224.5	-4.177101367663618
1225.	-4.153820653797776
1225.5	-4.130556807534802
1226.	-4.107309702007766
1226.5	-4.08407920031377
1227.	-4.060865189636237
1227.5	-4.037667547122623
1228.	-4.0144861499203826
1228.5	-3.9913208654963634
1229.	-3.9681715845508743
1229.5	-3.9450381881036143
1230.	-3.9219205571742837
1230.5	-3.898818563442941
1231.	-3.875732101004783
1231.5	-3.852661054615365
1232.	-3.829605309030243
1232.5	-3.8065647399925777
1233.	-3.7835392448752776
1233.5	-3.7605287120388566
1234.	-3.7375330298438283
1234.5	-3.714552077952464
1235.	-3.6915857569028168
1235.5	-3.6686339585346976
1236.	-3.6456965746879173
1236.5	-3.622773488805699
1237.	-3.5998646044830767
1237.5	-3.5769698169184956
1238.	-3.5540890213104017
1238.5	-3.5312221047503782
1239.	-3.508368973786479
1239.5	-3.4855295268598945
1240.	-3.462703662411816
1240.5	-3.4398912710549037
1241.	-3.417092262190291
1241.5	-3.3943065373905807
1242.	-3.3715339982283767
1242.5	-3.3487745387152
1243.	-3.326028071009168
1243.5	-3.3032944997073157
1244.	-3.280573729406679
1244.5	-3.257865657400263
1245.	-3.2351701985107457
1245.5	-3.212487260256775
1246.	-3.1898167501569983
1246.5	-3.167158568673145
1247.	-3.144512633203549
1247.5	-3.1218788540896236
1248.	-3.0992571416727848
1248.5	-3.07664739947514
1249.	-3.054049547385134
1249.5	-3.0314634984719038
1250.	-3.0088891658045864
1250.5	-2.986326455861539
1251.	-2.963775290938992
1251.5	-2.9412355867423954
1252.	-2.918707258977199
1252.5	-2.8961902169779066
1253.	-2.873684385369292
1253.5	-2.8511896824051846
1254.	-2.828706026339412
1254.5	-2.8062333292663766
1255.	-2.7837715180631033
1255.5	-2.761320513447192
1256.	-2.738880236136241
1256.5	-2.7164506008919855
1257.	-2.6940315367702343
1257.5	-2.6716229668709324
1258.	-2.6492248142940253
1258.5	-2.626836996379537
1259.	-2.6044594442913014
1259.5	-2.5820920834332317
1260.	-2.5597348392092414
1260.5	-2.5373876314519728
1261.	-2.5150503933651183
1261.5	-2.492723052581099
1262.	-2.4704055367323363
1262.5	-2.448097768061646
1263.	-2.425799681746898
1263.5	-2.403511207576356
1264.	-2.3812322753382844
1264.5	-2.358962809606312
1265.	-2.336702747469192
1265.5	-2.3144520208010406
1266.	-2.2922105614759762
1266.5	-2.2699782963220416
1267.	-2.2477551642778586
1267.5	-2.225541099235975
1268.	-2.203336035088938
1268.5	-2.181139900845634
1269.	-2.158952637235736
1269.5	-2.1367741801052564
1270.	-2.1146044653002067
1270.5	-2.0924434239394594
1271.	-2.070290998487022
1271.5	-2.048147126679763
1272.	-2.02601174625455
1272.5	-2.003884790371983
1273.	-1.981766203175706
1273.5	-1.9596559242330938
1274.	-1.9375538931115224
1274.5	-1.9154600449475507
1275.	-1.893374325511697
1275.5	-1.8712966761436631
1276.	-1.849227038183151
1276.5	-1.827165348679301
1277.	-1.805111554978601
1277.5	-1.7830656001369785
1278.	-1.7610274272103594
1278.5	-1.738996975099375
1279.	-1.716974192677366
1279.5	-1.6949590246623776
1280.	-1.6729514157724543
1280.5	-1.6509513067008244
1281.	-1.6289586478002767
1281.5	-1.606973385398783
1282.	-1.584995465824316
1282.5	-1.5630248315059123
1283.	-1.5410614342300526
1283.5	-1.5191052218842827
1284.	-1.497156142356148
1284.5	-1.4752141397557301
1285.	-1.4532791672590248
1285.5	-1.4313511742645635
1286.	-1.4094301101708777
1286.5	-1.3875159207162666
1287.	-1.3656085604235866
1287.5	-1.343707980155462
1288.	-1.3218141307745168
1288.5	-1.299926959596305
1289.	-1.2780464224493495
1289.5	-1.256172471615103
1290.	-1.234305059375018
1290.5	-1.2124441345727266
1291.	-1.19058965430263
1291.5	-1.1687415722213086
1292.	-1.1468998419853433
1292.5	-1.1250644139189858
1293.	-1.1032352463440773
1293.5	-1.0814122942501299
1294.	-1.0595955126266559
1294.5	-1.0377848532327176
1295.	-1.0159802755804572
1295.5	-0.9941817359515662
1296.	-0.9723891906277369
1296.5	-0.9506025927586171
1297.	-0.9288219030107607
1297.5	-0.9070470789186773
1298.	-0.8852780780168765
1298.5	-0.863514857839868
1299.	-0.8417573759221616
1299.5	-0.8200055897982668
1300.	-0.7982594570026933