1076.	0.13149229684788377
1076.5	0.20115226907358075
1077.	0.265359288545097
1077.5	0.3244780252196573
1078.	0.37887314905448666
1078.5	0.42890933000680986
1079.	0.4749512380338519
1079.5	0.5173635430928376
1080.	0.5565109151409919
1080.5	0.5927580241355397
1081.	0.6264695400337059
1081.5	0.6580101327927154
1082.	0.6877444723697931
1082.5	0.7166171587433027
1083.	0.7441809598408747
1083.5	0.7705685736112785
1084.	0.7959126980032836
1084.5	0.8205117852404235
1085.	0.8442664772867975
1085.5	0.8672431703812693
1086.	0.8895082607627026
1086.5	0.9111967115682315
1087.	0.9322789253791407
1087.5	0.952793871674986
1088.	0.9727805199353224
1088.5	0.9923121671963977
1089.	1.0113797243583984
1089.5	1.030008429878203
1090.	1.0482235222126903
1090.5	1.0660696220751618
1091.	1.0835448327635042
1091.5	1.1006666398320268
1092.	1.1174525288350392
1092.5	1.1339318844023474
1093.	1.1501055333825656
1093.5	1.1659862016998053
1094.	1.181586615278177
1094.5	1.1969272718180606
1095.	1.2120100167567909
1095.5	1.2268444673079715
1096.	1.2414402406852059
1096.5	1.2558122788563155
1097.	1.2699627443789991
1097.5	1.2838991245651732
1098.	1.297628906726754
1098.5	1.3111633681332133
1099.	1.3245046901558901
1099.5	1.337658844123679
1100.	1.350631801365474
1100.5	1.36343231606164
1101.	1.3760624635490124
1101.5	1.3885271020158976
1102.	1.400831089650601
1102.5	1.4129813816774828
1103.	1.4249799004343737
1103.5	1.4368306652951583
1104.	1.4485376956337215
1104.5	1.4601066261135776
1105.	1.4715392147031294
1105.5	1.4828388346604098
1106.	1.4940088592434515
1106.5	1.5050539295568497
1107.	1.5159756438734495
1107.5	1.5267768683126586
1108.	1.5374604689938844
1108.5	1.548030323548437
1109.	1.5584878819790606
1109.5	1.5688356058004023
1110.	1.579075956527109
1110.5	1.589212214295828
1111.	1.5992456945504052
1111.5	1.6091785313566875
1112.	1.6190128587805215
1112.5	1.6287514818212112
1113.	1.638395595237763
1113.5	1.6479470647226402
1114.	1.6574077559683067
1114.5	1.6667800907701669
1115.	1.6760651562765674
1115.5	1.6852645957387955
1116.	1.694380052408139
1116.5	1.7034136351238478
1117.	1.7123663353140615
1117.5	1.7212396099948821
1118.	1.7300349161824118
1118.5	1.7387541042490742
1119.	1.7473980805121219
1119.5	1.755968144645128
1120.	1.7644655963216669
1120.5	1.7728920702862774
1121.	1.7812483971131816
1121.5	1.7895357424475669
1122.	1.7977552719346206
1122.5	1.8059084387821196
1123.	1.8139960060476263
1123.5	1.8220190243512924
1124.	1.8299785443132697
1124.5	1.837875865034615
1125.	1.8457116892622127
1125.5	1.8534869682238528
1126.	1.8612026531473245
1126.5	1.8688599113199258
1127.	1.876459391486135
1127.5	1.8840019584499383
1128.	1.8914884770153222
1128.5	1.898920000940751
1129.	1.906297130493942
1129.5	1.9136206548970902
1130.	1.9208913633723907
1130.5	1.9281102112738229
1131.	1.9352777552390843
1131.5	1.9423947180376564
1132.	1.9494618224390208
1132.5	1.9564799380002162
1133.	1.9634495819881443
1133.5	1.9703714184572638
1134.	1.9772461114620334
1134.5	1.9840744553477692
1135.	1.9908569317617297
1135.5	1.9975941526420304
1136.	2.0042867299267875
1136.5	2.0109353916961803
1137.	2.017540587289435
1137.5	2.0241028821878424
1138.	2.0306228418726926
1138.5	2.037101135767547
1139.	2.043538183834516
1139.5	2.0499345099779815
1140.	2.056290638102326
1140.5	2.0626071854824617
1141.	2.068884545304027
1141.5	2.075123204123191
1142.	2.081323648496123
1142.5	2.087486449145751
1143.	2.0936119747947814
1143.5	2.0997006783326797
1144.	2.1057530126489117
1144.5	2.111769506751711
1145.	2.117750506964267
1145.5	2.1236964357285384
1146.	2.129607715486483
1146.5	2.1354848377324154
1147.	2.1413281282349947
1147.5	2.147137981815236
1148.	2.1529147932941552
1148.5	2.1586590203164198
1149.	2.1643709697499327
1149.5	2.1700510112862474
1150.	2.17569951461692
1150.5	2.181316906746674
1151.	2.1869034771286264
1151.5	2.192459572529064
1152.	2.1979855397142742
1152.5	2.2034817778716933
1153.	2.208948560377998
1153.5	2.2143862130310152
1154.	2.2197950616285707
1154.5	2.2251754800323797
1155.	2.2305277267508252
1155.5	2.235852108356179
1156.	2.2411489314207125
1156.5	2.246418546687512
1157.	2.2516611988897073
1157.5	2.256877176931245
1158.	2.26206676971607
1158.5	2.2672303068302977
1159.	2.272368020222836
1159.5	2.2774801825247613
1160.	2.282567066367151
1160.5	2.287628981928215
1161.	2.292666149273045
1161.5	2.297678826013866
1162.	2.3026672697629023
1162.5	2.30763177285468
1163.	2.3125725442902008
1163.5	2.3174898277927687
1164.	2.322383867085687
1164.5	2.327254938062739
1165.	2.3321032394085575
1165.5	2.3369290019782536
1166.	2.34173245662694
1166.5	2.3465138640693874
1167.	2.3512734133571858
1167.5	2.3560113234015825
1168.	2.360727813113827
1168.5	2.365423129167375
1169.	2.370097451606384
1169.5	2.37475098823722
1170.	2.3793839468662497
1170.5	2.383996561154024
1171.	2.3885890027110475
1171.5	2.3931614690020115
1172.	2.3977141574916074
1172.5	2.4022472897593197
1173.	2.406761029509128
1173.5	2.4112555645598066
1174.	2.415731082730129
1174.5	2.420187794364762
1175.	2.4246258557462284
1175.5	2.4290454456829456
1176.	2.433446742983329
1176.5	2.437829947527425
1177.	2.442195208623369
1177.5	2.446542696650926
1178.	2.4508725819898594
1178.5	2.4551850547580365
1179.	2.459480257701879
1179.5	2.463758353305912
1180.	2.4680195040546593
1180.5	2.4722638909457313
1181.	2.4764916505453307
1181.5	2.480702937932748
1182.	2.4848979081872713
1182.5	2.4890767337740036
1183.	2.4932395454320964
1183.5	2.4973864912865142
1184.	2.501517719462221
1184.5	2.5056333944309417
1185.	2.5097336414321765
1185.5	2.5138186020521864
1186.	2.517888417877231
1186.5	2.5219432458810678
1187.	2.525983206107462
1187.5	2.5300084339876765
1188.	2.5340190649529735
1188.5	2.538015248935149
1189.	2.5419971010647178
1189.5	2.5459647509727286
1190.	2.5499183282902296
1190.5	2.5538579763274822
1191.	2.5577838055646382
1191.5	2.5616959401610604
1192.	2.5655945042761132
1192.5	2.56947963498675
1193.	2.573351438367709
1193.5	2.5772100334113164
1194.	2.581055539109901
1194.5	2.5848880866661483
1195.	2.5887077779778838
1195.5	2.592514727153292
1196.	2.596309048300556
1196.5	2.6000908670806253
1197.	2.6038602814278127
1197.5	2.607617400829198
1198.	2.611362334771859
1198.5	2.615095203683415
1199.	2.6188161017341876
1199.5	2.622525134035038
1200.	2.6262224056968284
1200.5	2.6299080322002775
1201.	2.6335821041384477
1201.5	2.6372447224742577
1202.	2.640895988170627
1202.5	2.644536012027734
1203.	2.6481648812363345
1203.5	2.6517826928244443
1204.	2.655389543820079
1204.5	2.658985540590888
1205.	2.662570767089399
1205.5	2.666145316607775
1206.	2.669709282438177
1206.5	2.6732627667469346
1207.	2.676805850402376
1207.5	2.680338623146997
1208.	2.6838611747232934
1208.5	2.6873736033120714
1209.	2.6908759868421908
1209.5	2.6943684116808226
1210.	2.6978509641951383
1210.5	2.701323738782067
1211.	2.7047868105671173
1211.5	2.7082402627055573
1212.	2.711684178352654
1212.5	2.7151186483100878
1213.	2.7185437450281484
1213.5	2.721959548603538
1214.	2.7253661391329604
1214.5	2.7287636039994836
1215.	2.7321520130988968
1215.5	2.7355314436133567
1216.	2.7389019727250186
1216.5	2.742263684563923
1217.	2.745616646585188
1217.5	2.748960933191816
1218.	2.7522966187868088
1218.5	2.7556237844025517
1219.	2.758942495160911
1219.5	2.762252822813136
1220.	2.7655548391104756
1220.5	2.7688486221335955
1221.	2.772134234772562
1221.5	2.775411746246857
1222.	2.778681225775963
1222.5	2.7819427486260255
1223.	2.785196375551199
1223.5	2.7884421733523004
1224.	2.7916802088301473
1224.5	2.794910554565469
1225.	2.7981332692672054
1225.5	2.801348417424209
1226.	2.804556063525333
1226.5	2.807756277587482
1227.	2.8109491163602343
1227.5	2.8141346421212217
1228.	2.8173129171480746
1228.5	2.820484009008493
1229.	2.8236479725740127
1229.5	2.8268048680062368
1230.	2.82995475546677
1230.5	2.8330977001822357
1231.	2.83623375522321
1231.5	2.8393629787252888
1232.	2.8424854288240673
1232.5	2.84560116850719
1233.	2.8487102491173846
1233.5	2.851812726849427
1234.	2.8549086578980942
1234.5	2.857998103108521
1235.	2.8610811121649813
1235.5	2.864157739402107
1236.	2.8672280391545315
1236.5	2.870292070216107
1237.	2.873349880678558
1237.5	2.8764015230928286
1238.	2.879447050009863
1238.5	2.882486518258562
1239.	2.885519974400731
1239.5	2.8885474692761317
1240.	2.891569053724526
1240.5	2.894584782691619
1241.	2.897594701268852
1241.5	2.9005988586536082
1242.	2.903597304043273
1242.5	2.906590090577834
1243.	2.9095772619350306
1243.5	2.912558865735205
1244.	2.9155349495987015
1244.5	2.918505564933264
1245.	2.921470754056873
1245.5	2.924430563074911
1246.	2.9273850380927597
1246.5	2.9303342288556444
1247.	2.9332781763731677
1247.5	2.9362169252947745
1248.	2.9391505202699095
1248.5	2.9420790094474847
1249.	2.9450024325776925
1249.5	2.947920832910191
1250.	2.950834253694639
1250.5	2.9537427415465403
1251.	2.95664633500337
1251.5	2.9595450759684487
1252.	2.9624390063450967
1252.5	2.9653281712752175
1253.	2.968212608128115
1253.5	2.9710923575116763
1254.	2.9739674600337884
1254.5	2.976837959419649
1255.	2.97970389191291
1255.5	2.9825652968745358
1256.	2.985422213665489
1256.5	2.988274684648415
1257.	2.991122744981922
1257.5	2.9939664328263005
1258.	2.9968057863418407
1258.5	2.9996408465802116
1259.	3.0024716476537736
1259.5	3.0052982265662647
1260.	3.0081206203214244
1260.5	3.0109388687090926
1261.	3.013753004832466
1261.5	3.0165630645808426
1262.	3.019369083843521
1262.5	3.02217110119537
1263.	3.024969148765889
1263.5	3.027763261370147
1264.	3.0305534738232143
1264.5	3.0333398235296873
1265.	3.0361223416792993
1265.5	3.038901062051308
1266.	3.0416760184249743
1266.5	3.0444472470772803
1267.	3.047214778290672
1267.5	3.0499786448453188
1268.	3.05273887952139
1268.5	3.055495517508992
1269.	3.0582485882143833
1269.5	3.060998123453758
1270.	3.063744155043311
1270.5	3.066486717125187
1271.	3.069225838259251
1271.5	3.0719615493313177
1272.	3.0746938812272018
1272.5	3.0774228670782824
1273.	3.080148534626584
1273.5	3.0828709138596957
1274.	3.085590034765207
1274.5	3.0883059294992985
1275.	3.091018625013531
1275.5	3.0937281504280563
1276.	3.096434534863027
1276.5	3.099137809533452
1277.	3.101838000626684
1277.5	3.104535136424933
1278.	3.107229245210408
1278.5	3.1099203572895138
1279.	3.1126084981105873
1279.5	3.1152936951461605
1280.	3.1179759758687657
1280.5	3.1206553697073827
1281.	3.123331901395516
1281.5	3.1260055976231187
1282.	3.1286764850801436
1282.5	3.131344592348017
1283.	3.134009943468629
1283.5	3.1366725643753424
1284.	3.1393324810015213
1284.5	3.1419897211096606
1285.	3.144644308072339
1285.5	3.1472962670912676
1286.	3.149945623368157
1286.5	3.1525924038740127
1287.	3.155236631333532
1287.5	3.1578783302407083
1288.	3.160517525089533
1288.5	3.1631542420858416
1289.	3.165788503327047
1289.5	3.1684203326224067
1290.	3.1710497537811753
1290.5	3.1736767922692644
1291.	3.1763014695766127
1291.5	3.178923808849814
1292.	3.181543833235462
1292.5	3.18416156748378
1293.	3.1867770324962805
1293.5	3.189390250778106
1294.	3.192001244834398
1294.5	3.19461003872296
1295.	3.197216652775208
1295.5	3.199821108875221
1296.	3.2024234289070748
1296.5	3.205023636258502
1297.	3.2076217507084643
1297.5	3.2102177935395777
1298.	3.2128117860344583
1298.5	3.2154037494757217
1299.	3.2179937051459837
1299.5	3.2205816743278604
1300.	3.2231676783039678