1076.	0.7790512278667725
1076.5	1.2036489525497247
1077.	1.5972564444965307
1077.5	1.9620013905189888
1078.	2.300011477428899
1078.5	2.6134143920380604
1079.	2.9043378211582715
1079.5	3.1749094516013323
1080.	3.427256970179042
1080.5	3.663508063703199
1081.	3.885790418985603
1081.5	4.096231722838054
1082.	4.296959662072349
1082.5	4.493510793876056
1083.	4.683240386534901
1083.5	4.866912578710374
1084.	5.045291509063969
1084.5	5.220108596600371
1085.	5.390773787500602
1085.5	5.557664308288878
1086.	5.7211573854894135
1086.5	5.882021527674106
1087.	6.0400861665004175
1087.5	6.195572015673491
1088.	6.348699788898468
1088.5	6.499891407335629
1089.	6.649085894252925
1089.5	6.796423480373447
1090.	6.942044396420281
1090.5	7.086196704230466
1091.	7.228869670967562
1091.5	7.370160394909077
1092.	7.510165974332522
1092.5	7.649048714783687
1093.	7.786814424364485
1093.5	7.923534118445112
1094.	8.059278812395764
1094.5	8.194168394357101
1095.	8.328205457820669
1095.5	8.461441469048477
1096.	8.593927894302537
1096.5	8.725736385516793
1097.	8.856890149012546
1097.5	8.987432576783027
1098.	9.117407060821472
1098.5	9.24689013497033
1099.	9.375878792633937
1099.5	9.50440316906584
1100.	9.63249339951959
1100.5	9.760184658424258
1101.	9.88750002618766
1101.5	10.014467622393132
1102.	10.141115566624014
1102.5	10.267487782099163
1103.	10.39359026331219
1103.5	10.519444808392226
1104.	10.645073215468404
1104.5	10.770506533296187
1105.	10.895753609127839
1105.5	11.020832540841957
1106.	11.145761426317138
1106.5	11.27056582011848
1107.	11.395253380763478
1107.5	11.519839223456131
1108.	11.644338463400437
1108.5	11.768772378131647
1109.	11.893147455590006
1109.5	12.017476346047005
1110.	12.141771699774145
1110.5	12.266044383767943
1111.	12.390309544884863
1111.5	12.514580546706393
1112.	12.63887075281402
1112.5	12.76320763642577
1113.	12.887584807631976
1113.5	13.012009986159505
1114.	13.136490891735232
1114.5	13.261032311268636
1115.	13.385646070430933
1115.5	13.51034106207595
1116.	13.635126179057513
1116.5	13.760017425942175
1117.	13.885013739185945
1117.5	14.010121166957559
1118.	14.135345757425753
1118.5	14.26069275871116
1119.	14.386169339049859
1119.5	14.51178186662983
1120.	14.637536709639047
1120.5	14.763447506026647
1121.	14.889510446314986
1121.5	15.015728990787578
1122.	15.142106599727931
1122.5	15.268645295183857
1123.	15.395350550968859
1123.5	15.522226402660728
1124.	15.649276885837262
1124.5	15.776508583402995
1125.	15.90392196467829
1125.5	16.031520046310245
1126.	16.159305844945962
1126.5	16.287296078076
1127.	16.415474581166617
1127.5	16.543838890527525
1128.	16.672386542468438
1128.5	16.801102634746105
1129.	16.9300021176444
1129.5	17.059087502894222
1130.	17.188361302226475
1130.5	17.31784014263391
1131.	17.447506774480843
1131.5	17.577358063393437
1132.	17.707390874997856
1132.5	17.837600092574586
1133.	17.96798535703374
1133.5	18.09854432693976
1134.	18.22927466085708
1134.5	18.360177602457494
1135.	18.49124579115514
1135.5	18.62247545147151
1136.	18.753862807928094
1136.5	18.88541512611272
1137.	19.017113173054017
1137.5	19.148948756846945
1138.	19.28091368558647
1138.5	19.412998072144138
1139.	19.545196097927683
1139.5	19.677500249121437
1140.	19.809903011909718
1140.5	19.942409562768788
1141.	20.074994621474264
1141.5	20.2076455980937
1142.	20.340349902694644
1142.5	20.47308555081451
1143.	20.605853104863048
1143.5	20.738643732719865
1144.	20.87144860226458
1144.5	21.004280589349168
1145.	21.13710047069192
1145.5	21.26989073098349
1146.	21.402633854914548
1146.5	21.53461356418093
1147.	21.66679061166604
1147.5	21.799426987258467
1148.	21.932784680846797
1148.5	22.066811636692677
1149.	22.202209508562404
1149.5	22.33936590459535
1150.	22.478668432930878
1150.5	22.6231168301374
1151.	22.7694417245536
1151.5	22.916985872947237
1152.	23.06509203208604
1152.5	23.211530086045684
1153.	23.35784481336281
1153.5	23.50400811988199
1154.	23.6499919114478
1154.5	23.795782543458106
1155.	23.941331692382857
1155.5	24.086605484245304
1156.	24.23157004506869
1156.5	24.376203388314696
1157.	24.520454997592772
1157.5	24.664286243950794
1158.	24.807658498436645
1158.5	24.950547220694524
1159.	25.092894057737453
1159.5	25.23465474517478
1160.	25.37578501861585
1160.5	25.516255977285393
1161.	25.65600184773122
1161.5	25.794972220116524
1162.	25.933116684604506
1162.5	26.07040029362466
1163.	26.206750990167357
1163.5	26.342112179489266
1164.	26.476427266847068
1164.5	26.60965990948171
1165.	26.741725159871873
1165.5	26.872558322480522
1166.	27.00209470177062
1166.5	27.13028757664559
1167.	27.257047087351744
1167.5	27.382301348575858
1168.	27.505978475004706
1168.5	27.62797710692893
1169.	27.748266623189895
1169.5	27.866786928232823
1170.	27.983477926502946
1170.5	28.09844385218297
1171.	28.211394548085657
1171.5	28.322204186761237
1172.	28.430746940759953
1172.5	28.536783094832646
1173.	28.640346264448702
1173.5	28.741356177278117
1174.	28.839732560990882
1174.5	28.935444089561013
1175.	29.028341965832876
1175.5	29.118326338954855
1176.	29.205297358075345
1176.5	29.289204016397207
1177.	29.369878081392557
1177.5	29.44720016458799
1178.	29.5210508775101
1178.5	29.59131690643945
1179.	29.65787035824708
1179.5	29.720589414557995
1180.	29.7793522569972
1180.5	29.834039614974085
1181.	29.884526103215524
1181.5	29.93068888423277
1182.	29.972405120537076
1182.5	30.009596109622382
1183.	30.042077225024183
1183.5	30.069707975260663
1184.	30.092347868850002
1184.5	30.109836690985194
1185.	30.122061562839683
1185.5	30.128889882261724
1186.	30.13018904709957
1186.5	30.125846131416537
1187.	30.115700986359798
1187.5	30.099613139291588
1188.	30.077442117574137
1188.5	30.049060816618685
1189.	30.01431004851886
1189.5	29.97304399341729
1190.	29.925116831456606
1190.5	29.87032611635268
1191.	29.808605305245614
1191.5	29.73983122884874
1192.	29.663880717875404
1192.5	29.580672015440584
1193.	29.49002397489532
1193.5	29.391796861992283
1194.	29.285850942484156
1194.5	29.171954528269115
1195.	29.05009662049615
1195.5	28.920174266459732
1196.	28.782084513454354
1196.5	28.63569859462129
1197.	28.480949697069505
1197.5	28.317745193754764
1198.	28.145992457632836
1198.5	27.9655889155243
1199.	27.77645586497417
1199.5	27.57850465739229
1200.	27.371646644188495
1200.5	27.155641809054494
1201.	26.9306134182055
1201.5	26.696533370138596
1202.	26.45337356335087
1202.5	26.201103104787094
1203.	25.939697801117592
1203.5	25.669130667460376
1204.	25.38937471893345
1204.5	25.10026622900306
1205.	24.801969651099693
1205.5	24.494512697002058
1206.	24.17792307848888
1206.5	23.85214598415763
1207.	23.517324658240767
1207.5	23.173519821789498
1208.	22.82079219585504
1208.5	22.459077548888235
1209.	22.088611535580817
1209.5	21.709504858024147
1210.	21.321868218309593
1210.5	20.925720561975766
1211.	20.521301050287875
1211.5	20.10875708795839
1212.	19.68823607969977
1212.5	19.2597404666589
1213.	18.823620602540053
1213.5	18.380081877481924
1214.	17.929329681623205
1214.5	17.471454707693987
1215.	17.00682292220501
1215.5	16.535685594258403
1216.	16.058293992956308
1216.5	15.574641793378188
1217.	15.085340896257911
1217.5	14.590745608306678
1218.	14.09121023623569
1218.5	13.586622758592474
1219.	13.077990341517372
1219.5	12.565853822987059
1220.	12.050754040978202
1220.5	11.531477089471169
1221.	11.011020448037456
1221.5	10.490626852252255
1222.	9.971539037690755
1222.5	9.455857979135123
1223.	8.943624877270787
1223.5	8.435739171990154
1224.	7.933100303185624
1224.5	7.4317201959514625
1225.	6.939340810897467
1225.5	6.458816593835296
1226.	5.993001990576609
1226.5	5.54705177658152
1227.	5.120599936153848
1227.5	4.715580783245871
1228.	4.333928631809862
1228.5	3.99397169971608
1229.	3.6746928354316273
1229.5	3.371468791341587
1230.	3.0796763198310444
1230.5	2.780982869668753
1231.	2.4899582183026583
1231.5	2.207462839564376
1232.	1.9343572072855209
1232.5	1.676656221312732
1233.	1.4280041590565935
1233.5	1.187199723942712
1234.	0.953041619396694
1234.5	0.7221313369883705
1235.	0.4963436767414346
1235.5	0.275356226823803
1236.	0.05884657540339289
1236.5	-0.15409907599697448
1237.	-0.36297519790624816
1237.5	-0.5678676474984725
1238.	-0.7688622819476922
1238.5	-0.9661967791715427
1239.	-1.1597444473030416
1239.5	-1.3495304152187972
1240.	-1.5355798117954178
1240.5	-1.7179545014233246
1241.	-1.8966281832597882
1241.5	-2.0716112919758913
1242.	-2.242914262242718
1242.5	-2.410548162139436
1243.	-2.5745225395658093
1243.5	-2.7348475758296877
1244.	-2.89153345223892
1244.5	-3.044574580097892
1245.	-3.1940032187193017
1245.5	-3.339835857412384
1246.	-3.4820889854863735
1246.5	-3.6207681039664994
1247.	-3.7559050857596037
1247.5	-3.8875208154885232
1248.	-4.015636177776095
1248.5	-4.14024955998948
1249.	-4.261413342909461
1249.5	-4.3791574100611435
1250.	-4.493511644969636
1250.5	-4.604587956697218
1251.	-4.712301393016953
1251.5	-4.8166490272390785
1252.	-4.917627932673831
1252.5	-5.014955661932132
1253.	-5.10902061730326
1253.5	-5.199931680377182
1254.	-5.287797732743858
1254.5	-5.372977727709012
1255.	-5.455230446460546
1255.5	-5.534564741902121
1256.	-5.610989466937395
1256.5	-5.68442142188378
1257.	-5.754998333265686
1257.5	-5.8227658750212745
1258.	-5.887769721088707
1258.5	-5.9500774755167125
1259.	-6.009704110088656
1259.5	-6.066686526698473
1260.	-6.121061627240097
1260.5	-6.172843705507165
1261.	-6.222101314734028
1261.5	-6.268880400054737
1262.	-6.313226906603349
1262.5	-6.355187893875911
1263.	-6.394807746899682
1263.5	-6.432131965063919
1264.	-6.467206047757875
1264.5	-6.500078129003095
1265.	-6.5307900197036295
1265.5	-6.5593861653958205
1266.	-6.585911011616007
1266.5	-6.610412823082358
1267.	-6.632930698476653
1267.5	-6.653507555662504
1268.	-6.672186312503518
1268.5	-6.68901459541522
1269.	-6.704028730288536
1269.5	-6.717269751566313
1270.	-6.7287786936913925
1270.5	-6.738601876535323
1271.	-6.74677293494076
1271.5	-6.753330789179067
1272.	-6.758314359521606
1272.5	-6.761798404076865
1273.	-6.763771670144227
1273.5	-6.7642587428602035
1274.	-6.763284207361304
1274.5	-6.76081935512383
1275.	-6.756963382408585
1275.5	-6.751762191816161
1276.	-6.745261685947156
1276.5	-6.737573877745837
1277.	-6.728652115331654
1277.5	-6.718515857167728
1278.	-6.707184561717185
1278.5	-6.694621924340745
1279.	-6.680925471844896
1279.5	-6.6661369679337215
1280.	-6.650298176311308
1280.5	-6.633519112625421
1281.	-6.61574598785899
1281.5	-6.596993264938629
1282.	-6.57727540679095
1282.5	-6.556548575043636
1283.	-6.534908854441801
1283.5	-6.512394028431624
1284.	-6.4890418804592915
1284.5	-6.464960035611588
1285.	-6.440088499037853
1285.5	-6.4144371175280295
1286.	-6.38801573787206
1286.5	-6.360807143273861
1287.	-6.33285906954381
1287.5	-6.304192188906257
1288.	-6.274827173585557
1288.5	-6.244755129276791
1289.	-6.214038121345286
1289.5	-6.182708648627105
1290.	-6.150799209958304
1290.5	-6.118448349168999
1291.	-6.085540102103573
1291.5	-6.052064549600462
1292.	-6.018011772498102
1292.5	-5.983239546282451
1293.	-5.947923179285418
1293.5	-5.912105674486438
1294.	-5.875830034864938
1294.5	-5.839210343976882
1295.	-5.8021900919945555
1295.5	-5.764783849666778
1296.	-5.727006187742367
1296.5	-5.68894601690114
1297.	-5.650513831988516
1297.5	-5.611694467780914
1298.	-5.572472759054753
1298.5	-5.5328335405864495
1299.	-5.492761647152423
1299.5	-5.452241913529092
1300.	-5.411259174492875