1076.	10.10651815470819
1076.5	10.058910451597312
1077.	10.011517967236095
1077.5	9.964338570132162
1078.	9.917370128793127
1078.5	9.870610511726612
1079.	9.824057587440237
1079.5	9.777709224441617
1080.	9.731563291238375
1080.5	9.685617656338128
1081.	9.639870188248496
1081.5	9.594318755477097
1082.	9.548961226531551
1082.5	9.50379518975012
1083.	9.458818905877521
1083.5	9.414030355489118
1084.	9.369427519160272
1084.5	9.32500811505796
1085.	9.280770491129282
1085.5	9.236712732912952
1086.	9.192832925947688
1086.5	9.149128909800865
1087.	9.105599114371072
1087.5	9.06224172358556
1088.	9.019054921371579
1088.5	8.976036660911548
1089.	8.933185449175483
1089.5	8.890499562388564
1090.	8.847977276775977
1090.5	8.805616651936472
1091.	8.763416267372238
1091.5	8.721374485959027
1092.	8.679489670572597
1092.5	8.63775998056523
1093.	8.596184063745543
1093.5	8.554760364398678
1094.	8.513487326809782
1094.5	8.472363203911964
1095.	8.431386707883215
1095.5	8.390556359549493
1096.	8.349870679736755
1096.5	8.309328009234944
1097.	8.268927120920441
1097.5	8.228666607633608
1098.	8.18854506221481
1098.5	8.148560907998082
1099.	8.108712975132649
1099.5	8.068999924261405
1100.	8.029420416027245
1100.5	7.989972951372885
1101.	7.9506564145214735
1101.5	7.911469529995977
1102.	7.872411022319365
1102.5	7.83347946545417
1103.	7.7946737947079665
1103.5	7.755992794827895
1104.	7.717435250561096
1104.5	7.67899980461967
1105.	7.640685440599814
1105.5	7.602491000062686
1106.	7.564415324569445
1106.5	7.526457121604702
1107.	7.488615420436779
1107.5	7.45088911625745
1108.	7.413277104258493
1108.5	7.375778152990059
1109.	7.338391334942197
1109.5	7.301115595963334
1110.	7.263949881901893
1110.5	7.2268930189156135
1111.	7.189944120419883
1111.5	7.153102180139402
1112.	7.116366191798871
1112.5	7.079735035935462
1113.	7.0432078647364165
1113.5	7.006783717201446
1114.	6.970461632330263
1114.5	6.934240542023582
1115.	6.898119635219713
1115.5	6.862097993757965
1116.	6.826174699477653
1116.5	6.790348732823375
1117.	6.754619317587039
1117.5	6.718985576165839
1118.	6.68344663095697
1118.5	6.64800150831083
1119.	6.612649465090131
1119.5	6.57738966211079
1120.	6.542221260188722
1120.5	6.507143329110164
1121.	6.47215515713258
1121.5	6.4372559414837545
1122.	6.402444879391474
1122.5	6.367721081763694
1123.	6.333083866675963
1123.5	6.298532465883999
1124.	6.264066111143519
1124.5	6.229683952314609
1125.	6.195385335806873
1125.5	6.161169526134283
1126.	6.127035787810811
1126.5	6.092983307613249
1127.	6.059011458887619
1127.5	6.025119537242763
1128.	5.991306838287524
1128.5	5.957572583804621
1129.	5.923916172759469
1129.5	5.890336930291358
1130.	5.856834181539579
1130.5	5.8234071814978705
1131.	5.790055353509298
1131.5	5.756778050771371
1132.	5.723574626481604
1132.5	5.690444367157643
1133.	5.657386719348811
1133.5	5.624401062924564
1134.	5.591486777754358
1134.5	5.558643180293012
1135.	5.525869739190478
1135.5	5.493165859682069
1136.	5.4605309470030985
1136.5	5.427964346052318
1137.	5.395465546536226
1137.5	5.363033977824762
1138.	5.330669069287863
1138.5	5.298370192862162
1139.	5.266136858324224
1139.5	5.233968518017308
1140.	5.201864624284674
1140.5	5.1698245747761185
1141.	5.13784789840575
1141.5	5.1059340693942135
1142.	5.074082561962155
1142.5	5.042292798223746
1143.	5.010564325348695
1143.5	4.9788966384002356
1144.	4.947289232441602
1144.5	4.915741552873491
1145.	4.884253164286689
1145.5	4.852823581609444
1146.	4.821452319770006
1146.5	4.790138846344052
1147.	4.75888274255343
1147.5	4.727683542267417
1148.	4.6965407793552885
1148.5	4.665453942518184
1149.	4.634422628860773
1149.5	4.60344639031959
1150.	4.572524778831167
1150.5	4.541657303230627
1151.	4.510843575796476
1151.5	4.4800831657058096
1152.	4.449375642135726
1152.5	4.418720533118221
1153.	4.38811746543353
1153.5	4.357566024716791
1154.	4.327065796603138
1154.5	4.296616327435275
1155.	4.266217257857743
1155.5	4.235868189222656
1156.	4.205568722882121
1156.5	4.175318422651138
1157.	4.145116942433772
1157.5	4.114963898596977
1158.	4.084858907507706
1158.5	4.054801549659658
1159.	4.024791491642345
1159.5	3.9948283641720246
1160.	3.9649117979649535
1160.5	3.9350413894419867
1161.	3.905216817332943
1161.5	3.8754377260722412
1162.	3.845703760094298
1162.5	3.816014531035087
1163.	3.7863697292468483
1163.5	3.756769012283377
1164.	3.7272120376984685
1164.5	3.697698431668294
1165.	3.6682278956753236
1165.5	3.6388000998244014
1166.	3.6094147142203736
1166.5	3.580071378939587
1167.	3.5507698061267843
1167.5	3.5215096778982096
1168.	3.492290676370107
1168.5	3.4631124549118066
1169.	3.4339747358852337
1169.5	3.4048772129053977
1170.	3.3758195795873096
1170.5	3.3468015020169846
1171.	3.3178227123500257
1171.5	3.288882915213041
1172.	3.2599818152326385
1172.5	3.2311190906643152
1173.	3.2022944830542355
1173.5	3.173507707577451
1174.	3.1447584794090155
1174.5	3.116046488454112
1175.	3.08737148526561
1175.5	3.05873319512651
1176.	3.0301313433198125
1176.5	3.0015656309064265
1177.	2.9730358170802793
1177.5	2.944541636813209
1178.	2.9160828250770514
1178.5	2.8876590936188427
1179.	2.859270209925141
1179.5	2.8309159182577033
1180.	2.8025959628782875
1180.5	2.774310065773441
1181.	2.746058002390215
1181.5	2.71783952590045
1182.	2.689654389475988
1182.5	2.661502324917968
1183.	2.633383115317214
1183.5	2.605296522393848
1184.	2.577242307867991
1184.5	2.549220212950942
1185.	2.521230028075176
1185.5	2.493271523164345
1186.	2.465344468142101
1186.5	2.4374486132448214
1187.	2.4095837559583413
1187.5	2.3817496740812225
1188.	2.3539461454120256
1188.5	2.326172928845423
1189.	2.298429828645421
1189.5	2.270716630172137
1190.	2.243033118785688
1190.5	2.215379061689552
1191.	2.187754269663141
1191.5	2.160158535329229
1192.	2.132591651310588
1192.5	2.1050533927863766
1193.	2.077543576800429
1193.5	2.050062002952963
1194.	2.0226084708441974
1194.5	1.995182763311332
1195.	1.9677847034228122
1195.5	1.940414097484065
1196.	1.9130707518005163
1196.5	1.8857544565644282
1197.	1.858465040639658
1197.5	1.8312023167768976
1198.	1.8039660977268401
1198.5	1.7767561807477161
1199.	1.749572400279664
1199.5	1.7224145752703612
1200.	1.6952825246674847
1200.5	1.6681760525192986
1201.	1.6410949986326582
1201.5	1.6140391879150056
1202.	1.5870084452737832
1202.5	1.560002581283825
1203.	1.5330214409182246
1203.5	1.5060648548174675
1204.	1.4791326536220393
1204.5	1.4522246541817065
1205.	1.425340706443961
1205.5	1.3984806465655752
1206.	1.3716443107033227
1206.5	1.3448315217414846
1207.	1.3180421344183217
1207.5	1.291275990199604
1208.	1.264532930551101
1208.5	1.2378127841618376
1209.	1.2111154103850255
1209.5	1.1844406557971325
1210.	1.1577883669746258
1210.5	1.13115837819161
1211.	1.1045505532478603
1211.5	1.0779647436407898
1212.	1.0514008008678106
1212.5	1.024858564578042
1213.	0.9983379028565074
1213.5	0.971838671939937
1214.	0.945360728065061
1214.5	0.9189039160550669
1215.	0.8924681081256443
1215.5	0.8660531650789397
1216.	0.8396589477171005
1216.5	0.8132853058451037
1217.	0.786932115661134
1217.5	0.7605992423662062
1218.	0.7342865511613353
1218.5	0.7079938966492481
1219.	0.6817211588685625
1219.5	0.6554682072596091
1220.	0.6292349112627175
1220.5	0.6030211301021601
1221.	0.5768267475207481
1221.5	0.5506516370452348
1222.	0.5244956722023733
1222.5	0.4983587166692317
1223.	0.4722406577621227
1223.5	0.4461413729476734
1224.	0.42006073969251123
1224.5	0.39399862596484464
1225.	0.36795492252908735
1225.5	0.34192951065123417
1226.	0.3159222715972799
1226.5	0.2899330774716721
1227.	0.2639618223665718
1227.5	0.23800839121259304
1228.	0.2120726689403496
1228.5	0.18615453164205725
1229.	0.16025387662208712
1229.5	0.13437059234641224
1230.	0.10850456728100566
1230.5	0.08265568136350802
1231.	0.05682383499955776
1231.5	0.031008920066460888
1232.	0.00521082844152343
1232.5	-0.02057055622869515
1233.	-0.046335330543843666
1233.5	-0.07208359933431747
1234.	-0.09781546743051195
1234.5	-0.12353104760788956
1235.	-0.1492304335737517
1235.5	-0.17491372698046692
1236.	-0.20058102948040368
1236.5	-0.22623245039668188
1237.	-0.2518680806426181
1237.5	-0.2774880188022804
1238.	-0.30309236345973667
1238.5	-0.32868122060633836
1239.	-0.3542546784559566
1239.5	-0.379812832629746
1240.	-0.4053557787488612
1240.5	-0.4308836195886314
1241.	-0.45639644075436675
1241.5	-0.4818943350055519
1242.	-0.5073773951016715
1242.5	-0.5328457207131715
1243.	-0.5582993949241909
1243.5	-0.58373850772983
1244.	-0.6091631491251889
1244.5	-0.6345734157825695
1245.	-0.6599693883489898
1245.5	-0.685351154148669
1246.	-0.7107188005058267
1246.5	-0.7360724211971608
1247.	-0.7614120945134211
1247.5	-0.7867379051978355
1248.	-0.8120499379936325
1248.5	-0.8373482838804329
1249.	-0.8626330188705149
1249.5	-0.8879042252125493
1250.	-0.913161985155207
1250.5	-0.9384063869757265
1251.	-0.9636375044827842
1251.5	-0.9888554175136238
1252.	-1.0140602059054893
1252.5	-1.039251955324268
1253.	-1.064430737447103
1253.5	-1.0895966297797803
1254.	-1.114749709828087
1254.5	-1.1398900607340872
1255.	-1.165017752112778
1255.5	-1.1901328592154348
1256.	-1.2152354572933326
1256.5	-1.2403256270488936
1257.	-1.265403436101787
1257.5	-1.2904689575228296
1258.	-1.3155222643828375
1258.5	-1.3405634350255682
1259.	-1.3655925351397207
1259.5	-1.390609635686935
1260.	-1.4156148076288515
1260.5	-1.4406081270284745
1261.	-1.4655896577055338
1261.5	-1.4905594685811234
1262.	-1.5155176285763376
1262.5	-1.5404642115484095
1263.	-1.5653992795078386
1263.5	-1.5903228994012641
1264.	-1.6152351381753247
1264.5	-1.6401360675536547
1265.	-1.6650257477950985
1265.5	-1.689904243935497
1266.	-1.7147716210106903
1266.5	-1.7396279486802004
1267.	-1.7644732855067136
1267.5	-1.7893076946765973
1268.	-1.81413123937622
1268.5	-1.8389439872679025
1269.	-1.8637459952716777
1269.5	-1.888537324783532
1270.	-1.9133180371994514
1270.5	-1.9380881982490032
1271.	-1.9628478632611603
1271.5	-1.9875970918984767
1272.	-2.012335943823506
1272.5	-2.037064482895145
1273.	-2.061782762901068
1273.5	-2.0864908418252903
1274.	-2.111188777651829
1274.5	-2.1358766324287317
1275.	-2.1605544584503704
1275.5	-2.18522231207515
1276.	-2.209880249661474
1276.5	-2.2345283315041886
1277.	-2.2591666084506783
1277.5	-2.28379513528477
1278.	-2.30841396679029
1278.5	-2.3330231615644537
1279.	-2.3576227690523437
1279.5	-2.382212842512432
1280.	-2.4067934352031894
1280.5	-2.431364604077772
1281.	-2.4559263972220933
1281.5	-2.4804788664167496
1282.	-2.5050220634423397
1282.5	-2.5295560436596176
1283.	-2.554080853836961
1283.5	-2.5785965443229046
1284.	-2.603103165465982
1284.5	-2.627600771084369
1285.	-2.652089406669103
1285.5	-2.6765691211808633
1286.	-2.7010399635803286
1286.5	-2.725501986191152
1287.	-2.7499552332658475
1287.5	-2.774399752419904
1288.	-2.798835591268811
1288.5	-2.823262800688065
1289.	-2.847681423729143
1289.5	-2.8720915067035326
1290.	-2.896493095922719
1290.5	-2.920886240858783
1291.	-2.945270983398378
1291.5	-2.969647368588752
1292.	-2.9940154414771527
1292.5	-3.0183752501754264
1293.	-3.042726835440384
1293.5	-3.0670702410934343
1294.	-3.091405510955986
1294.5	-3.1157326918213313
1295.	-3.140051823350243
1295.5	-3.164362948175376
1296.	-3.1886661089293864
1296.5	-3.212961351127255
1297.	-3.237248713366381
1297.5	-3.261528237126492
1298.	-3.2857999638873117
1298.5	-3.3100639351285666
1299.	-3.3343201923299817
1299.5	-3.358568776971283
1300.	-3.3828097305321956