1076.	0.1254980968478837
1076.5	0.1919598870423308
1077.	0.253218557295097
1077.5	0.3096220103759073
1078.	0.36151814905448665
1078.5	0.4092548761005599
1079.	0.45318009428385186
1079.5	0.4936417063740876
1080.	0.5309876151409919
1080.5	0.5655657233542897
1081.	0.5977239337837059
1081.5	0.6278101491989654
1082.	0.656172272369793
1082.5	0.6837109017120526
1083.	0.7100001660908747
1083.5	0.7351668900175286
1084.	0.7593378980032836
1084.5	0.7827987532091735
1085.	0.8054540460367975
1085.5	0.8273671055375194
1086.	0.8486012607627026
1086.5	0.8692853607869814
1087.	0.8893910066291407
1087.5	0.9089553193312359
1088.	0.9280154199353224
1088.5	0.9466406007901477
1089.	0.9648229431083983
1089.5	0.982586699409453
1090.	0.9999561222126904
1090.5	1.0169748072314118
1091.	1.0336399265135041
1091.5	1.0499679953007768
1092.	1.0659755288350392
1092.5	1.0816895039335972
1093.	1.0971117896325657
1093.5	1.1122547165435552
1094.	1.127130615278177
1094.5	1.1417596624430606
1095.	1.1561432042567907
1095.5	1.1702904329329715
1096.	1.184210540685206
1096.5	1.1979180952625657
1097.	1.2114147631289993
1097.5	1.2247075862839232
1098.	1.237803606726754
1098.5	1.2507132462582133
1099.	1.2634388151558902
1099.5	1.275986003498679
1100.	1.288360501365474
1100.5	1.30057035199914
1101.	1.3126179510490126
1101.5	1.3245080473283974
1102.	1.336245389650601
1102.5	1.3478369996462327
1103.	1.3592844441843734
1103.5	1.3705915629514083
1104.	1.3817621956337214
1104.5	1.3928017268948274
1105.	1.4037118334531293
1105.5	1.4144957370041598
1106.	1.4251566592434515
1106.5	1.4356993944005998
1107.	1.4461249626234496
1107.5	1.4564359565939087
1108.	1.4666349689938845
1108.5	1.4767248735484368
1109.	1.4867078694790605
1109.5	1.4965864370504023
1110.	1.5063630565271091
1110.5	1.516041327577078
1111.	1.5256221633004052
1111.5	1.5351075962004377
1112.	1.5444996587805215
1112.5	1.5538010232274613
1113.	1.563012826487763
1113.5	1.5721368451913902
1114.	1.5811748559683068
1114.5	1.590129168113917
1115.	1.5990008125265673
1115.5	1.6077913527700456
1116.	1.616502352408139
1116.5	1.625135410905098
1117.	1.6336920415640614
1117.5	1.642173793588632
1118.	1.6505822161824117
1118.5	1.6589204511240743
1119.	1.6671878180121218
1119.5	1.675385229020128
1120.	1.683513596321667
1120.5	1.6915725265362775
1121.	1.6995647596131815
1121.5	1.707491729947567
1122.	1.7153548719346206
1122.5	1.7231575637821197
1123.	1.7308985185476264
1123.5	1.7385783931012924
1124.	1.7461978443132697
1124.5	1.753756050972115
1125.	1.7612557392622128
1125.5	1.7686981572863527
1126.	1.7760845531473244
1126.5	1.7834172308511758
1127.	1.790695960236135
1127.5	1.7979215670436883
1128.	1.8050948770153221
1128.5	1.812217815003251
1129.	1.8192896679939419
1129.5	1.82631082208459
1130.	1.8332816633723907
1130.5	1.8402009198675728
1131.	1.8470712989890843
1131.5	1.8538938500689062
1132.	1.8606696224390207
1132.5	1.8674011872189662
1133.	1.8740874632381443
1133.5	1.8807288911135138
1134.	1.8873259114620335
1134.5	1.8938781342540194
1135.	1.9003871630117297
1135.5	1.9068537706107807
1136.	1.9132787299267875
1136.5	1.9196638948211802
1137.	1.926008524789435
1137.5	1.9323129603128424
1138.	1.9385775418726925
1138.5	1.9448022334237969
1139.	1.9509879025845158
1139.5	1.9571350404467316
1140.	1.9632441381023258
1140.5	1.9693152604824617
1141.	1.9753494953040271
1141.5	1.981347504123191
1142.	1.9873099484961227
1142.5	1.9932380546145008
1143.	1.9991316935447812
1143.5	2.0049913009889297
1144.	2.0108173126489115
1144.5	2.016611322376711
1145.	2.022372144464267
1145.5	2.028099751353538
1146.	2.033794115486483
1146.5	2.0394704853886654
1147.	2.0451074469849946
1147.5	2.0506988622839857
1148.	2.056238593294155
1148.5	2.0617269007851697
1149.	2.0671486884999326
1149.5	2.0724952589424976
1150.	2.07775791461692
1150.5	2.082867972371674
1151.	2.0879007146286264
1151.5	2.0928714381540643
1152.	2.0977954397142744
1152.5	2.1027254552154435
1153.	2.107624366627998
1153.5	2.112492495062265
1154.	2.1173301616285705
1154.5	2.1221377276886293
1155.	2.126915458000825
1155.5	2.131663657574929
1156.	2.1363826314207124
1156.5	2.1410732912187616
1157.	2.1457350926397076
1157.5	2.150368098024995
1158.	2.15497236971607
1158.5	2.159546291986548
1159.	2.164092276472836
1159.5	2.168611056743511
1160.	2.173103366367151
1160.5	2.177572863178215
1161.	2.1820161867730454
1161.5	2.186432901013866
1162.	2.1908225697629025
1162.5	2.1951812916046802
1163.	2.1995134817902007
1163.5	2.2038200902927687
1164.	2.208102067085687
1164.5	2.2123639099377392
1165.	2.2166016019085575
1165.5	2.220814673853254
1166.	2.2250026566269403
1166.5	2.2291627671943877
1167.	2.2332977758571855
1167.5	2.2374081390265825
1168.	2.241494313113827
1168.5	2.245557344792375
1169.	2.249596864106384
1169.5	2.2536130913622205
1170.	2.2576062468662497
1170.5	2.261576588497774
1171.	2.2655242839610477
1171.5	2.269449538533262
1172.	2.2733525574916076
1172.5	2.2772179178843195
1173.	2.281067704509128
1173.5	2.284908373934807
1174.	2.288746382730129
1174.5	2.292617959989762
1175.	2.2964878807462283
1175.5	2.3003506925579456
1176.	2.304200942983329
1176.5	2.3080201889336753
1177.	2.3118211648733693
1177.5	2.3156036146196755
1178.	2.319367281989859
1178.5	2.323110262570536
1179.	2.3268346077018793
1179.5	2.330540720493412
1180.	2.3342290040546594
1180.5	2.337900512820731
1181.	2.341554738045331
1181.5	2.3451918223077475
1182.	2.348811908187271
1182.5	2.3524158509615036
1183.	2.3560027954320963
1183.5	2.359572599099014
1184.	2.363125119462221
1184.5	2.366659574118442
1185.	2.3701767164321765
1185.5	2.373676659864686
1186.	2.377159517877231
1186.5	2.3806246927560677
1187.	2.384073293607462
1187.5	2.3875057183626764
1188.	2.3909223649529734
1188.5	2.394324333310149
1189.	2.397711038564718
1189.5	2.4010825978477284
1190.	2.4044391282902295
1190.5	2.4077815263274824
1191.	2.4111088180646383
1191.5	2.4144208089110606
1192.	2.4177173042761133
1192.5	2.4209966185805003
1193.	2.424260644617709
1193.5	2.4275097841925666
1194.	2.4307444391099007
1194.5	2.433965769478648
1195.	2.4371731154778837
1195.5	2.4403665755907915
1196.	2.443546248300556
1196.5	2.446712231924375
1197.	2.449864625177813
1197.5	2.453003526610448
1198.	2.456129034771859
1198.5	2.459242098995915
1199.	2.462341626734188
1199.5	2.465427376222538
1200.	2.4684991056968286
1200.5	2.471554950950278
1201.	2.4745969416384477
1201.5	2.477625484974258
1202.	2.4806409881706273
1202.5	2.483644676871484
1203.	2.4866358124863344
1203.5	2.4896144748556943
1204.	2.492580743820079
1204.5	2.495535567934638
1205.	2.498477810839399
1205.5	2.5014072048890243
1206.	2.504323482438177
1206.5	2.5072237948719343
1207.	2.510111487902376
1207.5	2.5129873262719973
1208.	2.5158520747232935
1208.5	2.5187099947183214
1209.	2.521556955592191
1209.5	2.524392323399573
1210.	2.5272154641951383
1210.5	2.530022189563317
1211.	2.5328168418171173
1211.5	2.5356002087993073
1212.	2.538373078352654
1212.5	2.541139882685088
1213.	2.5438963075281484
1213.5	2.5466416829785383
1214.	2.5493753391329603
1214.5	2.552093871186983
1215.	2.554800438098897
1215.5	2.5574954639258567
1216.	2.5601793727250186
1216.5	2.562853501751423
1217.	2.5655169965851883
1217.5	2.5681699160043157
1218.	2.5708123187868086
1218.5	2.5734442781525515
1219.	2.576065832660911
1219.5	2.578677035313136
1220.	2.5812779391104756
1220.5	2.5838675799460957
1221.	2.586447434772562
1221.5	2.589017963434357
1222.	2.591579625775963
1222.5	2.5941359189385254
1223.	2.596683050551199
1223.5	2.5992202655398002
1224.	2.601746808830147
1224.5	2.6042589311279687
1225.	2.606760069267205
1225.5	2.6092506658617087
1226.	2.6117311635253326
1226.5	2.6142019244624817
1227.	2.6166635038602344
1227.5	2.6191163764962218
1228.	2.6215610171480748
1228.5	2.624001105102243
1229.	2.6264326288240127
1229.5	2.6288547812874867
1230.	2.6312667554667697
1230.5	2.633663472057236
1231.	2.63605010522321
1231.5	2.6384275568502886
1232.	2.6407967288240672
1232.5	2.64316175444469
1233.	2.6455190116173846
1233.5	2.6478681096619274
1234.	2.6502086578980943
1234.5	2.6525391999835213
1235.	2.6548608371649816
1235.5	2.6571736050271073
1236.	2.6594775391545316
1236.5	2.661772679591107
1237.	2.664059055678558
1237.5	2.6663367012178285
1238.	2.6686056500098627
1238.5	2.6708659440398117
1239.	2.673117605650731
1239.5	2.675360665369882
1240.	2.677595153724526
1240.5	2.6798199100353695
1241.	2.682036632518852
1241.5	2.6842458281848582
1242.	2.686448004043273
1242.5	2.6886472335465843
1243.	2.6908390306850305
1243.5	2.693022475891455
1244.	2.6951966495987016
1244.5	2.697355862589514
1245.	2.6995058728068733
1245.5	2.701647668543661
1246.	2.7037822380927596
1246.5	2.7059141749493945
1247.	2.7080394201231677
1247.5	2.710157519826024
1248.	2.7122680202699097
1248.5	2.714368010228735
1249.	2.7164604763276925
1249.5	2.7185459477539413
1250.	2.720624953694639
1250.5	2.7227005227965404
1251.	2.7247696850033702
1251.5	2.726831969718449
1252.	2.728886906345097
1252.5	2.7309328009627176
1253.	2.732970895628115
1253.5	2.735001209074176
1254.	2.7370237600337886
1254.5	2.739038570357149
1255.	2.7410456544129103
1255.5	2.743045029687036
1256.	2.745036713665489
1256.5	2.7470193791796653
1257.	2.7489949262319224
1257.5	2.7509639101700505
1258.	2.752926886341841
1258.5	2.754887069236462
1259.	2.7568412914037737
1259.5	2.758789044535015
1260.	2.7607298203214246
1260.5	2.7626618046465925
1261.	2.764586317332466
1261.5	2.7665033723933425
1262.	2.768412983843521
1262.5	2.77031376213287
1263.	2.772207686265889
1263.5	2.774095331682647
1264.	2.7759772738232145
1264.5	2.7778568719671877
1265.	2.779730804179299
1265.5	2.7815985323638084
1266.	2.783459518424974
1266.5	2.78531184785853
1267.	2.787156909540672
1267.5	2.7889947159390687
1268.	2.79082527952139
1268.5	2.7926471581339922
1269.	2.7944624007143832
1269.5	2.796271601578758
1270.	2.798075355043311
1270.5	2.799877152281437
1271.	2.801673532009251
1271.5	2.803463929800068
1272.	2.8052477812272016
1272.5	2.807021582703282
1273.	2.808788884626584
1273.5	2.8105502982346957
1274.	2.812306434765207
1274.5	2.8140608919992984
1275.	2.815810100013531
1275.5	2.8175534754280562
1276.	2.819290434863027
1276.5	2.821018920470952
1277.	2.822740413126684
1277.5	2.8244549192374326
1278.	2.826162445210408
1278.5	2.8278614369770136
1279.	2.8295540856105874
1279.5	2.8312410217086605
1280.	2.832922875868766
1280.5	2.8346033861136326
1281.	2.836278832645516
1281.5	2.837948603091869
1282.	2.8396120850801436
1282.5	2.841265507973017
1283.	2.842912680968629
1283.5	2.8445542550003426
1284.	2.8461908810015215
1284.5	2.847826414859661
1285.	2.8494570205723395
1285.5	2.851082067091268
1286.	2.852700923368157
1286.5	2.8543113819990125
1287.	2.855915018833532
1287.5	2.857511833365708
1288.	2.859101825089533
1288.5	2.8606833155233415
1289.	2.8622586533270473
1289.5	2.8638285091849065
1290.	2.865393553781175
1290.5	2.8669560805505143
1291.	2.8685144883266127
1291.5	2.870068798693564
1292.	2.871619033235462
1292.5	2.8731669299837796
1293.	2.87471010749628
1293.5	2.8762479007781057
1294.	2.8777796448343977
1294.5	2.87930301997296
1295.	2.880819677775208
1295.5	2.882329615125221
1296.	2.883832828907075
1296.5	2.885327559696002
1297.	2.8868162632084644
1297.5	2.888299638852078
1298.	2.8897783860344584
1298.5	2.8912532041632217
1299.	2.892724792645984
1299.5	2.8941938508903604
1300.	2.895661078303968