1076.	-17.684811528482253
1076.5	-17.634973258471433
1077.	-17.585405107761773
1077.5	-17.536105142900443
1078.	-17.487071430434604
1078.5	-17.438302036911427
1079.	-17.389795028878076
1079.5	-17.34154847288172
1080.	-17.29356043546952
1080.5	-17.245828983188645
1081.	-17.198352182586262
1081.5	-17.15112810020954
1082.	-17.10415480260564
1082.5	-17.05743572310819
1083.	-17.01096141476331
1083.5	-16.964727797403587
1084.	-16.9187307908616
1084.5	-16.872962347593283
1085.	-16.82742394175852
1085.5	-16.782113080140554
1086.	-16.73702726952262
1086.5	-16.692163876840606
1087.	-16.64752060466404
1087.5	-16.603095015715112
1088.	-16.558884672715994
1088.5	-16.514885253621873
1089.	-16.47109695982872
1089.5	-16.427518107965522
1090.	-16.384147014661256
1090.5	-16.341020966475593
1091.	-16.29808372213454
1091.5	-16.2553180102948
1092.	-16.21270655961308
1092.5	-16.170280917710908
1093.	-16.127955466694225
1093.5	-16.085693407633794
1094.	-16.043457941600384
1094.5	-16.00100905324033
1095.	-15.958594446618608
1095.5	-15.916258609375749
1096.	-15.874046029152295
1096.5	-15.832117647345154
1097.	-15.790354916335946
1097.5	-15.748755742262663
1098.	-15.707318031263293
1098.5	-15.66603640582865
1099.	-15.624913369202774
1099.5	-15.583948140982526
1100.	-15.543139940764767
1100.5	-15.502491606498335
1101.	-15.461997292087323
1101.5	-15.421654769787807
1102.	-15.381461811855853
1102.5	-15.341411514472862
1103.	-15.301508196399446
1103.5	-15.26175150032155
1104.	-15.222141068925112
1104.5	-15.182681870246943
1105.	-15.143366091481768
1105.5	-15.104191245175182
1106.	-15.065154843872774
1106.5	-15.026250030648097
1107.	-14.987480435307603
1107.5	-14.948845318185704
1108.	-14.910343939616812
1108.5	-14.871974803374206
1109.	-14.833738228977879
1109.5	-14.795633779386696
1110.	-14.757661017559517
1110.5	-14.719821959672037
1111.	-14.682112734179556
1111.5	-14.644531922754206
1112.	-14.60707810706812
1112.5	-14.569747941218244
1113.	-14.532542705481966
1113.5	-14.495461752561488
1114.	-14.45850443515901
1114.5	-14.421670113347405
1115.	-14.384958129509943
1115.5	-14.348367833400559
1116.	-14.311898574773192
1116.5	-14.27554930133239
1117.	-14.239319925701233
1117.5	-14.203209958453414
1118.	-14.167218910162624
1118.5	-14.131347854365032
1119.	-14.095594113486865
1119.5	-14.059956572916825
1120.	-14.024434118043615
1120.5	-13.989021755455829
1121.	-13.953723800862322
1121.5	-13.918540691171843
1122.	-13.883472863293136
1122.5	-13.848523858868907
1123.	-13.81368976818036
1123.5	-13.778969786242659
1124.	-13.744363108070969
1124.5	-13.709868950093961
1125.	-13.675486477347887
1125.5	-13.641214876282504
1126.	-13.607053333347574
1126.5	-13.572997949233583
1127.	-13.539052230453272
1127.5	-13.50521659776011
1128.	-13.471491471907568
1128.5	-13.43788025220764
1129.	-13.404379189431856
1129.5	-13.370987512910272
1130.	-13.337704451972943
1130.5	-13.304526051907278
1131.	-13.27145599970304
1131.5	-13.238494798307352
1132.	-13.205642950667325
1132.5	-13.172902413536882
1133.	-13.140271654533615
1133.5	-13.10775059508192
1134.	-13.075339156606196
1134.5	-13.043040597973464
1135.	-13.010850168188442
1135.5	-12.978766453698478
1136.	-12.946788040950917
1136.5	-12.914906838748658
1137.	-12.883130782241274
1137.5	-12.851461128933888
1138.	-12.819899136331623
1138.5	-12.788449259567454
1139.	-12.757108279467516
1139.5	-12.725876174485796
1140.	-12.69475292307628
1140.5	-12.66374207634586
1141.	-12.63283861103445
1141.5	-12.60204107653487
1142.	-12.571348022239944
1142.5	-12.540750925458902
1143.	-12.51025823650159
1143.5	-12.47987133359427
1144.	-12.449591594963195
1144.5	-12.419423826331094
1145.	-12.389364607429167
1145.5	-12.359413945485086
1146.	-12.32957184772652
1146.5	-12.299610263882366
1147.	-12.269848481678578
1147.5	-12.240377731342335
1148.	-12.211289243100815
1148.5	-12.182629934968961
1149.	-12.154553074271085
1149.5	-12.127167616119266
1150.	-12.100582515625575
1150.5	-12.075680922520474
1151.	-12.0514879194503
1151.5	-12.027802783679775
1152.	-12.00442479247362
1152.5	-11.98063750250727
1153.	-11.956962199870446
1153.5	-11.933404450063591
1154.	-11.909969818587138
1154.5	-11.886685219366905
1155.	-11.863526330107796
1155.5	-11.840490176940094
1156.	-11.817573785994087
1156.5	-11.794767116322006
1157.	-11.77207708796341
1157.5	-11.7495035538798
1158.	-11.727046367032681
1158.5	-11.704704350793481
1159.	-11.682478799549813
1159.5	-11.660369978099215
1160.	-11.638378151239223
1160.5	-11.616503947008226
1161.	-11.594747121666567
1161.5	-11.573107794715444
1162.	-11.551586085656051
1162.5	-11.530171889475204
1163.	-11.508879639994234
1163.5	-11.487713546520089
1164.	-11.466677818359718
1164.5	-11.445807118064986
1165.	-11.425063020399962
1165.5	-11.40443755337363
1166.	-11.38392274499497
1166.5	-11.363474629173568
1167.	-11.343135625657569
1167.5	-11.322912160095719
1168.	-11.30281065813676
1168.5	-11.282858748419631
1169.	-11.26303317240681
1169.5	-11.243331874550963
1170.	-11.223752799304759
1170.5	-11.204282517671666
1171.	-11.184934896933235
1171.5	-11.16571243092181
1172.	-11.146617613469738
1172.5	-11.12765971499723
1173.	-11.108831742113628
1173.5	-11.090133478016133
1174.	-11.07156470590195
1174.5	-11.053120408949829
1175.	-11.034807090382808
1175.5	-11.01662645340547
1176.	-10.998580201222401
1176.5	-10.980674754087078
1177.	-10.962905211335634
1177.5	-10.945271389353103
1178.	-10.927773104524508
1178.5	-10.91040521196699
1179.	-10.893174473840624
1179.5	-10.876082691037592
1180.	-10.859131664450077
1180.5	-10.842328078755386
1181.	-10.825666897546535
1181.5	-10.809147968201657
1182.	-10.792771138098885
1182.5	-10.77653113182823
1183.	-10.760434968671206
1183.5	-10.744484545121194
1184.	-10.728681757671586
1184.5	-10.713033549175494
1185.	-10.697534751222683
1185.5	-10.682185241762648
1186.	-10.666984898744884
1186.5	-10.651928315569698
1187.	-10.637022768555445
1187.5	-10.622270249471296
1188.	-10.607672750086419
1188.5	-10.59323748259578
1189.	-10.578959130172432
1189.5	-10.564837596415229
1190.	-10.550872784923019
1190.5	-10.53706191448855
1191.	-10.523408647439219
1191.5	-10.509913961296313
1192.	-10.496578833581127
1192.5	-10.483406991572839
1193.	-10.470395563131696
1193.5	-10.45754442587584
1194.	-10.444853457423406
1194.5	-10.432316926700413
1195.	-10.419942563493962
1195.5	-10.407732488899041
1196.	-10.395688824010634
1196.5	-10.383822148520053
1197.	-10.372122741487425
1197.5	-10.360589340569204
1198.	-10.34922068342184
1198.5	-10.3380128499523
1199.	-10.32696829866632
1199.5	-10.316086830320154
1200.	-10.305368245670051
1200.5	-10.29480647758861
1201.	-10.284409541869195
1201.5	-10.274179586421512
1202.	-10.264118759155275
1202.5	-10.2542380791448
1203.	-10.244527274669348
1203.5	-10.23498494517279
1204.	-10.225609690098992
1204.5	-10.216394242507764
1205.	-10.207345414780658
1205.5	-10.198464152915165
1206.	-10.189751402908772
1206.5	-10.181301440387402
1207.	-10.172984549868747
1207.5	-10.164764345498927
1208.	-10.156604441424065
1208.5	-10.148793285993913
1209.	-10.140839725469506
1209.5	-10.132577440315512
1210.	-10.123840110996596
1210.5	-10.113559537977025
1211.	-10.102832033722033
1211.5	-10.091852030696444
1212.	-10.08081396136509
1212.5	-10.070402972554161
1213.	-10.06012649662258
1213.5	-10.049982680290631
1214.	-10.039969670278598
1214.5	-10.030078089972204
1215.	-10.020316618760118
1215.5	-10.010686412696451
1216.	-10.001188627835312
1216.5	-9.991830491206454
1217.	-9.982604659498083
1217.5	-9.97350986037405
1218.	-9.964544821498201
1218.5	-9.955702775640107
1219.	-9.946990143315615
1219.5	-9.938407850146287
1220.	-9.92995682175369
1220.5	-9.92164836047246
1221.	-9.913468864525857
1221.5	-9.905415108850217
1222.	-9.897483868381872
1222.5	-9.889661365574785
1223.	-9.881959148840611
1223.5	-9.874378214108635
1224.	-9.86691955730814
1224.5	-9.859589993451277
1225.	-9.852382371751313
1225.5	-9.84529536050439
1226.	-9.838327628006642
1226.5	-9.831469787089034
1227.	-9.824731783698944
1227.5	-9.81811550831858
1228.	-9.81162285143015
1228.5	-9.805271648484045
1229.	-9.79904146700701
1229.5	-9.792927819493976
1230.	-9.786926218439874
1230.5	-9.78100808266097
1231.	-9.775202655802325
1231.5	-9.769515087830342
1232.	-9.763950528711415
1232.5	-9.758541019507048
1233.	-9.753254062650493
1233.5	-9.748084051670107
1234.	-9.743025380094245
1234.5	-9.738046371991562
1235.	-9.733177918134
1235.5	-9.728424839833796
1236.	-9.72379195840319
1236.5	-9.719307151062083
1237.	-9.714942960851985
1237.5	-9.710694986722068
1238.	-9.706558827621505
1238.5	-9.702513646572383
1239.	-9.698578052821794
1239.5	-9.694754219689747
1240.	-9.691044320496248
1240.5	-9.687463284379247
1241.	-9.683995426513631
1241.5	-9.680637817892231
1242.	-9.677387529507879
1242.5	-9.674223075996899
1243.	-9.671167507251228
1243.5	-9.668225316806296
1244.	-9.665400998197539
1244.5	-9.662718793604153
1245.	-9.660155548460297
1245.5	-9.657707856843894
1246.	-9.655372312832869
1246.5	-9.653132806324603
1247.	-9.651003717249782
1247.5	-9.648986721358543
1248.	-9.64708349440103
1248.5	-9.645310441829702
1249.	-9.643648617811452
1249.5	-9.642093806215497
1250.	-9.640641790911047
1250.5	-9.63925937871643
1251.	-9.637982921372101
1251.5	-9.636819793567632
1252.	-9.635777369992589
1252.5	-9.634900626678126
1253.	-9.634144296435595
1253.5	-9.63350071341793
1254.	-9.632962211778068
1254.5	-9.6324830007054
1255.	-9.632108789301823
1255.5	-9.631847161705688
1256.	-9.63170570205535
1256.5	-9.63172366664832
1257.	-9.631864298600126
1257.5	-9.63212251318546
1258.	-9.632493225679006
1258.5	-9.632955863596834
1259.	-9.633527025075702
1259.5	-9.63420782049375
1260.	-9.634999360229113
1260.5	-9.635902646037179
1261.	-9.636918940367938
1261.5	-9.638049397048627
1262.	-9.639295169906486
1262.5	-9.640666573898413
1263.	-9.642151937270121
1263.5	-9.643748749396982
1264.	-9.64545449965437
1264.5	-9.647258139541627
1265.	-9.64916911146057
1265.5	-9.651188319936981
1266.	-9.65331666949665
1266.5	-9.655545155900885
1267.	-9.657888555945737
1267.5	-9.660351737662783
1268.	-9.662939569083594
1268.5	-9.665675908110646
1269.	-9.668539036956258
1269.5	-9.671526227703644
1270.	-9.674634752436022
1270.5	-9.677862959235762
1271.	-9.681206613787264
1271.5	-9.684662557774084
1272.	-9.688227632879778
1272.5	-9.691878354627239
1273.	-9.695640021324946
1273.5	-9.69951760512072
1274.	-9.70351607816238
1274.5	-9.707661176458226
1275.	-9.711928802751403
1275.5	-9.716315623645539
1276.	-9.720818305744256
1276.5	-9.725423326557795
1277.	-9.730141617420525
1277.5	-9.734973920573431
1278.	-9.73992097825749
1278.5	-9.74497186722291
1279.	-9.75014366139776
1279.5	-9.755441769219333
1280.	-9.760871599124927
1280.5	-9.766473034845403
1281.	-9.772203219407057
1281.5	-9.778053771129755
1282.	-9.784016308333364
1282.5	-9.790048159160126
1283.	-9.796188948178578
1283.5	-9.80244400977964
1284.	-9.808818678354223
1284.5	-9.815329541232872
1285.	-9.821966178691024
1285.5	-9.828729423943747
1286.	-9.835620110206104
1286.5	-9.842639003463686
1287.	-9.849787031052823
1287.5	-9.857065053080373
1288.	-9.864473929653187
1288.5	-9.872027703787143
1289.	-9.87970877951647
1289.5	-9.887512743784411
1290.	-9.895435183534214
1290.5	-9.903445821876952
1291.	-9.911576455120915
1291.5	-9.919833015742222
1292.	-9.92822143621699
1292.5	-9.936774074380937
1293.	-9.94545986720674
1293.5	-9.954274177026676
1294.	-9.963212366173021
1294.5	-9.972242609181343
1295.	-9.981398331299314
1295.5	-9.990685769977897
1296.	-10.000111162668055
1296.5	-10.0097085200823
1297.	-10.019445197105423
1297.5	-10.029316321883767
1298.	-10.039317022563674
1298.5	-10.049442427291487
1299.	-10.059687664213545
1299.5	-10.070047861476194
1300.	-10.080518147225774