1076.	14.267255189760593
1076.5	14.21679384176165
1077.	14.166597894885507
1077.5	14.116664647171874
1078.	14.066991396660452
1078.5	14.01757544139095
1079.	13.968414079403068
1079.5	13.919504608736517
1080.	13.870844327430998
1080.5	13.822430533526218
1081.	13.77426052506188
1081.5	13.726331600077692
1082.	13.678641056613358
1082.5	13.63118459836326
1083.	13.583961755450556
1083.5	13.536970463653079
1084.	13.49020865874866
1084.5	13.443678505309876
1085.	13.397372018801924
1085.5	13.351285443484741
1086.	13.305415023618268
1086.5	13.259784689984114
1087.	13.214351925711874
1087.5	13.169101900452821
1088.	13.12401978385822
1088.5	13.079124423052434
1089.	13.034353839224401
1089.5	12.989679731036158
1090.	12.945073797149735
1090.5	12.900349137277013
1091.	12.855699488610236
1091.5	12.811159989391498
1092.	12.766765777862892
1092.5	12.722644228578377
1093.	12.678701348943434
1093.5	12.63493538267541
1094.	12.591344573491652
1094.5	12.547924727423496
1095.	12.504677500948702
1095.5	12.461602112859023
1096.	12.41869778194621
1096.5	12.3759666960273
1097.	12.333403917258643
1097.5	12.291007476821878
1098.	12.248775405898645
1098.5	12.206704766452102
1099.	12.164794946569755
1099.5	12.12304436512063
1100.	12.081451440973757
1100.5	12.04001384849651
1101.	11.99873104886023
1101.5	11.957601758734606
1102.	11.916624694789324
1102.5	11.875796861496339
1103.	11.835119372602167
1103.5	11.794591629655585
1104.	11.754213034205378
1104.5	11.713983998390036
1105.	11.673902508932745
1105.5	11.633967563146399
1106.	11.594178158343896
1106.5	11.554534407182668
1107.	11.51503374549326
1107.5	11.475674724450755
1108.	11.436455895230234
1108.5	11.397372774423559
1109.	11.358428161622319
1109.5	11.31962182183488
1110.	11.280953520069614
1110.5	11.242424996267706
1111.	11.204033250531577
1111.5	11.165777257896469
1112.	11.127655993397623
1112.5	11.089666306488525
1113.	11.051810148018872
1113.5	11.014087343256604
1114.	10.97649771746966
1114.5	10.939042611413798
1115.	10.901719728674022
1115.5	10.864528288323147
1116.	10.82746750943399
1116.5	10.790535399893264
1117.	10.753732874434332
1117.5	10.717059636604453
1118.	10.680515389950886
1118.5	10.64409986839808
1119.	10.607812732965227
1119.5	10.571653675048708
1120.	10.535622386044908
1120.5	10.499718469442294
1121.	10.463941739708329
1121.5	10.428291923402558
1122.	10.39276874708453
1122.5	10.35737296896463
1123.	10.32210287129123
1123.5	10.286957767963544
1124.	10.251936972880783
1124.5	10.217036376528391
1125.	10.182260085584852
1125.5	10.147608783314885
1126.	10.11308315298321
1126.5	10.078688315408018
1127.	10.044418741279163
1127.5	10.010273338839971
1128.	9.976251016333773
1128.5	9.942346034865174
1129.	9.908563808671712
1129.5	9.874905104852202
1130.	9.84137069050546
1130.5	9.807964741202653
1131.	9.774683252181308
1131.5	9.741525627151303
1132.	9.708491269822513
1132.5	9.675578387533658
1133.	9.642788058914238
1133.5	9.610120166222595
1134.	9.577574591717068
1134.5	9.545149931788925
1135.	9.512847868910413
1135.5	9.4806687996867
1136.	9.44861312072296
1136.5	9.416683657691362
1137.	9.384877406503277
1137.5	9.35319379213708
1138.	9.321632239571144
1138.5	9.290189637857726
1139.	9.258868962271755
1139.5	9.227670652162054
1140.	9.196595146877437
1140.5	9.16564409946819
1141.	9.134816250101078
1141.5	9.104111552644328
1142.	9.073529960966171
1142.5	9.043071403774846
1143.	9.01273587016257
1143.5	8.982523324061574
1144.	8.952433729404085
1144.5	8.922465688250945
1145.	8.892621071154322
1145.5	8.862900386794994
1146.	8.833304143853747
1146.5	8.8036711522479
1147.	8.774228298927076
1147.5	8.745040772077445
1148.	8.71617375988517
1148.5	8.687649297524734
1149.	8.659592987398657
1149.5	8.632087278897782
1150.	8.605214621412944
1150.5	8.57963105223003
1151.	8.554615997686811
1151.5	8.530022472016112
1152.	8.50570348945075
1152.5	8.481143740534325
1153.	8.456711892664565
1153.5	8.432408289549985
1154.	8.408233274899091
1154.5	8.384180304665431
1155.	8.360259365414462
1155.5	8.336473555956681
1156.	8.31282597510258
1156.5	8.289338492369291
1157.	8.265987927578019
1157.5	8.242769871256606
1158.	8.219679913932891
1158.5	8.19669569627602
1159.	8.17383793861601
1159.5	8.151109411424184
1160.	8.12851288517186
1160.5	8.106053834793181
1161.	8.083731244511519
1161.5	8.061546803013066
1162.	8.039502198984016
1162.5	8.01760045244512
1163.	7.995841388214188
1163.5	7.974226162443587
1164.	7.952755931285687
1164.5	7.931434836343405
1165.	7.9102598541383395
1165.5	7.889230946642639
1166.	7.868348075828453
1166.5	7.847608061891066
1167.	7.827015265290234
1167.5	7.806570904708851
1168.	7.78627619882981
1168.5	7.766130589431515
1169.	7.746137782863146
1169.5	7.7262997085693925
1170.	7.7066182959949465
1170.5	7.687098531219947
1171.	7.667738064399454
1171.5	7.648537602323977
1172.	7.629497851784026
1172.5	7.610621132324201
1173.	7.591905892879285
1173.5	7.573352195138154
1174.	7.554960100789683
1174.5	7.536726340322666
1175.	7.518655639106088
1175.5	7.500749391308856
1176.	7.483008991099878
1176.5	7.465437408987493
1177.	7.4480338322653985
1177.5	7.430799024566727
1178.	7.413733749524607
1178.5	7.396840453805404
1179.	7.380117544795725
1179.5	7.363565112915411
1180.	7.3471832485843
1180.5	7.330973851419523
1181.	7.314934478964712
1181.5	7.299064497960794
1182.	7.283363275148689
1182.5	7.267824983667025
1183.	7.252456261299943
1183.5	7.237258552229284
1184.	7.222233300636892
1184.5	7.207390828467323
1185.	7.192720151034622
1185.5	7.178219161415545
1186.	7.16388575268685
1186.5	7.149971860751926
1187.	7.136119718730247
1187.5	7.122225602567918
1188.	7.108185788211044
1188.5	7.093589802416791
1189.	7.07876336999578
1189.5	7.063725466569691
1190.	7.048495067760205
1190.5	7.0329438774701885
1191.	7.017297051727662
1191.5	7.001632474841832
1192.	6.986028031121906
1192.5	6.970758630897839
1193.	6.955626322049788
1193.5	6.94063017847866
1194.	6.92576927408536
1194.5	6.911045264302923
1195.	6.896453608887277
1195.5	6.881992349126475
1196.	6.867659526308572
1196.5	6.853450392945383
1197.	6.839366894611699
1197.5	6.825408188106071
1198.	6.811573430227047
1198.5	6.797859915527155
1199.	6.78426940794938
1199.5	6.770801809190679
1200.	6.7574570209480145
1200.5	6.7442402474493095
1201.	6.731143966848173
1201.5	6.71816595982918
1202.	6.705304007076902
1202.5	6.692547450301231
1203.	6.679905884751298
1203.5	6.667380466701548
1204.	6.654972352426429
1204.5	6.6426930372203685
1205.	6.630529202729841
1205.5	6.6184778696213
1206.	6.6065360585612
1206.5	6.594694133763841
1207.	6.582958434928695
1207.5	6.571328645303078
1208.	6.559804448134306
1208.5	6.548380179405091
1209.	6.537063008533195
1209.5	6.5258547576717785
1210.	6.514757248973999
1210.5	6.503786551645888
1211.	6.492924541966583
1211.5	6.482167343268093
1212.	6.471511078882428
1212.5	6.460936283799392
1213.	6.450460905030083
1213.5	6.440087301243393
1214.	6.429817831108215
1214.5	6.4196660310949385
1215.	6.409618610950359
1215.5	6.399673458222768
1216.	6.389828460460459
1216.5	6.380079152259375
1217.	6.3704267153010985
1217.5	6.3608699783148595
1218.	6.3514077700298905
1218.5	6.3420275823228005
1219.	6.332744115516494
1219.5	6.323560733081254
1220.	6.314480798487359
1220.5	6.305524022400593
1221.	6.296670882217536
1221.5	6.287918202530271
1222.	6.279262807930879
1222.5	6.2706943862669755
1223.	6.262219753572895
1223.5	6.253838589138506
1224.	6.245550572253676
1224.5	6.237351245880428
1225.	6.2292460801676155
1225.5	6.221236408936242
1226.	6.213323566007317
1226.5	6.205518382085613
1227.	6.197808895354862
1227.5	6.190192640882564
1228.	6.182667153736219
1228.5	6.1752162474995576
1229.	6.167856667317357
1229.5	6.160591436850624
1230.	6.153423579760368
1230.5	6.146370808746669
1231.	6.139415582815831
1231.5	6.132555050013232
1232.	6.12578635838425
1232.5	6.119091907864838
1233.	6.112489493853569
1233.5	6.105982163639593
1234.	6.099572964512056
1234.5	6.093280735050288
1235.	6.087086414737185
1235.5	6.080986734345824
1236.	6.074978424649282
1236.5	6.069042414284211
1237.	6.063197557014681
1237.5	6.057446904468339
1238.	6.051793508272832
1238.5	6.046257344792228
1239.	6.040817771023183
1239.5	6.0354710686987705
1240.	6.030213519552069
1240.5	6.025024498319157
1241.	6.019923956528907
1241.5	6.014914938713196
1242.	6.0100004894039
1242.5	6.005195449546932
1243.	6.000486348694515
1243.5	5.99587151281291
1244.	5.991349267868378
1244.5	5.986912123234583
1245.	5.982566548107423
1245.5	5.978313195090197
1246.	5.9741527167862065
1246.5	5.970085711188727
1247.	5.9661129073550905
1247.5	5.9622349797326075
1248.	5.958452602768588
1248.5	5.954773330147559
1249.	5.951188205384725
1249.5	5.947695151232508
1250.	5.944292090443328
1250.5	5.940963399469201
1251.	5.93772596588312
1251.5	5.93458313095767
1252.	5.931538235965439
1252.5	5.928601099550292
1253.	5.925765994665022
1253.5	5.923033671633699
1254.	5.9204048807803975
1254.5	5.917895490650668
1255.	5.9154850860585135
1255.5	5.9131683700394175
1256.	5.910940045628859
1256.5	5.908773078831627
1257.	5.9066926045261745
1257.5	5.9047020205602605
1258.	5.902804724781646
1258.5	5.901011221965746
1259.	5.8993149602615995
1259.5	5.8977164947459055
1260.	5.8962163804953605
1260.5	5.894815123464801
1261.	5.8935133475015276
1261.5	5.892311627330981
1262.	5.891210537678603
1262.5	5.890219119965923
1263.	5.889326095543856
1263.5	5.8885286524594065
1264.	5.887823978759579
1264.5	5.887192662966969
1265.	5.886655132462756
1265.5	5.886215215103706
1266.	5.885876738746591
1266.5	5.885660521746369
1267.	5.885546605262343
1267.5	5.8855320209520015
1268.	5.8856138004728376
1268.5	5.885771419277791
1269.	5.886026487710726
1269.5	5.886383059910956
1270.	5.886845190017793
1270.5	5.887434907381926
1271.	5.888131100846741
1271.5	5.888930634466999
1272.	5.889830372297461
1272.5	5.89081837251415
1273.	5.8919038274020625
1273.5	5.893087123367458
1274.	5.894368646816592
1274.5	5.8957487674935605
1275.	5.897227895131649
1275.5	5.898806422801981
1276.	5.9004847435756815
1276.5	5.902263222291478
1277.	5.904142291545846
1277.5	5.906122355702869
1278.	5.908203819126626
1278.5	5.9103870502795015
1279.	5.912672503787954
1279.5	5.915060598376745
1280.	5.917551752770635
1280.5	5.920135560868264
1281.	5.922827596150962
1281.5	5.92563260727394
1282.	5.928555342892406
1282.5	5.931632644937389
1283.	5.934824331477952
1283.5	5.938122313858975
1284.	5.941518503425343
1284.5	5.944972928363736
1285.	5.948522136440516
1285.5	5.952170792263844
1286.	5.95592356044188
1286.5	5.9597956014548155
1287.	5.96377688568997
1287.5	5.967867879406694
1288.	5.972069048864337
1288.5	5.9763927469389255
1289.	5.98082279862646
1289.5	5.985354915539618
1290.	5.989984809291078
1290.5	5.994672707131943
1291.	5.999463998781096
1291.5	6.004368589595846
1292.	6.009396384933502
1292.5	6.0146049230888075
1293.	6.019937423306661
1293.5	6.0253847377693965
1294.	6.030937718659347
1294.5	6.036551163703958
1295.	6.042266401322407
1295.5	6.048088705478983
1296.	6.054023350137974
1296.5	6.060087484600283
1297.	6.06626975735894
1297.5	6.07257069224359
1298.	6.078990813083875
1298.5	6.085530643709439
1299.	6.092190707949927
1299.5	6.09897152963498
1300.	6.1058736325942435