1076.	-0.24359578895382894
1076.5	-0.37385759298015675
1077.	-0.49414651584316893
1077.5	-0.6051367535090928
1078.	-0.7075025019441554
1078.5	-0.8019179571145841
1079.	-0.8890573149866061
1079.5	-0.9695947715264486
1080.	-1.0442045227003387
1080.5	-1.1135607644745038
1081.	-1.178337692815171
1081.5	-1.2392095036885675
1082.	-1.2968503930609208
1082.5	-1.353008927447075
1083.	-1.4068551840451933
1083.5	-1.458633610602056
1084.	-1.5085886548644436
1084.5	-1.5572729360762023
1085.	-1.6044994618882198
1085.5	-1.6503894114484503
1086.	-1.6950639639048477
1086.5	-1.7387669048933663
1087.	-1.7814477644787592
1087.5	-1.8231786792137803
1088.	-1.8640317856511832
1088.5	-1.9041441024158052
1089.	-1.943496931159483
1089.5	-1.9821364556061365
1090.	-2.0201088594796865
1090.5	-2.0574988126349374
1091.	-2.0942986182125716
1091.5	-2.1305390654841547
1092.	-2.1662509437212543
1092.5	-2.20147873849518
1093.	-2.236234064257857
1093.5	-2.2705422317609543
1094.	-2.304428551756142
1094.5	-2.337943896673027
1095.	-2.371077790914165
1095.5	-2.403845320560048
1096.	-2.4362615716911695
1096.5	-2.4683392900093044
1097.	-2.5000968381251525
1097.5	-2.5315502382706945
1098.	-2.5627155126779115
1098.5	-2.5936287559051245
1099.	-2.624277888927438
1099.5	-2.6546709050462978
1100.	-2.6848157975631475
1100.5	-2.7147117113401635
1101.	-2.7443790274937676
1101.5	-2.773829278701112
1102.	-2.8030739976393506
1102.5	-2.832135128834563
1103.	-2.8610096283754034
1103.5	-2.8897048641994525
1104.	-2.9182282042442926
1104.5	-2.946598901070335
1105.	-2.974807684143199
1105.5	-3.0028571675513342
1106.	-3.0307499653831904
1106.5	-3.0584742334764496
1107.	-3.0860528274706356
1107.5	-3.1134941447545046
1108.	-3.140806582716813
1108.5	-3.168013303840535
1109.	-3.195102034382522
1109.5	-3.222075265693843
1110.	-3.2489354891255666
1110.5	-3.275677338545224
1111.	-3.3023143057808375
1111.5	-3.328852025176892
1112.	-3.3552961310778713
1112.5	-3.381657958344676
1113.	-3.4079351605988086
1113.5	-3.434131091978186
1114.	-3.4602491066207266
1114.5	-3.4862993184416737
1115.	-3.5122756178906895
1115.5	-3.538178655194762
1116.	-3.5640090805808784
1116.5	-3.589763517800807
1117.	-3.6154482541468433
1117.5	-3.641065550436063
1118.	-3.666617667485542
1118.5	-3.6920951087761513
1119.	-3.717516595395653
1119.5	-3.7428890910956047
1120.	-3.7682195596275636
1120.5	-3.793539561547716
1121.	-3.818821625081139
1121.5	-3.8440628752575385
1122.	-3.869260437106621
1122.5	-3.894400593609562
1123.	-3.9194956486640096
1123.5	-3.9445470641190807
1124.	-3.969556301823893
1124.5	-3.9945110844608807
1125.	-4.019432108712518
1125.5	-4.044326332094596
1126.	-4.069200712122905
1126.5	-4.09408995948403
1127.	-4.118962177254652
1127.5	-4.143813221682241
1128.	-4.168638949014272
1128.5	-4.193407097540978
1129.	-4.218152888649967
1129.5	-4.24288342577161
1130.	-4.267605812336275
1130.5	-4.2923571407272005
1131.	-4.31710252984074
1131.5	-4.341837087526115
1132.	-4.366555921632547
1132.5	-4.391231907476769
1133.	-4.415891278453487
1133.5	-4.440538035424921
1134.	-4.4651761792532865
1134.5	-4.4898173801436485
1135.	-4.51445490187824
1135.5	-4.539089677582142
1136.	-4.5637226403804325
1136.5	-4.588354971579735
1137.	-4.6129872568509676
1137.5	-4.637620330046594
1138.	-4.662255025019075
1138.5	-4.686892377958269
1139.	-4.711532939444286
1139.5	-4.736177462394627
1140.	-4.760826699726799
1140.5	-4.785481615160054
1141.	-4.8101426664894475
1141.5	-4.834810522311782
1142.	-4.8594858512238615
1142.5	-4.8841595049894115
1143.	-4.908845895771544
1143.5	-4.9335496189002965
1144.	-4.958275269705702
1144.5	-4.9830572187407185
1145.	-5.007858376023289
1145.5	-5.032671426794279
1146.	-5.057489056294555
1146.5	-5.0824389480758745
1147.	-5.1073247897438545
1147.5	-5.132085267215004
1148.	-5.1566590664058305
1148.5	-5.181057248789353
1149.	-5.205117174502967
1149.5	-5.228748579240579
1150.	-5.251861198696092
1150.5	-5.273772776826743
1151.	-5.295221837757776
1151.5	-5.316354913877763
1152.	-5.337318537575281
1152.5	-5.358624660891528
1153.	-5.379908228701402
1153.5	-5.401169605532425
1154.	-5.422409155912122
1154.5	-5.443637685942361
1155.	-5.464840941946582
1155.5	-5.486015111822568
1156.	-5.5071563834681045
1156.5	-5.52822149912507
1157.	-5.549261870609519
1157.5	-5.570289464081597
1158.	-5.591316245701451
1158.5	-5.612414669930763
1159.	-5.633512019307531
1159.5	-5.6545960646712885
1160.	-5.675654576861568
1160.5	-5.696631988022619
1161.	-5.717576743167373
1161.5	-5.738493948613476
1162.	-5.759388710678575
1162.5	-5.780278373002882
1163.	-5.801150909652452
1163.5	-5.822006532015906
1164.	-5.842845451481864
1164.5	-5.863667943369417
1165.	-5.884474129564528
1165.5	-5.905264195883629
1166.	-5.926038328143155
1166.5	-5.946796767281153
1167.	-5.967539621943794
1167.5	-5.988267055898863
1168.	-6.008979232914147
1168.5	-6.029676363531044
1169.	-6.050358546034282
1169.5	-6.071025925482202
1170.	-6.0916786469331425
1170.5	-6.1123169020924975
1171.	-6.132940770712735
1171.5	-6.153550379193374
1172.	-6.1741458539339344
1172.5	-6.194743297905875
1173.	-6.215320470308001
1173.5	-6.235871106911058
1174.	-6.256388943485789
1174.5	-6.276820407780411
1175.	-6.297225466797209
1175.5	-6.317616779515938
1176.	-6.338007004916355
1176.5	-6.358455748714122
1177.	-6.378909944458726
1177.5	-6.39936347243556
1178.	-6.4198102129300185
1178.5	-6.44024589641922
1179.	-6.460661812920142
1179.5	-6.481051102641486
1180.	-6.501406905791958
1180.5	-6.521670932867695
1181.	-6.54190832567499
1181.5	-6.562132796307573
1182.	-6.582358056859171
1182.5	-6.602648844391871
1183.	-6.6229474360437015
1183.5	-6.643247133921046
1184.	-6.663541240130291
1184.5	-6.68382501317918
1185.	-6.704089016212196
1185.5	-6.724325768775181
1186.	-6.7445277904139775
1186.5	-6.764631824617602
1187.	-6.784708477411453
1187.5	-6.8047725787641005
1188.	-6.824838958644117
1188.5	-6.84499754022266
1189.	-6.865158022984681
1189.5	-6.8853051996177195
1190.	-6.905423862809312
1190.5	-6.925442056912142
1191.	-6.945424022282543
1191.5	-6.965377250941997
1192.	-6.985309234911981
1192.5	-7.00522543506324
1193.	-7.025136187028283
1193.5	-7.045049795288888
1194.	-7.064974564326828
1194.5	-7.084980707429788
1195.	-7.10498985675127
1195.5	-7.124985553250683
1196.	-7.14495133788744
1196.5	-7.1648094168957694
1197.	-7.184629199850337
1197.5	-7.204418761600625
1198.	-7.224186176996117
1198.5	-7.243959809914295
1199.	-7.2637193305654435
1199.5	-7.283464698187846
1200.	-7.303195872019787
1200.5	-7.322912833544207
1201.	-7.342615510856869
1201.5	-7.362303854298194
1202.	-7.3819778142086
1202.5	-7.401637354283337
1203.	-7.421282406166066
1203.5	-7.440912914855276
1204.	-7.460528825349457
1204.5	-7.48013010281138
1205.	-7.499716664009538
1205.5	-7.519288445876712
1206.	-7.538845385345676
1206.5	-7.558387426859908
1207.	-7.577914496837205
1207.5	-7.5974265292060625
1208.	-7.616923457894977
1208.5	-7.636405235189697
1209.	-7.655871769318567
1209.5	-7.675322986867183
1210.	-7.6947588144211405
1210.5	-7.7141791922026615
1211.	-7.7335840277060655
1211.5	-7.752973242062298
1212.	-7.772346756402304
1212.5	-7.791704493013631
1213.	-7.811046371407983
1213.5	-7.830372312253662
1214.	-7.849682236218975
1214.5	-7.868976091760423
1215.	-7.888253760642836
1215.5	-7.9075151524192355
1216.	-7.926760176642649
1216.5	-7.94601643014373
1217.	-7.965245060286822
1217.5	-7.984434901713902
1218.	-8.003574789066942
1218.5	-8.02257113035941
1219.	-8.041528157513188
1219.5	-8.060467675821652
1220.	-8.079411490578181
1220.5	-8.098492190799067
1221.	-8.117576484565603
1221.5	-8.136641863681998
1222.	-8.15566581995246
1222.5	-8.174512573666547
1223.	-8.193318196748981
1223.5	-8.212105489609836
1224.	-8.230897252659183
1224.5	-8.249832111931969
1225.	-8.26877071196344
1225.5	-8.287689522913713
1226.	-8.306565014942908
1226.5	-8.325255280225315
1227.	-8.343902518101217
1227.5	-8.362530549925072
1228.	-8.381163197051329
1228.5	-8.399945281297965
1229.	-8.418731223370504
1229.5	-8.437496444437988
1230.	-8.456216365669466
1230.5	-8.47477503326741
1231.	-8.493275793354062
1231.5	-8.511730617085101
1232.	-8.530151475616197
1232.5	-8.548547644418827
1233.	-8.566934868606541
1233.5	-8.585326197608694
1234.	-8.603734680854638
1234.5	-8.622271507645168
1235.	-8.640812331589618
1235.5	-8.659330946168764
1236.	-8.677801144863379
1236.5	-8.696099286446778
1237.	-8.714335572990183
1237.5	-8.732522771857354
1238.	-8.75067365041205
1238.5	-8.76883323237693
1239.	-8.786969126213293
1239.5	-8.805081196741348
1240.	-8.823169308781294
1240.5	-8.841233341003802
1241.	-8.859273138838416
1241.5	-8.87728856156515
1242.	-8.895279468464015
1242.5	-8.913245712830955
1243.	-8.931187162323683
1243.5	-8.949103678615838
1244.	-8.966995123381064
1244.5	-8.98486137545979
1245.	-9.00270227249215
1245.5	-9.020517669285079
1246.	-9.038307420645495
1246.5	-9.056071374838451
1247.	-9.073809395829503
1247.5	-9.091521341042325
1248.	-9.109207067900595
1248.5	-9.126905200467004
1249.	-9.144561322870612
1249.5	-9.162159785879487
1250.	-9.179684940261701
1250.5	-9.19700564536887
1251.	-9.214267939952107
1251.5	-9.231502371346064
1252.	-9.248739486885398
1252.5	-9.266124572726893
1253.	-9.283527541854221
1253.5	-9.300933046073187
1254.	-9.318325737189593
1254.5	-9.335693361081974
1255.	-9.353016237854309
1255.5	-9.370277781683306
1256.	-9.387461406745675
1256.5	-9.40442807420902
1257.	-9.4213326324628
1257.5	-9.438207476887367
1258.	-9.455085002863076
1258.5	-9.472161961158701
1259.	-9.489240649610801
1259.5	-9.506287721444359
1260.	-9.523269829884358
1260.5	-9.539986104451737
1261.	-9.556637731557137
1261.5	-9.57325837390716
1262.	-9.589881694208405
1262.5	-9.606712096911625
1263.	-9.623544206281604
1263.5	-9.640343388327281
1264.	-9.657075009057595
1264.5	-9.67357560183895
1265.	-9.689990898379829
1265.5	-9.706337797746185
1266.	-9.722633199003969
1266.5	-9.738936672323273
1267.	-9.75520537722425
1267.5	-9.77143914433119
1268.	-9.787637804268389
1268.5	-9.803754350800093
1269.	-9.81985418615466
1269.5	-9.835955875700405
1270.	-9.852077984805636
1270.5	-9.868378765271872
1271.	-9.884681221460939
1271.5	-9.900948044167867
1272.	-9.917141924187685
1272.5	-9.933086715173907
1273.	-9.948939479919689
1273.5	-9.964718444076665
1274.	-9.980441833296474
1274.5	-9.996173883614901
1275.	-10.011868406145776
1275.5	-10.02752522238708
1276.	-10.043144153836788
1276.5	-10.058775360377716
1277.	-10.074348189769072
1277.5	-10.089842328154903
1278.	-10.105237461679256
1278.5	-10.120363149908878
1279.	-10.135409256196029
1279.5	-10.15041551731567
1280.	-10.165421670042765
1280.5	-10.180616703368463
1281.	-10.195831400965066
1281.5	-10.21104579872106
1282.	-10.226239932524933
1282.5	-10.241344375530158
1283.	-10.256408411454245
1283.5	-10.271431861279686
1284.	-10.286414545988974
1284.5	-10.301410284664668
1285.	-10.316343300949173
1285.5	-10.331191816584957
1286.	-10.345934053314489
1286.5	-10.360387199632646
1287.	-10.374754923828524
1287.5	-10.389079860943632
1288.	-10.403404646019473
1288.5	-10.417987896381826
1289.	-10.432569871874215
1289.5	-10.447106814624437
1290.	-10.461554966760291
1290.5	-10.475707673698743
1291.	-10.489749232962753
1291.5	-10.503701045364448
1292.	-10.51758451171596
1292.5	-10.5314172297838
1293.	-10.54522592464396
1293.5	-10.559033518326814
1294.	-10.57286293286274
1294.5	-10.586909513718068
1295.	-10.600954790112835
1295.5	-10.614952714703037
1296.	-10.628857240144665
1296.5	-10.642450863546156
1297.	-10.655927575330084
1297.5	-10.669309910371467
1298.	-10.682620403545322
1298.5	-10.695881589726664
1299.	-10.709116003790509
1299.5	-10.722346180611877
1300.	-10.735594655065784